1 0.5171143125 0.5169659124935639 0.012680771868563903 0.03180210000965413
1 0.48487690624999996 0.48426599637491285 0.016353668277816466 0.025587845604398928
1 0.54935171875 0.5477069531250001 0.04046123437500005 0.0544154263743498
1 0.42249471074428463 0.5077391484375 0.01037589424142696 0.024671484375000042
1 0.5306915882890951 0.5240223281249999 0.030263687500000042 0.04391524218749998
1 0.416783609375 0.5092194375 0.014802890625000013 0.026151773437500036
1 0.40198071874999997 0.5309303437499999 0.012829171875000019 0.027632062500000033
1 0.32007139062499995 0.5847141796875 0.059790521294764136 0.06217214062499998
1 0.5022497394438967 0.506258859375 0.0065173800688966685 0.016776609375000008
1 0.5040620834407668 0.5047785703125001 0.013592974065766702 0.01924375781250003
1 0.9825324180850382 0.6286210560829582 0.03493516382992361 0.06709807170795816
1 0.39934909375 0.5177487362968444 0.033506231756930835 0.037007226562499974
1 0.50329828125 0.5008311328125 0.013816031250000017 0.01924375781250003
1 0.34474287557436384 0.5575755460134543 0.06019842302372756 0.07056044531249998
1 0.5549258967483909 0.5585624062499999 0.04063697609806927 0.04438163418508649
1 0.578628546875 0.5931024843749999 0.06348795312500002 0.07056044531249998
1 0.507903625 0.506258859375 0.016223377397692217 0.018739130394807457
1 0.44595077520084137 0.5118510830047175 0.027522424324038397 0.03273084920525839
1 0.500337703125 0.4939231171874999 0.011842312500000023 0.013458377376090614
1 0.43591350518246796 0.502311421875 0.011361536451867 0.008786847641700745
2 0.5608650737389437 0.5082325781250001 0.00953964062499999 0.030921591556971873
1 0.15140067578125 0.6745183828125001 0.3028013515625 0.16431208593750002
1 0.292439328125 0.6153068203125 0.07730398437500004 0.07845532031250002
1 0.45165264062500005 0.48931778211815447 0.010197546875000008 0.011842322916785265
1 0.416783609375 0.513166875 0.009758944535847646 0.03059264062500002
1 0.48125842187500006 0.5102062968750001 0.023026718750000025 0.027632062500000033
1 0.488495390625 0.6014907890624999 0.06348795312500002 0.07450788281250001
1 0.5545491518084869 0.5023114218749999 0.02921101118348683 0.023684600328268867
1 0.4322443878287724 0.5056667603291048 0.011184406250000004 0.011447552170895126
1 0.43976333773053233 0.4970951673603993 0.008646772220798423 0.006062142706197715
1 0.5376049087410656 0.5384750427990983 0.03853703540177591 0.0516668634509017
1 0.483890046875 0.492442828125 0.012829171875000019 0.013980497943906212
1 0.3810647798108073 0.596268654091211 0.07171178124999997 0.11616156815371097
2 0.8118563124999999 0.6064250859375001 0.032237406249999975 0.09671221875000002
1 0.3792092311290932 0.5342737685686398 0.02861892187499997 0.02801490919363987
2 0.29145246875 0.6261622734375 0.030263687499999983 0.10115308593750001
1 0.56316775 0.5723784375000001 0.055360875585231284 0.06478441494034692
1 0.3875873413382698 0.5282114458898095 0.026235689911730198 0.03059264062500002
1 0.514153734375 0.5077391484375 0.014376408631962257 0.02220433593750002
