1 0.12469385613770173 0.7739444241360043 0.24938771227540346 0.43261440388475786
2 0.898370984375 0.6824132578125 0.015131843749999992 0.18552956250000002
1 0.4861269139142818 0.5034956424669612 0.005592203125000002 0.005230338700442072
2 0.7853426835196409 0.55066753125 0.02177671108571815 0.09296214246696141
1 0.5181011718749999 0.5097128671875 0.008223828125000015 0.011348882812499994
1 0.247701703125 0.5580689765625 0.069409109375 0.05970499218749996
2 0.93488478125 0.6908015625 0.033553218750000016 0.19145071875
1 0.4302706875000001 0.5131667270080917 0.010197546875000008 0.012335742187500021
1 0.4592185625 0.7579079999999999 0.28684712500000004 0.39721089843750007
1 0.372703890625 0.5129201268525769 0.013158124999999998 0.012335742187500021
1 0.50592990625 0.5083970327569263 0.008223828125000015 0.011348882812499994
1 0.386519921875 0.52106175 0.022697765624999987 0.024671484375000042
1 0.33290056250000005 0.54672009375 0.06809329687500003 0.07105387500000004
1 0.4105335 0.5146471640625 0.013816031250000017 0.01529632031250001
1 0.4613236130409089 0.5094152658468737 0.008092184510227203 0.010362023437499968
1 0.5296145921175887 0.5124266848180585 0.013816031249999956 0.01529632031250001
1 0.45932826684085104 0.5122620540343081 0.006908015624999978 0.011074621960372167
1 0.406915015625 0.52106175 0.008881734374999973 0.013322601562499958
1 0.450336828125 0.5126734453124999 0.008223828125000015 0.012335742187500021
1 0.401651765625 0.5220486093750001 0.008223828125000015 0.01529632031250001
1 0.4549421718750001 0.5146471640625 0.013816031250000017 0.00937516406250003
1 0.476324125 0.503721214335985 0.005592203125000002 0.008388304687500004
