1 0.51382478125 0.492442828125 0.010526499999999987 0.019737187499999996
1 0.46810029687499993 0.49540340625 0.020066140624999975 0.027138632812499973
1 0.3085580312500001 0.5807667421875001 0.06644853125000001 0.09967279687500001
1 0.478626796875 0.49540340625 0.010526499999999987 0.018750328124999972
1 0.260201921875 0.5965564921875 0.08256723437500003 0.11792969531250001
1 0.09564312109375 0.8330650390625 0.1912862421875 0.33386992187500003
2 0.5934314374999999 0.4939231171874999 0.014144984375000055 0.041448093749999956
2 0.6628405468749999 0.5353712109375 0.018092421875000042 0.041448093749999956
1 0.536522546875 0.49540340625 0.029276828125000046 0.032566359374999986
1 0.508890484375 0.4810939453125 0.007565921874999996 0.008388304687500004
1 0.5003377031249999 0.48553481249999997 0.010526499999999987 0.011348882812499994
1 0.446389390625 0.4909625390625 0.024671484374999983 0.011348882812499994
1 0.46546867187499996 0.5008311328125 0.021052999999999975 0.027138632812499973
4 0.29539990625000007 0.595076203125 0.03618484375000002 0.14950919531249998
1 0.521390703125 0.49540340625 0.013158124999999998 0.022697765624999987
1 0.4766529498191676 0.48479437928062713 0.007565921874999996 0.007648063926875714
2 0.55856240625 0.48800196093750003 0.005592203125000002 0.022697765624999987
1 0.44540253125000007 0.5111931562499998 0.03618484375000002 0.03848751562499997
1 0.521390703125 0.5264894765625 0.10460709375000003 0.054277265625000036
1 0.6352084843749999 0.6162936796875 0.11480464062499998 0.11940998437500001
1 0.48619271875 0.49540340625 0.011513359374999983 0.01578974999999998
1 0.5934314374999999 0.5748455859374999 0.07598817187499994 0.09276478125000001
1 0.7197494375000001 0.685867265625 0.20427989062500002 0.20477332031250003
1 0.48865980303458373 0.48479437928062713 0.008552781249999994 0.011348882812499994
2 0.418757328125 0.49540340625 0.004605343750000005 0.022697765624999987
1 0.191779671875 0.630603140625 0.146384140625 0.1564172109375
1 0.42879046259041614 0.5030512777181271 0.013158124999999998 0.0219575248643757
1 0.20131931249999999 0.5082325781249999 0.05329040625000001 0.041448093749999956
