1 0.4891532968749999 0.4840545234375 0.008552781249999994 0.018750328124999972
1 0.812843171875 0.7544539921875 0.3125054687499999 0.2960578125000001
1 0.454942171875 0.4870151015625 0.015131843749999992 0.019737187499999996
1 0.36842749999999996 0.527969765625 0.027632062499999974 0.037007226562499974
1 0.268754703125 0.58224703125 0.07697503124999999 0.08684362500000002
1 0.463494953125 0.4870151015625 0.007565921874999996 0.01578974999999998
1 0.34671659375 0.527969765625 0.04079018750000003 0.02861892187499997
1 0.431257546875 0.5353712109375 0.04473762500000002 0.04835610937499997
1 0.63159 0.604944796875 0.10065965625000003 0.12829171874999998
2 0.508232578125 0.492442828125 0.014144984374999996 0.03108607031249999
2 0.6039579375 0.52106175 0.013158124999999998 0.037007226562499974
1 0.5072457187499999 0.4880019609374999 0.023684624999999983 0.027138632812499973
1 0.48619271875 0.4766530781249999 0.004605343750000005 0.004440867187499986
1 0.47665307812499996 0.47961365625 0.007565921874999996 0.008388304687500004
1 0.43224440624999994 0.5008311328125 0.0029605781249999906 0.01282917187499999
1 0.4549421718749999 0.4909625390625 0.010526499999999987 0.019737187499999996
1 0.17862154687499998 0.61777396875 0.12171265624999998 0.135199734375
4 0.39408584375 0.5264894765625 0.015131843749999992 0.054277265625000036
1 0.4967192187499999 0.4870151015625 0.010526499999999987 0.022697765624999987
1 0.454942171875 0.4791204510920927 0.007565921874999996 0.004440867187499986
2 0.529943484375 0.4840545234375 0.004605343750000005 0.021217476562499994
1 0.4434288125 0.4939231171874999 0.024671484374999983 0.027138632812499973
1 0.29539990625 0.5195814609374999 0.04473762500000002 0.03552693749999998
1 0.5450753281249999 0.5482003828125 0.05329040624999995 0.05674441406249997
1 0.46810029687500004 0.48553481249999997 0.004605343750000005 0.008388304687500004
1 0.46908715624999997 0.46382390625000003 0.018092421874999983 0.01282917187499999
1 0.5355356874999999 0.5324106328125 0.04276390624999996 0.05131668749999996
1 0.5671151875 0.5610295546875 0.06644853124999996 0.06414585937500003
1 0.46645553124999994 0.476653078125 0.008552781249999994 0.011348882812499994
2 0.4092176875 0.4870151015625 0.006579062499999999 0.017270039062499975
1 0.3276373125 0.5407989375 0.055922031250000025 0.054277265625000036
1 0.35132193749999996 0.5906353359375001 0.10065965624999998 0.102633375
1 0.422704765625 0.49540340625 0.018092421874999983 0.019737187499999996
1 0.6779723906249998 0.6547811953125 0.15197634375 0.16677923437499995
