2 0.4911523106799885 0.5619784714800172 0.018092421874999983 0.08395895405436855
2 0.1250021875 0.717446765625 0.052961453125 0.22796451562500009
2 0.631261046875 0.5975433515625002 0.04671134375000001 0.16727266406250002
2 0.29671571874999997 0.610865953125 0.03519798437499997 0.14852233593749994
2 0.10164651562499999 0.5837273203125001 0.03223740625000001 0.10806110156250001
2 0.6690906562500001 0.670077515625 0.049342968749999966 0.14309460937500001
2 0.9776486875000001 0.63356371875 0.038816468750000034 0.16727266406250002
2 0.7324141636519327 0.5299434843750002 0.006250109374999961 0.014802890625000042
1 0.238491015625 0.563496703125 0.03782960937500001 0.054277265625000036
1 0.9628457968749999 0.527969765625 0.011513359374999983 0.008388304687500004
2 0.39474375000000006 0.636524296875 0.05131668750000002 0.12138370312499998
2 0.17089101520482275 0.6343038854866963 0.028783373764781985 0.12064346237014974
2 0.429941734375 0.62172140625 0.029605781250000025 0.1238508515625
2 0.020724046875 0.5945827734375 0.034211125 0.11743626562500005
1 0.40066490625000006 0.5536281093750001 0.089146296875 0.06562614843750003
2 0.202306171875 0.670077515625 0.04407971875 0.17516753906249996
1 0.048109394531249995 0.579286453125 0.09621878906249999 0.06414585937500003
1 0.7000862644716286 0.5368514999999999 0.0512426730283714 0.037007226562499974
2 0.133226015625 0.6434323125 0.062830046875 0.2684257499999999
2 0.523364421875 0.7976614589843749 0.20954314062500004 0.4046770820312501
2 0.0513166875 0.644419171875 0.040461234374999995 0.17812811718750005
1 0.49700705533856987 0.5510992861328547 0.07639935807286022 0.058224703124999964
1 0.9851236210937501 0.5264894765625 0.029752757812500027 0.027138632812499973
