1 0.45560007812500003 0.4746793593749999 0.009868593750000028 0.013322601562499958
1 0.4197461605102649 0.48208080468750003 0.012829171875000019 0.01924375781250003
1 0.32566359375 0.5013245625 0.020395093750000017 0.032072929687500015
1 0.41546904092117487 0.4712254206761764 0.005921156249999981 0.008881734374999973
1 0.15921331249999998 0.57435215625 0.16710818749999998 0.18454270312499998
1 0.3495137664190981 0.4791202265625 0.012089256866592457 0.01924375781250003
1 0.385204109375 0.48208080468750003 0.012829171875000019 0.016283179687500038
1 0.418428375 0.4692516328124999 0.008881734374999973 0.010362023437499968
1 0.43882346875 0.47023849218749997 0.007894874999999975 0.013322601562499958
1 0.39408584375 0.46777134374999996 0.007894874999999975 0.007401445312499977
1 0.40855978125000003 0.48504138281250003 0.021381953125000012 0.02220433593750002
1 0.3871804136836347 0.4682660662168175 0.01036363941164667 0.007402414896988052
1 0.42632325 0.47467935937499994 0.009868593750000028 0.011842312499999962
1 0.413494078125 0.47023849218749997 0.010855453125000025 0.007401445312499977
1 0.47303459374999995 0.5699112890625001 0.07335654687499998 0.09375164062500004
1 0.4661265781250001 0.4791202265625 0.017434515625000025 0.014802890625000042
1 0.30592640625 0.5333974921875001 0.06151423437499996 0.063159
1 0.371388078125 0.47319907031249997 0.019408234375000017 0.011842312499999962
1 0.4026386249999999 0.4776399374999999 0.008881734374999973 0.013322601562499958
1 0.5013245625 0.48208080468750014 0.007894874999999975 0.014802890625000042
1 0.30691326562499993 0.4939231171875 0.03125054687499998 0.01924375781250003
1 0.01274693359375 0.5817536015625 0.0254938671875 0.12187713281249994
1 0.352966703125 0.47763993749999994 0.009868593750000028 0.01924375781250003
1 0.5111931562500001 0.48208080468750003 0.01578975000000001 0.011842312499999962
1 0.495732359375 0.48356109375 0.007894874999999975 0.011842312499999962
1 0.510206296875 0.48208080468750014 0.012829171875000019 0.014802890625000042
1 0.46250809375000007 0.46333047656249987 0.009868593750000028 0.013322601562499958
1 0.38224353125 0.47319907031249997 0.005921156249999981 0.008881734374999973
1 0.147699953125 0.5230354687500001 0.07927770312500002 0.06019842187500002
1 0.35987471875000004 0.47763993749999994 0.005921156249999981 0.016283179687500038
1 0.4653066731395249 0.504285140625 0.03125054687499998 0.040955633646987975
1 0.37632237500000004 0.48356109375 0.019408234375000017 0.01924375781250003
1 0.43290231249999994 0.47023849218749997 0.005921156249999981 0.008881734374999973
1 0.45066578124999995 0.47023849218749997 0.008881734374999973 0.010362023437499968
