2 0.69540690625 0.520074890625 0.006908015625000038 0.02861892187499997
1 0.21623191118406798 0.5501741015625001 0.07072489555927633 0.06743546299324014
1 0.3829014375 0.5141537343749999 0.014802890625000013 0.01282917187499999
1 0.43076429811895606 0.5087260078124999 0.010526434206743278 0.010362023437499968
1 0.27857667594330204 0.5386841738907032 0.05296145312500003 0.048426495412625045
1 0.45856065625000003 0.5087260078124999 0.011184406250000004 0.01282917187499999
1 0.339150671875 0.5245157578125 0.025987296875000017 0.016776609375000008
1 0.09720625702512474 0.5580690259074426 0.07664604522837164 0.05304337066412348
1 0.4141519843749999 0.514153734375 0.014144984374999996 0.013816031250000017
1 0.300334203125 0.528956625 0.009868593750000028 0.014802890625000042
2 0.665801125 0.51908803125 0.008223828124999954 0.03898094531250003
