1 0.090462109375 0.5013245625 0.015789749999999995 0.012335742187500021
1 0.44671834374999997 0.478626796875 0.026645203124999975 0.010362023437499968
1 0.4138230312499999 0.48056023410507687 0.025369672144923014 0.013322601562499958
1 0.483890046875 0.47665307812500013 0.013816031250000017 0.012335742187500021
1 0.25724134374999996 0.5013245625 0.063159 0.04736925000000003
1 0.2135563794081026 0.5060121578538782 0.032040037927700854 0.036020367187500034
1 0.47961365624999996 0.5013245625 0.022697765624999987 0.02171090624999996
1 0.42270476562500003 0.5013245625 0.039803328124999975 0.02565834374999998
1 0.4696553488269425 0.478626796875 0.024671484374999983 0.010990023634586255
1 0.452968453125 0.5013245625 0.04868506250000001 0.02565834374999998
1 0.00855278125 0.50329828125 0.0171055625 0.010362023437499968
1 0.972714390625 0.4662910546874999 0.007565921874999996 0.013322601562499958
1 0.99680145703125 0.48060051562500006 0.00639708593750008 0.006414585937500039
1 0.9286259218749999 0.5353712109375 0.14274815625 0.17171353125
1 0.10493604687499998 0.4963902656250001 0.048685062499999994 0.012335742187500021
1 0.957582546875 0.4643173359375 0.010197546874999948 0.013322601562499958
1 0.0942998974171826 0.4877278337292957 0.013158124999999998 0.007840050271091314
1 0.37488003953692434 0.478626796875 0.017510429402845418 0.019737187499999996
1 0.06513271875 0.4963902656250001 0.0171055625 0.006414585937500039
1 0.5077939747502518 0.478626796875 0.014967354120845221 0.012171266812877678
1 0.295070953125 0.5097128671875 0.038487515624999996 0.02565834374999998
1 0.07697503124999999 0.5126734453124999 0.03914542187500001 0.03108607031249999
1 0.95067453125 0.4692516328124999 0.006908015625000038 0.013322601562499958
1 0.972714390625 0.5097128671875 0.05427726562500001 0.058718132812500025
1 0.038487515625 0.5126734453124999 0.07204073437500001 0.037007226562499974
1 0.36892091611835315 0.5037917146381764 0.052961453124999974 0.027138643914529227
1 0.12603604541494942 0.5126734453124999 0.01748151416494941 0.028654150161723724
1 0.8181064218749999 0.54672009375 0.31908453124999997 0.18651642187499995
1 0.5611940093203764 0.4736925 0.030263687499999983 0.01299364405157526
