2 0.61908978125 0.5906353359375001 0.00953964062499999 0.04292838281250004
2 0.3684275 0.6848804062500001 0.042763906250000025 0.22056307031250003
2 0.945740234375 0.6192542578125 0.042763906250000025 0.102633375
2 0.04375076562499999 0.6419520234375 0.033224265625 0.16776609374999998
2 0.79409284375 0.6133331015625 0.029276828125000046 0.09523192968750002
1 0.07993560937500001 0.6167871093749999 0.051645640624999996 0.04391524218749998
1 0.13717345312499998 0.6123462421874999 0.08651467187499999 0.06365242968749998
2 0.174674109375 0.5935958992596093 0.0060856278782031184 0.015789735197109335
1 0.41777046874999996 0.5876747578125 0.052303546875000016 0.012335742187500021
2 0.10625176463991044 0.5926091967901342 0.005592203125000002 0.008388304687500004
1 0.64935346875 0.634550578125 0.14802890625 0.07154730468750001
2 0.610537 0.5965564921875 0.015131843749999992 0.04835610937499997
1 0.41415198437499995 0.634550578125 0.183884796875 0.10460709374999996
1 0.21151685937499998 0.620734546875 0.06546167187499999 0.05378383593749998
2 0.45198159375 0.5965564921875 0.011513359374999983 0.022697765624999987
1 0.324676734375 0.6177739687500001 0.04769820312500001 0.066119578125
2 0.853633359375 0.6192542578125 0.04079018750000003 0.11102167968750001
2 0.5355356874999999 0.614813390625 0.021053000000000033 0.07105387499999996
