1 0.18750328125000001 0.5463499743033458 0.06307675123407686 0.06019842187500002
1 0.81514584375 0.5072457187499999 0.005921156249999981 0.008881734374999973
1 0.12862067187499998 0.557575546875 0.05793038145606104 0.05082325781249999
1 0.10329128124999999 0.5294500546875 0.033224265625000006 0.016776609375000008
1 0.47895574999999996 0.5205683203125 0.007236968750000017 0.009868593749999998
1 0.8234840854034093 0.5052719999999999 0.012171265624999943 0.009053354667614056
1 0.9533061562499999 0.5023114218749999 0.018750328125 0.01282917187499999
1 0.09539640625000002 0.5373449543589104 0.033882171875000006 0.021217476562499994
1 0.8497697708174918 0.5060073125475245 0.017434515624999966 0.009868593749999998
1 0.4684292499999999 0.5205683203125 0.006579062499999999 0.008881734374999973
1 0.825343390625 0.5092194375 0.012723903001260339 0.007894875000000034
1 0.476324125 0.7918636601562501 0.3337662188318584 0.4162726796875
1 0.931266296875 0.506258953122422 0.014144984375000055 0.013816031250000017
1 0.5889665868100893 0.5155283427817299 0.020371455648370566 0.010714453477098207
1 0.048027156249999994 0.5353712109375 0.0350219226916066 0.016644563112454946
1 0.676327625 0.5199574007198186 0.017434515624999966 0.01282917187499999
1 0.4276390625 0.5393186484375 0.03454007812500001 0.0478626796875
1 0.097370125 0.557575546875 0.030592640624999994 0.044902101562500005
1 0.8490280312495624 0.5092194375 0.012171265624999943 0.003947437500000017
1 0.046711343749999995 0.5644835625 0.064145859375 0.05082325781249999
1 0.4130683442702431 0.5210907785880285 0.007623979051057065 0.009404192650528564
1 0.078619796875 0.86341096484375 0.156252734375 0.27317807031249997
1 0.454942171875 0.5284631953125 0.016776609375000008 0.02220433593750002
