1 0.6963937656250001 0.5501741015625 0.027303109375000054 0.013816031250000017
1 0.62830046875 0.5412923671875 0.010526500000000046 0.009868593749999998
1 0.638498015625 0.5422792265624999 0.012171265624999943 0.008881734374999973
1 0.34770345312500006 0.5383317890624999 0.021381953125000012 0.01282917187499999
1 0.43224440625 0.5353712109375 0.016776609375000008 0.009868593749999998
1 0.24671484375 0.5383317890624999 0.029276828124999987 0.01924375781250003
1 0.260201921875 0.5363580703124999 0.017434515625000025 0.013816031250000017
1 0.27566271875 0.5383317890624999 0.02138195312499998 0.026151773437500036
1 0.99203163671875 0.5546149687499999 0.01593672656249995 0.013816031250000017
1 0.4166184913282469 0.5378384087199425 0.01940836596151344 0.01282917187499999
1 0.32171615625 0.5284631953125 0.007236968750000017 0.004934296875000044
1 0.918766078125 0.5511609609375 0.021381953124999954 0.016776609375000008
1 0.404941296875 0.5373449296875 0.010526499999999987 0.009868593749999998
1 0.9957323593749999 0.5521478203125 0.008535281250000063 0.006908015625000008
1 0.99475425 0.5472135234375 0.007236968750000017 0.004934296875000044
1 0.5677730937500002 0.5442529453125 0.012829171875000019 0.013816031250000017
1 0.5996815468750001 0.5373449296875 0.007236968750000017 0.009868593749999998
1 0.22335917187499998 0.5314237734375 0.014802890625000013 0.006908015625000008
1 0.37566446875 0.5383317890624999 0.016118703124999988 0.01282917187499999
