1 0.96045213671875 0.5778061640625001 0.0790957265625 0.07154730468750001
1 0.4276390625 0.49540340625 0.01842137500000002 0.020724046875000023
1 0.4136586015644922 0.49540340625 0.015954210936835918 0.01924375781250003
1 0.4884953906250001 0.496390265625 0.013816031250000017 0.01924375781250003
1 0.4460604374999999 0.49540340625 0.006579062499999999 0.013816031250000017
2 0.341782296875 0.49885741406249995 0.00625010937500002 0.022697765624999987
1 0.492113875 0.5023114218750001 0.017434515625000025 0.023684625000000015
1 0.39638851562499994 0.5008311328125 0.019408234375000017 0.01924375781250003
1 0.241122640625 0.4978705546875 0.026645203125000006 0.03157949999999996
1 0.46086332812499997 0.5008311328125 0.014802890625000013 0.020724046875000023
1 0.114146734375 0.7975381015625 0.22829346875 0.4049237968749999
1 0.8166026163559408 0.5637081432839113 0.09304672918856446 0.10002521100319343
1 0.8960683125000001 0.5669507109375 0.095725359375 0.09128449218750001
1 0.471060875 0.4963902656250001 0.011842312500000023 0.01529632031250001
1 0.20035772164548807 0.49992007899896435 0.02469675289548811 0.027176535593232208
2 0.09802803125 0.5407989375 0.016118703125000005 0.05378383593749998
1 0.42500743750000003 0.81998915234375 0.357901 0.36002169531250006
1 0.43882346875 0.49540340625 0.012829171875000019 0.017763468750000032
1 0.45066578124999995 0.49606096068550903 0.005592203125000002 0.012335742187500021
1 0.17566096874999998 0.49540340625 0.023520084283728336 0.03157949999999996
1 0.5463911406249999 0.5185946015624999 0.06250109375000003 0.09917936718750005
