1 0.18750328125000001 0.5482003828125 0.06348795312499998 0.06217214062499998
1 0.81514584375 0.5072457187499999 0.005921156249999981 0.008881734374999973
1 0.37763818749999994 0.6074119453125 0.205595703125 0.11102167968750001
1 0.127304859375 0.557575546875 0.05723784374999998 0.05082325781249999
1 0.10065965624999999 0.5314237734375 0.033224265625000006 0.016776609375000008
1 0.47895574999999996 0.5205683203125 0.007236968750000017 0.009868593749999998
1 0.8234573922989694 0.5052719999999999 0.011250196567977018 0.009934384067976953
1 0.3804159984566058 0.5270377364005182 0.008918287808678826 0.012280912036981739
1 0.0948700821710706 0.5391212751808941 0.03388217187499999 0.021217476562499994
1 0.8496020709974893 0.5065104120075317 0.017434515624999966 0.009868593749999998
1 0.4691693937088671 0.5195814609374999 0.006579062499999999 0.009868593749999998
1 0.825343390625 0.5092194375 0.012381796530276053 0.007894875000000034
1 0.47698203125000005 0.7929738760279467 0.33429861513160675 0.4140522479441067
1 0.931266296875 0.5072457187499999 0.012171265624999943 0.01578974999999998
1 0.543759515625 0.5205683203125 0.007236968750000017 0.008881734374999973
1 0.048027156249999994 0.5353712109375 0.03490146161945247 0.016554217308339326
1 0.676327625 0.5195814609374999 0.017434515624999966 0.01282917187499999
1 0.43487603124999996 0.5353712109375 0.027961015625000012 0.0379940859375
1 0.09671221875 0.5585624062500001 0.029276828125 0.045888960937500035
1 0.8488634925944247 0.5092194375 0.012171265624999943 0.003947437500000017
1 0.0460534375 0.5644835625 0.065461671875 0.05082325781249999
1 0.4096724265774591 0.5214681027761155 0.008378627427231323 0.009781516838615634
1 0.09901489062499999 0.8442905644531249 0.19802978124999998 0.3114188710937501
1 0.42303371875000007 0.5215551796875 0.0026316250000000116 0.008881734374999973
1 0.45823170312499995 0.5264894765625 0.014802890625000013 0.018256898437500002
