1 0.09934384375000001 0.55856240625 0.06875120312499998 0.05082325781249999
1 0.0675998671875 0.5881681875 0.135199734375 0.08289618750000001
1 0.6605378749999999 0.571391578125 0.13487078125000002 0.07302759375000001
1 0.24539903125 0.5620164288654893 0.05460621875000002 0.045888960937500035
1 0.2073501227156262 0.5383317890624999 0.04320250895468689 0.01924375781250003
1 0.32566359375 0.5452398046874999 0.016776609375000008 0.024178054687499985
1 0.43563512371505797 0.5293741650262065 0.007439406464157017 0.008502188142471034
1 0.155594828125 0.5585624062500001 0.04934296875000001 0.04884953906250002
1 0.19145071875 0.561522984375 0.0539483125 0.044056249085565914
1 0.43421813157896383 0.5538748106496371 0.03503349547694287 0.03996778988483145
1 0.307571171875 0.5472135234375 0.025987296875000017 0.03898094531250003
1 0.24772700608258644 0.5384456578752801 0.025329390625 0.010969321937780042
1 0.281583875 0.5462266640625 0.050000875000000014 0.055264124999999976
1 0.46777134375 0.5333974921874999 0.01546079687499997 0.01578974999999998
1 0.221385453125 0.5605361249999999 0.024013578124999994 0.0379940859375
1 0.408888734375 0.5333974921875 0.007894874999999975 0.008881734374999973
1 0.3526742951490141 0.5333974921875001 0.023428773868996444 0.02670002962049738
1 0.4434452539061406 0.5275256798931093 0.00792777097040626 0.009868593749999998
1 0.506916765625 0.58422075 0.19145071875 0.09325821093749997
1 0.4634538261460078 0.5268595566664922 0.003289531250000029 0.003947437500000017
1 0.4598764703947245 0.5255026171874999 0.004605343750000005 0.005921156249999981
