1 0.025329390624999996 0.5166208828124998 0.049342968749999994 0.049836398437499964
1 0.8947524999999998 0.6276425625 0.16710818749999998 0.11891655468749995
1 0.6993544260125487 0.5400589472110289 0.07294481047936484 0.0379940859375
1 0.08519885937499999 0.525996046875 0.04243495312500001 0.011842312499999962
1 0.6062606093749999 0.545733234375 0.06315900000000003 0.026151773437500036
1 0.94146384375 0.5758324453125 0.09967279687499998 0.07302759375000001
1 0.7793993990617892 0.5282996779169261 0.037171775514956686 0.012500182555021676
1 0.694749 0.6005039296875 0.14769995312500003 0.095725359375
1 0.17631887500000004 0.6434323124999999 0.322045109375 0.16480551562499998
1 0.3233609218750001 0.5718850078125 0.06250109375000003 0.06562614843750003
1 0.59277353125 0.5945827734375 0.11644940624999998 0.09276478125000001
2 0.512180015625 0.5580689765625 0.01907928124999998 0.024671484375000042
1 0.42259513871331883 0.5958992736420885 0.176318875 0.13108774792254332
1 0.8858707212027793 0.5607848721603448 0.02763175154445546 0.026151773437500036
1 0.0054277265625 0.53093034375 0.010855453125 0.0379940859375
1 0.7539605625 0.5857010390624999 0.06579062499999999 0.058718132812500025
1 0.35263775 0.5057654296875 0.020724046874999996 0.029112351562500027
1 0.440468234375 0.5097128671875 0.027961015625000012 0.016776609375000008
1 0.12738709765625 0.6005039296875 0.2547741953125 0.15543035156249996
1 0.5291761201183907 0.5942538466354625 0.085198859375 0.07401445312500003
1 0.53356196875 0.551654390625 0.12039684374999998 0.06562614843750003
1 0.8236986250000001 0.5896484765624999 0.11776521875000003 0.10065965624999995
2 0.73093384375 0.6093856640624999 0.05131668749999996 0.14210775
1 0.05329040625 0.5585624062499999 0.10592290625 0.06365242968749998
1 0.98643943359375 0.5807667421874999 0.027121132812499955 0.07204073437499998
1 0.28487340625 0.551654390625 0.10164651562499998 0.07796189062499996
1 0.23947787499999998 0.5156340234375 0.03454007812499998 0.01282917187499999
1 0.446389390625 0.5437595156249999 0.06579062499999999 0.0379940859375
1 0.6207347245638827 0.522790386422859 0.037500878361103315 0.029112351562500027
1 0.1750030625 0.5106997265625001 0.029934734375000004 0.026151773437500036
