1 0.23421462499999995 0.5975433515625002 0.032566359374999986 0.014802890625000042
1 0.046711343749999995 0.7445853984374999 0.09144896875 0.1929310078124999
1 0.345729734375 0.5975433515625 0.03519798437499997 0.011842312499999962
1 0.6092211874999999 0.5916221953124999 0.017434515624999966 0.007894875000000034
1 0.2828996875 0.5965564921875 0.03388217187499999 0.016776609375000008
1 0.5611940312499999 0.5916221953124999 0.024671484374999983 0.008881734374999973
1 0.6345505781249999 0.5916221953124999 0.00921068750000001 0.007894875000000034
1 0.08618571874999999 0.6034645078125 0.017434515624999994 0.007894875000000034
1 0.205595703125 0.6005039296875 0.03750065625 0.011842312499999962
1 0.116778359375 0.5995170703125 0.031908453125 0.014802890625000042
1 0.40954664062499996 0.5935959140625 0.022697765624999987 0.014802890625000042
1 0.53158825 0.5916221953124999 0.018092421874999983 0.009868593749999998
1 0.8794474296875 0.8235341484375001 0.24110514062500008 0.3291176015625001
