1 0.18750328125000001 0.5452398046875 0.06195282830765472 0.06217214062499998
1 0.81514584375 0.5072457187499999 0.005921156249999981 0.008881734374999973
1 0.740473484375 0.6024776484375 0.22204335937499994 0.11496911718750003
1 0.12726831105836164 0.557575546875 0.05837091466680822 0.05082325781249999
1 0.10285266465617385 0.5307658485467608 0.033224265625000006 0.016776609375000008
1 0.47895574999999996 0.5205683203125 0.007236968750000017 0.009868593749999998
1 0.8236328331469079 0.5052719999999999 0.011381777203930929 0.010065964703930952
1 0.378954 0.5274763359375 0.00921068750000001 0.011842312499999962
1 0.0947385 0.5391212791283394 0.03388217187499999 0.021217476562499994
1 0.8495504707551779 0.5066652127344657 0.017434515624999966 0.009868593749999998
1 0.46949834518910144 0.5195814609374999 0.006579062499999999 0.009868593749999998
1 0.825343390625 0.5092194375 0.012276532393446378 0.007894875000000034
1 0.47698203125 0.7927271630345534 0.3347920411183933 0.41454567393089337
1 0.931266296875 0.5072457187499999 0.012171265624999943 0.01578974999999998
1 0.537838359375 0.5205683203125 0.009868593750000028 0.009868593749999998
1 0.048027156249999994 0.5353712109375 0.034864396460335755 0.016526418439001843
1 0.676327625 0.5195814609374999 0.017434515624999966 0.01282917187499999
1 0.43684975000000004 0.5343843515625 0.025329390625 0.0379940859375
1 0.09776488559233262 0.5577729061182505 0.0330927349019979 0.0456916016942495
1 0.8490828098472771 0.5092194375 0.012171265624999943 0.003947437500000017
1 0.04668651747145637 0.5644835625 0.064145859375 0.05082325781249999
1 0.408888734375 0.5215551796875 0.008158062763498937 0.009868593749999998
1 0.09934384375000001 0.8447839941406251 0.19868768750000002 0.3104320117187499
1 0.42434953124999997 0.5215551796875 0.006579062499999999 0.009868593749999998
1 0.45888960937499995 0.5264894765625 0.014144984374999996 0.018256898437500002
