2 0.7722068766660739 0.5347790174148941 0.004254443106087536 0.013486818466313277
1 0.802316671875 0.5437595156249999 0.02828996874999999 0.011348882812499994
1 0.90198946875 0.5373449296875 0.023355671874999945 0.018750328124999972
1 0.6102080468750001 0.5556943539784799 0.03978279451159932 0.020939899002060704
1 0.4415865976397403 0.7648160156249999 0.47994251267467536 0.3504337060423051
1 0.405599203125 0.5580689765625 0.025329390625 0.017270039062499975
1 0.719514444667735 0.5506675312499999 0.040931127939102294 0.016142239248397684
1 0.864456972144503 0.5331428651662262 0.025817449704783137 0.01297245347473579
2 0.8453437503951423 0.5407002499341429 0.005921156249999981 0.01598711698992883
1 0.7970622274825255 0.8389575613047384 0.404941296875 0.32208487739052305
1 0.9041189140625001 0.595076203125 0.19176217187499997 0.14408146874999997
1 0.42829696874999995 0.5600426953125 0.020724046874999996 0.01529632031250001
1 0.84277790625 0.5330762024040594 0.010962549719480208 0.011853807512339198
1 0.5890451444741909 0.55264125 0.028728164458060354 0.0207237640959649
1 0.8799496093750001 0.5373449296875 0.03157950000000002 0.01529632031250001
1 0.8255826167421202 0.54026064430856 0.021381953124999954 0.017270039062499975
1 0.010444261718749999 0.6064250859375001 0.020888523437499997 0.046382390625000006
1 0.37253076993999307 0.5602504520462517 0.03519800422790572 0.01275125565500348
1 0.4480341562499999 0.5560952578125 0.02203985937499997 0.019737187499999996
1 0.52106175 0.5551083984374999 0.02532939062499994 0.01529632031250001
1 0.197042921875 0.7238613515625 0.16414760937500003 0.22549736718749996
1 0.4653939140694177 0.5610295546875 0.03805388279174693 0.015184183604126567
