1 0.5092194375 0.568431 0.02828996874999999 0.017270039062499975
1 0.53882521875 0.6547811953125 0.10427814062500004 0.12779828906250001
1 0.54014103125 0.5664572812499999 0.017105562500000046 0.019737187499999996
1 0.23618834375 0.593102484375 0.07467235937500002 0.07697503125000002
1 0.0302636875 0.592115625 0.05822470312499999 0.07302759375000001
1 0.38849364062499997 0.5960630625000001 0.05986946875000001 0.08042903906249999
1 0.52303546875 0.59014190625 0.04605343750000005 0.02861892187499997
1 0.452310546875 0.5876747578125 0.07565921875000002 0.054770695312500006
1 0.02639848828125 0.6434323125 0.0527969765625 0.1041136640625
2 0.785869015625 0.7741911796875 0.04046123437500005 0.17615439843749997
1 0.1589941273832362 0.5894844824870994 0.06052755044985432 0.066119578125
1 0.312834421875 0.624681984375 0.118094171875 0.13273258593749998
1 0.107896625 0.592115625 0.07467235937500001 0.06463928906250001
2 0.834554078125 0.8225472890625 0.03289531250000006 0.07500131249999997
1 0.302636875 0.5600426953125 0.017105562499999987 0.006414585937500039
2 0.8237003651794329 0.7416253877623151 0.049837268527216476 0.2629988178672411
1 0.5600429539745274 0.5684310912924803 0.008223828124999954 0.009375346647460602
1 0.134541828125 0.74014453125 0.258886109375 0.24375426562499988
