1 0.408888734375 0.5264894765625 0.008552781249999994 0.010855453125000025
1 0.18750328125000001 0.5482003828125 0.061514234375 0.06019842187500002
1 0.6945843490923439 0.5595492656250001 0.18520060279593753 0.10411362458812504
1 0.8146759123254661 0.5072457187499999 0.005921156249999981 0.008881734374999973
1 0.126646953125 0.557575546875 0.057237843749999996 0.05082325781249999
1 0.10421234881577704 0.5308316560361657 0.030592640625000007 0.01638186740133447
1 0.47917505244883557 0.5195814609375 0.006359760051164424 0.008881734374999973
1 0.8237846580128659 0.505272 0.012171265624999943 0.010126692788598124
1 0.3276372888153276 0.5341869832402008 0.018487170361934466 0.02082273991790169
1 0.0947385 0.5375423051151866 0.03388217187499999 0.021217476562499994
1 0.8499305282135656 0.5055250403593028 0.017434515624999966 0.009868593749999998
1 0.47116367143488064 0.5195814609374999 0.006106192855039734 0.009159289282559602
1 0.8246854843749999 0.5092194375 0.010335704676928733 0.007894875000000034
1 0.4769820312499999 0.7924692308136295 0.3335584687499999 0.4150615383727409
1 0.9315952565790624 0.5082325583878126 0.012171265624999943 0.01578974999999998
1 0.52106175 0.5225420390624999 0.017434515625000025 0.01282917187499999
1 0.04802715625 0.5353712109375 0.03441034580557688 0.01618588044793263
1 0.6751130305590406 0.5195814609374999 0.017434515624999966 0.01282917187499999
1 0.45888960937499995 0.5264894765625 0.014144984374999996 0.01924375781250003
1 0.09539640625000002 0.5595492656250001 0.029276828125 0.04095466406249999
1 0.84935696875 0.5092194375 0.012171265624999943 0.003947437500000017
1 0.419817279422361 0.5217744850603646 0.008552781249999994 0.01052650986859378
1 0.04607826427507666 0.5644835625 0.064145859375 0.05082325781249999
1 0.38224353124999993 0.5264894765625 0.007017671783698217 0.01085543009835801
1 0.09913236686846962 0.8463347836816706 0.19826473373693923 0.30733043263665893
1 0.4310930696957121 0.5255026171874999 0.008141590152143921 0.009868593749999998
