2 0.00189148046875 0.604944796875 0.0037829609375 0.08092246874999995
1 0.35625623437500004 0.5161274531250001 0.014802890625000013 0.023684625000000015
2 0.62303721875 0.4939231171874999 0.007565921874999996 0.01578974999999998
2 0.41623536403644484 0.49540340625 0.007236939140665655 0.016776564960998462
1 0.45560007812500003 0.45099473437499993 0.013816031250000017 0.013816031250000017
1 0.395730609375 0.5106997265625 0.02203985937500003 0.03157949999999996
1 0.3746776093749999 0.5146471640625 0.02203985937499997 0.03157949999999996
1 0.448363109375 0.47319907031249997 0.013816031250000017 0.023684625000000015
1 0.5065878125 0.513166875 0.06085632812499995 0.11052824999999995
1 0.3644800625 0.5644835625 0.08585676562500003 0.12039684375000004
1 0.33487428124999996 0.525996046875 0.04243495312499999 0.04687582031249997
1 0.6236951249999999 0.5245157578124999 0.04144809374999999 0.055264124999999976
1 0.3855330625000001 0.5106997265625 0.013816031250000017 0.024671484375000042
1 0.4253363906249999 0.529943484375 0.049671921875000004 0.05378383593749998
1 0.37467760937500005 0.4909625390625001 0.011842312500000023 0.012335742187500021
1 0.22039859375 0.57829959375 0.08289618749999998 0.0843764765625
1 0.5736942500000001 0.4909625390625001 0.02203985937500003 0.026151773437500036
1 0.45198159375 0.46234361718749994 0.011842312500000023 0.013816031250000017
1 0.3276373125 0.5353712109375 0.020395093750000017 0.04292838281250004
1 0.5720494843750001 0.4993508437500001 0.020395093750000017 0.026151773437500036
1 0.48619271875 0.4263232500000001 0.011842312500000023 0.012335742187500021
1 0.49540340625 0.427310109375 0.00921068750000001 0.013816031250000017
1 0.297044671875 0.547706953125 0.04144809374999999 0.05378383593749998
1 0.652314046875 0.5407989375 0.06085632812499995 0.07894874999999998
1 0.6062606093749998 0.5106997265625 0.035855890624999984 0.04687582031249997
2 0.771066125 0.5324106328125 0.02171090625000005 0.07105387500000004
1 0.46579762499999994 0.4899756796875 0.01842137500000002 0.020724046875000023
1 0.49441654687500003 0.45642246093749994 0.01578975000000001 0.017763468750000032
1 0.831264546875 0.6296162812499999 0.17533201562500006 0.1534566328125
1 0.608892234375 0.4884953906250001 0.039803328124999975 0.023684625000000015
1 0.441126140625 0.4884953906250001 0.01578975000000001 0.020724046875000023
1 0.468758203125 0.478626796875 0.01842137500000002 0.020724046875000023
1 0.58487865625 0.5077391484374999 0.025000437499999962 0.033059789062499956
1 0.60330003125 0.5215551796875 0.019408234374999958 0.03996780468749996
1 0.26645203125 0.5590558359374999 0.055264124999999976 0.06365242968749998
