1 0.039803328124999995 0.5363580703125 0.025329390625 0.032072929687500015
1 0.43208016484900696 0.5405530243432054 0.03289505596017429 0.013322601562499958
2 0.32665045312499996 0.5541215390625001 0.014473937499999975 0.05970499218749996
1 0.28750503125 0.5551083984374999 0.02203985937500003 0.03404664843749998
1 0.090462109375 0.5496806718750001 0.05361935937499999 0.05131668750000005
1 0.02754982421875 0.5664572812499999 0.0550996484375 0.08635019531249996
1 0.10921243750000001 0.54672009375 0.034211125 0.02565834374999998
1 0.7707371718750001 0.644419171875 0.20033245312500003 0.241780546875
1 0.5134958281249999 0.5477069531250001 0.039803328124999975 0.03503350781250001
1 0.23947787499999998 0.5379373721609786 0.015263588424239345 0.016283179687500038
2 0.9321416819189954 0.6700801869558903 0.06228196127497713 0.2011534366689384
1 0.20033245312499998 0.5486938125 0.03355321874999998 0.037007226562499974
2 0.3085580312499999 0.5802733124999999 0.020066140624999975 0.07401445312500003
2 0.44178404687499995 0.579286453125 0.03125054687499998 0.10362023437499994
1 0.31086070312499997 0.551654390625 0.030263687499999983 0.037007226562499974
