1 0.424020578125 0.6197476875 0.12434428124999997 0.057731273437499994
1 0.007730398437499999 0.6370177265625 0.015460796874999998 0.019737187499999996
1 0.55329915625 0.5600426953125 0.04802715625000005 0.037007226562499974
1 0.071382828125 0.6908015625000001 0.13651554687500003 0.09375164062500004
1 0.42566534375000004 0.5847141796875001 0.07138282812499999 0.0379940859375
1 0.851659640625 0.571391578125 0.09210687499999999 0.05575755468750003
1 0.09539640625000002 0.623695125 0.046711343749999995 0.022697765624999987
1 0.35625623437500004 0.568431 0.09342268750000002 0.03898094531250003
1 0.36513796875 0.68882784375 0.118094171875 0.03898094531250003
1 0.424020578125 0.55264125 0.04868506250000001 0.037007226562499974
2 0.29704467187499994 0.5477069531250001 0.008881734374999973 0.023684625000000015
1 0.292439328125 0.571391578125 0.06513271875 0.03108607031249999
1 0.023355671874999994 0.6197476875 0.04539553124999999 0.03108607031249999
1 0.242438453125 0.71251246875 0.09868593749999999 0.03108607031249999
1 0.14210775 0.5733652968749999 0.11315987500000001 0.08240275781249995
1 0.7013280625 0.5580689765625001 0.049342968749999966 0.046382390625000006
1 0.7618554375 0.6000105 0.07467235937500002 0.03503350781250001
1 0.07138282812499999 0.639484875 0.06644853125000001 0.04736925000000003
1 0.7960665625 0.5817536015625 0.1407919375 0.05970499218749996
2 0.06710643749999999 0.5876747578125 0.009539640624999996 0.02861892187499997
1 0.516127453125 0.59803678125 0.11184406250000005 0.05970499218749996
1 0.324018828125 0.6074119453125 0.07138282812499999 0.06908015625
1 0.19572710937499999 0.6547811953125 0.0947385 0.09967279687500001
1 0.007565921875 0.6982030078125 0.01513184375 0.05230354687499998
1 0.24441217187500003 0.571391578125 0.05065878125000003 0.022697765624999987
1 0.658893109375 0.6271491328125001 0.07960665624999995 0.037007226562499974
1 0.05559307812500001 0.6227082656249999 0.08092246875000002 0.04243495312499999
1 0.00353624609375 0.6083988046875 0.0070724921875 0.006414585937500039
2 0.328624171875 0.54672009375 0.006908015624999978 0.03108607031249999
1 0.264149359375 0.6113593828124999 0.06315899999999998 0.05970499218749996
1 0.6431033593750001 0.5551083984374999 0.05559307812500004 0.05970499218749996
1 0.20526675 0.59803678125 0.06710643749999999 0.04736925000000003
1 0.12697590624999996 0.639484875 0.07138282812499998 0.046382390625000006
1 0.5881681875000001 0.6434323125000001 0.0618431875 0.023684625000000015
1 0.46250809375000007 0.6774789609374999 0.05888260937500001 0.019737187499999996
1 0.754947421875 0.54672009375 0.045395531249999975 0.03108607031249999
1 0.15855540625 0.595076203125 0.06513271874999998 0.045395531249999975
1 0.597049921875 0.5600426953125 0.033553218750000016 0.03898094531250003
1 0.7062623593749999 0.6044513671874999 0.118094171875 0.04736925000000003
1 0.2381620625 0.5960630625000001 0.05690889062499999 0.037007226562499974
1 0.3802698125 0.5807667421875001 0.05296145312500003 0.023684625000000015
1 0.35954576562499996 0.6167871093749999 0.07697503124999999 0.07006701562500002
1 0.5167853593749999 0.6567549140625 0.09473849999999993 0.037007226562499974
