1 0.36349320312499994 0.4524750234375 0.020395093750000017 0.023684625000000015
1 0.53882521875 0.5092194375 0.04704029687500005 0.06217214062499998
1 0.560893111413948 0.5314237734375 0.05395031487778195 0.07402646739169202
1 0.457258860394474 0.4689974090520675 0.02714163637917301 0.02492570813543251
1 0.36711168749999995 0.45938303906249994 0.020395093750000017 0.023684625000000015
1 0.368098546875 0.4968836953124999 0.03684274999999999 0.055264124999999976
1 0.444744625 0.46481076562499996 0.019408234375000017 0.026151773437500036
1 0.383888296875 0.4899756796875 0.011184406250000004 0.03996780468749996
1 0.37171703125 0.44408671875000005 0.010197546875000008 0.010855453125000025
1 0.489811203125 0.4840545234375 0.024013578125000025 0.036020367187500034
1 0.0804290390625 0.71251246875 0.160858078125 0.39178317187500006
1 0.35987471875000004 0.5047785703125 0.05361935937499999 0.06908015625
1 0.385714559273647 0.44260642968749997 0.01578975000000001 0.016776609375000008
1 0.5230354687500001 0.5047785703125001 0.04144809375000005 0.05378383593749998
1 0.3526484562276694 0.44817819508290563 0.013816031250000017 0.019667844640464605
1 0.38750678125 0.4899756796875 0.011184406250000004 0.036020367187500034
1 0.429457315387519 0.4554356015625 0.019904667629172992 0.022948985818759482
1 0.339479625 0.44112614062499994 0.011184406250000004 0.016776609375000008
1 0.34145334374999997 0.4455670078125 0.014802890625000013 0.016776609375000008
1 0.6102365968154518 0.5582903879256931 0.09837125934522592 0.12337348121650411
1 0.36349320312499994 0.4401392812500001 0.00921068750000001 0.003947437500000017
1 0.49803503125 0.48849539062499997 0.035197984375000026 0.03898094531250003
1 0.6974303104425258 0.6432926786587627 0.19664445905455458 0.23210716729177436
1 0.33224265625 0.5284631953125001 0.07302759375000001 0.0774684609375
1 0.260201921875 0.58224703125 0.10888348437500002 0.11743626562500005
1 0.4003359531250001 0.447047296875 0.013816031250000017 0.016776609375000008
1 0.41433348114864704 0.45099473437499993 0.018911801120826983 0.016776609375000008
1 0.43553393749999997 0.460863328125 0.017434515625000025 0.023684625000000015
