1 0.3457287359081738 0.585043703364972 0.09660337599100212 0.1222072983615032
1 0.4651030952896541 0.49935084375 0.004276390625000026 0.004934296875000044
2 0.6649602972325532 0.533068498851131 0.014473937500000034 0.06025321388635918
1 0.492113875 0.504285140625 0.008223828125000015 0.011348882812499994
1 0.302636875 0.5393186484375 0.039803328124999975 0.03898094531250003
2 0.74277615625 0.5580689765625 0.01907928124999998 0.036020367187500034
2 0.6575772968749999 0.5847141796874998 0.01578974999999995 0.08338961718749997
1 0.43454707812500004 0.5067522890625 0.008223828125000015 0.006414585937500039
1 0.4092176875 0.5116865859375 0.013816031250000017 0.012335742187500021
1 0.243754265625 0.6498468984375 0.18881909374999994 0.19046385937499996
1 0.47668976887891007 0.6093856640624999 0.1171443191689578 0.16732770019336513
1 0.3525712207771711 0.5103048677063449 0.011250072176665248 0.011743597785961235
1 0.47895574999999996 0.504285140625 0.008223828125000015 0.011348882812499994
1 0.375993421875 0.5126734453124999 0.01907928124999998 0.022697765624999987
1 0.36382215625000003 0.5314237734375 0.04111914062500001 0.046382390625000006
2 0.66645903125 0.6024776484375 0.006908015625000038 0.04440867187500004
1 0.39605956249999996 0.5116865859375 0.013158124999999998 0.01529632031250001
1 0.502640802914354 0.5093837714243818 0.013816031250000017 0.013322601562499958
1 0.9521460703125 0.5590558359375 0.09570785937500001 0.04736925000000003
1 0.44902101562499996 0.50329828125 0.006908015624999978 0.011348882812499994
1 0.39112526562500005 0.5136603046875001 0.008223828125000015 0.012335742187500021
1 0.44211300000000003 0.504285140625 0.00625010937500002 0.00937516406250003
1 0.41316512499999997 0.5067522890625 0.015131843749999992 0.011348882812499994
1 0.45296845312500006 0.505272 0.004276390625000026 0.006414585937500039
1 0.451652640625 0.500337703125 0.003289531250000029 0.006414585937500039
