1 0.22829346875000003 0.6498468984375 0.197700828125 0.1929310078125
1 0.20230617187500002 0.5230354687500001 0.08651467187500002 0.07993560937500002
1 0.15921331249999998 0.4939231171875001 0.06611957812500001 0.07154730468750001
1 0.32007139062499995 0.47467935937500005 0.02203985937499997 0.029112351562500027
1 0.338492765625 0.47467935937499994 0.02861892187499997 0.037007226562499974
2 0.281583875 0.4613567578125 0.00625010937500002 0.016283179687500038
1 0.2842155 0.48010708593750007 0.03388217187499999 0.03454007812500004
1 0.4534618737638007 0.47517280633728964 0.014802890625000013 0.01529632031250001
1 0.382572484375 0.4662910546875 0.020395093750000017 0.01924375781250003
1 0.09583437033966996 0.4611907724970791 0.0414476822719307 0.04391524218749998
1 0.437836609375 0.478626796875 0.00921068750000001 0.009868593749999998
1 0.373361796875 0.5047785703125001 0.05986946875000001 0.07154730468750001
1 0.04226979106518896 0.4620949063368737 0.045066578125 0.04070813067392054
1 0.41316512499999997 0.5560952578125 0.091120015625 0.10756767187500005
1 0.25033332812500003 0.496390265625 0.05065878125 0.059211562499999995
1 0.3613000656532916 0.4630020164997218 0.016009073290310618 0.016118782651164842
1 0.012582457031249999 0.4554356015625 0.025164914062499998 0.04391524218749998
1 0.548364859375 0.5185946015624999 0.14802890625000006 0.2235236484375
