2 0.21842487500000002 0.675998671875 0.051316687499999986 0.27484033593750007
1 0.01406274609375 0.4840545234375 0.0281254921875 0.023684625000000015
2 0.15395006249999998 0.675998671875 0.06842225 0.2235236484375
1 0.20395093749999998 0.4939231171875 0.01282917187499999 0.016776609375000008
1 0.1499844421104916 0.4776672118342626 0.0980462141395084 0.05079598347823744
2 0.1776346875 0.6705709453124999 0.084540953125 0.2462214140625
1 0.7137374262654127 0.6597478613281249 0.5725251474691743 0.6805042773437501
1 0.448363109375 0.49540340625 0.056250984375 0.026151773437500036
1 0.368098546875 0.4799507310308842 0.11004407142401747 0.06775622209411578
2 0.25724134374999996 0.4831291296158911 0.00701102663410893 0.015234854759108973
2 0.2486885625 0.4855348124999999 0.007565921874999996 0.021217476562499994
1 0.234214625 0.4939231171875001 0.038816468750000006 0.020724046875000023
