1 0.5855365625 0.64935346875 0.266123078125 0.12434428124999997
2 0.71514409375 0.5866878984375 0.015131843749999992 0.05279697656250004
2 0.8128431718749999 0.5708981484375 0.00953964062499999 0.049836398437499964
1 0.027303109375000002 0.64935346875 0.028289968750000002 0.04884953906250002
2 0.75593428125 0.5664572812499999 0.011513359374999983 0.032566359374999986
1 0.776329375 0.6883344140625 0.24868856249999993 0.19441129687499997
2 0.7915269896382071 0.5746481745889145 0.014342346381603595 0.05684304572381986
1 0.95222830859375 0.6740249531249999 0.09554338281250002 0.3547759453124999
1 0.22000382052674314 0.6380045859375 0.09605431249999997 0.05082325781249999
1 0.6059316858569656 0.8432214610399651 0.7106483758209182 0.3135570779200699
2 0.7529737031249998 0.5807667421874999 0.024671484374999983 0.04391524218749998
1 0.0583891796875 0.796395515625 0.116778359375 0.18799671093749995
1 0.09923427750349952 0.6422809511239501 0.11546254687499999 0.05822468404608756
2 0.92304246875 0.5580689765625 0.010526500000000046 0.04687582031249997
