1 0.23381267262525687 0.5628937745628854 0.0484660647507708 0.05032982812500002
1 0.8503438281249999 0.6024776484375 0.18256898437499997 0.08980420312500001
1 0.15855540625 0.5600426953125 0.05065878125 0.05674441406249997
1 0.4302706875 0.5600426953125 0.10098860937500002 0.07401445312500003
1 0.2838867772942642 0.5600426953125 0.055593078125000014 0.05575755468750003
1 0.19638501562499996 0.553628109375 0.04473762499999999 0.05575755468750003
1 0.0024178132981971393 0.5052719999999999 0.004835626596394279 0.013322601562499958
1 0.07310983203125 0.593102484375 0.1462196640625 0.10510052343750002
1 0.25474119512995347 0.545733234375 0.026118773254953473 0.023684625000000015
1 0.9413728554687499 0.9213328696298578 0.11725428906249995 0.15733426074028448
1 0.9937586406250001 0.6064250859375001 0.012482718749999932 0.0379940859375
