1 0.80988259375 0.48750853124999993 0.018092421875000042 0.006908015625000008
1 0.7546184687499999 0.5013245625 0.019408234374999958 0.024178054687499985
1 0.47829784375 0.49145596874999986 0.055264125000000004 0.04095466406249999
1 0.28487340625 0.4643173359375 0.014144984374999996 0.010855453125000025
1 0.30822907812499994 0.47517278906250004 0.06809329687499996 0.033059789062500046
1 0.979293453125 0.5753390156249999 0.04079018750000003 0.07204073437499998
1 0.843106859375 0.5452398046875 0.12335742187500003 0.09227135156250003
1 0.9834788554687499 0.6212279765625 0.033042289062500056 0.12927857812500002
1 0.5480436835977108 0.7042210240140158 0.41632128282857106 0.35072708289602367
1 0.172042484375 0.5644835625000001 0.14276565624999998 0.0942450703125
1 0.38882259374999995 0.48356109375 0.06217214062499998 0.024178054687499985
1 0.26020192187499996 0.47319907031249997 0.02796101562499998 0.024178054687499985
1 0.6431033593750001 0.5373449296875 0.10888348437499999 0.05723784375000003
1 0.3021433610075128 0.4806005094563425 0.06003397204334959 0.024178054687499985
1 0.701657015625 0.4993508437500001 0.02532939062499994 0.026151773437500036
1 0.85330440625 0.6656366484375 0.18355584375000003 0.16332522656249998
1 0.3363546594085746 0.5057654337996265 0.08783047615074692 0.045888960937500035
1 0.7724102244594526 0.4988993479609385 0.040516815212424125 0.022112180669083513
1 0.097370125 0.655274625 0.19408234375 0.2600374453125
1 0.732578609375 0.6784658203125 0.33158474999999993 0.26941260937500006
1 0.3527097625031686 0.6157023756118264 0.14131866827466316 0.16470611958183942
1 0.7450788281250001 0.5511609609375 0.0881594375 0.07204073437499998
