1 0.08966875190653022 0.520074890625 0.013816031250000001 0.01529632031250001
1 0.2417805172688635 0.5146471640625 0.021842491052736376 0.014605504539054426
1 0.6174888744919401 0.5447463749999999 0.06348795312500002 0.049836398437499964
2 0.9809382187499999 0.7031373046875 0.036184843749999966 0.29013665625000007
1 0.30921593750000004 0.5131668750000001 0.013569320230332001 0.01529632031250001
2 0.9687669531249999 0.6774789609374999 0.04736924999999997 0.267438890625
2 0.17812809251650905 0.5166208828124998 0.004605343750000005 0.01578974999999998
2 0.8072509687499999 0.4934790255837912 0.006579062500000058 0.014309460937499985
1 0.30000525 0.5131668750000001 0.02203985937500003 0.017763468750000032
1 0.5167611196116236 0.5256116961226939 0.035855890625000046 0.044870943698570274
1 0.40479252446109026 0.50329828125 0.02203985937500003 0.029112351562500027
1 0.2990183906250001 0.5047785703125001 0.011842312500000023 0.011309209873449255
1 0.9144896874999999 0.4875878771281014 0.029276828125000046 0.023461466379135397
2 0.9391611718749999 0.68488040625 0.08256723437499999 0.2393133984375
1 0.8052508013739661 0.4864423259968985 0.01644765625000003 0.03454007812500004
1 0.112173015625 0.5171143125 0.03352332425115749 0.02494063713854171
1 0.35592728125 0.5077391484375001 0.017434515625000025 0.020724046875000023
1 0.158226453125 0.5240223281249999 0.008223828125000015 0.010855453125000025
1 0.8658046249999999 0.4851647368420487 0.04580672039469912 0.0389809362662966
1 0.3643154954771998 0.5185946015624999 0.02845440419418175 0.029112351562500027
1 0.5504806276863149 0.5297528370342127 0.0482963040385064 0.05101390515328728
2 0.07894875 0.6449126015625 0.05230354687499999 0.1435880390625
1 0.2808995201239662 0.5136206317484492 0.013816031250000017 0.017763468750000032
1 0.1344450843084712 0.5241964851063534 0.011842312500000007 0.01529632031250001
2 0.185200609375 0.51884131640625 0.004605343750000005 0.014309460937499985
1 0.2934261875 0.5116865859375 0.00921068750000001 0.012335742187500021
