1 0.9679358203125 0.575339015625 0.06412835937499999 0.036020367187500034
1 0.37270389062500003 0.571391578125 0.089146296875 0.054770695312500006
1 0.85462021875 0.5610295546875002 0.043092859375 0.023684625000000015
2 0.5592203125 0.5590558359375 0.008223828124999954 0.024671484375000042
2 0.614155484375 0.571391578125 0.007565921874999996 0.020724046875000023
1 0.751657890625 0.5600426953125 0.05559307812500004 0.016283179687500038
1 0.5565886875 0.5486938125 0.01907928124999998 0.004934296875000044
1 0.5759969218749998 0.551654390625 0.010197546874999948 0.004934296875000044
1 0.693762140625 0.5570821171875 0.03848751562499994 0.01529632031250001
1 0.8299487343749999 0.5610295546875002 0.05559307812500004 0.023684625000000015
1 0.898370984375 0.5664572812499999 0.10164651562499998 0.037007226562499974
1 0.6148133906250001 0.5526412500000001 0.025987296875000017 0.00937516406250003
