1 0.19835873437500004 0.5240223281249999 0.08783048437499999 0.057731273437499994
1 0.499679796875 0.48800196093750003 0.022697765624999987 0.010855453125000025
1 0.87040996875 0.5077391484375 0.014473937500000034 0.011842312499999962
1 0.93620059375 0.5126734453124999 0.04111914062500001 0.020724046875000023
1 0.27432321002800913 0.4800365936156977 0.024342542293410575 0.02030109294418638
1 0.16710818749999998 0.476653078125 0.007894875000000004 0.007894875000000034
1 0.6167871093750001 0.527969464679537 0.05690919157046288 0.024178054687499985
1 0.29178172282046283 0.5960635139181941 0.17533211594015424 0.15246977343749996
1 0.99540340625 0.5166208828124998 0.009193187500000023 0.01578974999999998
1 0.9487008125 0.5014888998107828 0.019846745707188636 0.014473798248282942
1 0.47040296874999993 0.6471917706542216 0.20631626915692608 0.18158212499999998
1 0.8654756718750001 0.54672009375 0.05789575000000002 0.06167871093750001
1 0.0027961015625 0.48602824218749996 0.005592203125 0.011842312499999962
1 0.71645990625 0.49293625781249994 0.020724046874999996 0.011842312499999962
1 0.12960753125 0.4766530781249999 0.031908453124999986 0.024178054687499985
1 0.757908 0.5017631440065088 0.03983989357899406 0.02404093423502216
1 0.787184828125 0.52698290625 0.03848751562500006 0.020724046875000023
1 0.8003429531249999 0.5136603046875 0.025987296875000017 0.03404664843749998
1 0.3891515468749999 0.4880019609374999 0.018092421874999983 0.01282917187499999
1 0.9931006842174228 0.5087260078125 0.013798631565154314 0.011842312499999962
1 0.558891359375 0.559548843290154 0.10164651562499998 0.0705603925206443
1 0.7125124687500001 0.5368515 0.045395531249999975 0.0379940859375
1 0.9942521295211021 0.5305070995164751 0.011495740957795894 0.009868593749999998
1 0.618760828125 0.5166208828125 0.03848751562499994 0.011842312499999962
1 0.382572484375 0.48602824218749996 0.025987296875000017 0.019737187499999996
1 0.9387118632665377 0.572660382871349 0.1225762734669246 0.09868593749999999
1 0.851001734375 0.52698290625 0.03848751562500006 0.0281254921875
1 0.6049447968749999 0.4909625390624999 0.013158124999999998 0.009868593749999998
1 0.6878409843750001 0.49885741406249995 0.018750328125 0.02171090624999996
1 0.28882084375 0.4810939453125 0.016118703124999988 0.013816031250000017
1 0.7868557713725117 0.5807667421874999 0.18947686183001564 0.09177792187499997
1 0.9029761274946915 0.5106997265625 0.014473937500000034 0.0286190723477314
1 0.6455157252353901 0.5690063136830311 0.12522157547078028 0.08437628331574425
1 0.5368514999999999 0.5008311328125 0.025987296875000017 0.02516491406250001
1 0.8457374812234574 0.49293625781249994 0.022039658744691455 0.010855152179537165
1 0.9620234015899122 0.5163740744243419 0.022697765624999987 0.020970780427631563
1 0.8149264488321886 0.548364720123283 0.07949681953937725 0.03898094531250003
1 0.31941348437499995 0.48602824218749985 0.03125054687499998 0.01578974999999998
1 0.14679532385883612 0.561522984375 0.1593777836142241 0.12187713281249994
1 0.8329093125 0.5028048515624999 0.039803328124999975 0.024178054687499985
