1 0.46579762499999994 0.6227082656249999 0.2766495781250001 0.168752953125
1 0.56645728125 0.5008311328125 0.122699515625 0.085856765625
1 0.01307588671875 0.6419520234375 0.0261517734375 0.28520235937500005
1 0.22335917187499998 0.45642246093749994 0.0618431875 0.05970499218749996
1 0.7075781718749999 0.636524296875 0.27039946875 0.23536596093749998
1 0.324676734375 0.4692516328124999 0.04704029687499999 0.041448093749999956
1 0.402309671875 0.48553481249999997 0.10329128124999999 0.08141589843750001
1 0.9476229648437501 0.5521478203125 0.10475407031250003 0.09671221875000002
1 0.27961015625 0.46333047656249987 0.06283004687500003 0.049836398437499964
1 0.47138982812499997 0.49935084374999994 0.122699515625 0.07204073437499998
