1 0.040557649409424475 0.6092835717703867 0.08111529881884895 0.11190644677038675
1 0.052303546875 0.520074890625 0.072698640625 0.03404664843749998
1 0.09605431249999997 0.5343843515625 0.10493604687499998 0.054770695312500006
1 0.089146296875 0.5087260078125 0.0032895312499999995 0.003947437500000017
1 0.0055922031249999995 0.528956625 0.010855453125 0.05329040625000001
1 0.5933218007128261 0.5176077421875 0.0667776768106537 0.03437568708945724
1 0.6404717343749999 0.5077391484375 0.01578974999999995 0.014309460937499985
1 0.6886304541108207 0.513462959458769 0.048948189471641375 0.03424399366623101
1 0.03486903125 0.5156340234375 0.029605781250000004 0.014309460937499985
1 0.5608649662954754 0.523035636494287 0.01085556495452463 0.016283011943213042
1 0.03676051171875001 0.5363580703124999 0.07352102343750001 0.03996780468749996
1 0.472047734375 0.49540340625 0.05296145312500003 0.06365242968749998
4 0.6467218437500001 0.516127453125 0.014802890625000013 0.0281254921875
1 0.3663914825266224 0.7757599106218305 0.7327829650532448 0.44848017875633894
1 0.6329058125 0.5176077421875 0.033553218750000016 0.030099210937499964
1 0.0171055625 0.5126734453124999 0.025987296875000003 0.019737187499999996
