1 0.3891515468749999 0.5329040624999999 0.046053437499999995 0.055264124999999976
2 0.1926350854019807 0.5439567672962008 0.015131843749999992 0.04825726592907342
2 0.8280847105301538 0.5366869576422693 0.014144984375000055 0.05279690254286553
2 0.2055959084955651 0.5321991559978004 0.012923150761444931 0.02192235063776824
1 0.4018162545250311 0.492442828125 0.025493879525031106 0.033059789062500046
1 0.497377125 0.5812601718749999 0.19177967187499997 0.3597102421874999
1 0.20658256249999998 0.5422792265624999 0.062830046875 0.03898094531250003
1 0.173358296875 0.5437595156249999 0.03782960937500001 0.03898094531250003
1 0.7526447500000001 0.5728718671874999 0.09144896875000003 0.11743626562499995
1 0.4115203593750001 0.47467935937500005 0.011842312500000023 0.01529632031250001
1 0.792448078125 0.6044513671874998 0.12829171874999995 0.11743626562499995
1 0.81646165625 0.525996046875 0.08684362499999997 0.05279697656249995
1 0.6963937656249999 0.5299434843749999 0.06644853124999996 0.049836398437499964
1 0.38092771875 0.5190880312500001 0.025987296875000017 0.020724046875000023
1 0.033388742187499994 0.6932687109375 0.06677748437499999 0.24375426562500008
1 0.31546604687499996 0.5560952578124999 0.07204073437500001 0.06069185156249999
