1 0.0802645625 0.481587375 0.014473937500000004 0.020724046875000023
1 0.25329390625 0.6074119453125 0.261517734375 0.1801018359375
1 0.449021015625 0.5240223281249999 0.07138282812499999 0.05032982812500002
1 0.625339890625 0.4880019609375001 0.03782960937499998 0.020724046875000023
1 0.120725796875 0.481587375 0.03223740625000001 0.02171090624999996
1 0.088488390625 0.478626796875 0.005592203125000002 0.007401445312499977
1 0.1118440625 0.4870151015625 0.03157949999999999 0.018750328124999972
1 0.30173223725004156 0.5113164960903216 0.058718131578706804 0.01554303700693982
1 0.59014190625 0.5052719999999999 0.07960665624999995 0.058718132812500025
1 0.324018828125 0.472705640625 0.01907928124999998 0.012335742187500021
1 0.09539640625 0.4840545234375 0.014473937500000004 0.013322601562499958
1 0.49277178125 0.520074890625 0.0618431875 0.05575755468750003
1 0.9954445009197197 0.4914558823820993 0.009110998160560513 0.014309495484660317
1 0.66645903125 0.5067522890625 0.07138282812499999 0.04243495312499999
1 0.37007226562499995 0.504285140625 0.0947385 0.04243495312499999
1 0.3039526875 0.47566621875 0.01907928124999998 0.012335742187500021
