1 0.864159859375 0.5664572812499999 0.08552781250000005 0.07549474218750003
1 0.9572448437500001 0.5565886874999999 0.08551031250000006 0.08980420312500001
1 0.87830484375 0.5195814609375 0.0618431875 0.04835610937499997
1 0.17566096875 0.7727108906249999 0.35033507812500003 0.29753810156249993
1 0.926003046875 0.5551083984374999 0.05032982812500002 0.07401445312500003
1 0.9939231171874999 0.52106175 0.012153765625000071 0.01282917187499999
1 0.02179314453125 0.5866878984374999 0.0435862890625 0.058224703124999964
1 0.78619796875 0.5837273203125001 0.09013315625 0.07401445312500003
1 0.15395006249999998 0.5935959140625 0.12171265625000001 0.08388304687500003
1 0.681919828125 0.59803678125 0.12829171874999995 0.09523192968750002
