1 0.4496789218749999 0.5255026171875 0.006579062499999999 0.006908015625000008
1 0.32829521875 0.569417859375 0.042106000000000005 0.03898094531250003
1 0.4601517144312711 0.7085650312499998 0.2510986492624577 0.3456424647467798
1 0.5296145312499999 0.5225420390625001 0.029276828125000046 0.026151773437500036
1 0.259544015625 0.5452398046874999 0.026844303509710402 0.01578974999999998
1 0.679946109375 0.5491872421874999 0.16348970312499997 0.09621878906249996
1 0.08929582333355607 0.565470421875 0.03533255437483295 0.027138632812499973
1 0.20000349999999997 0.557575546875 0.00917198514041931 0.004934296875000044
1 0.34638764062500005 0.557575546875 0.03256635937500001 0.03898094531250003
1 0.500337703125 0.512180015625 0.0026316250000000116 0.0019737187499999642
1 0.43661054317180414 0.5284631953125001 0.0040072450385463775 0.009599459826541246
1 0.4756662187499999 0.5171143125 0.006579062499999999 0.004934296875000044
1 0.452310546875 0.5264894765625 0.006579062499999999 0.009868593749999998
1 0.317439765625 0.5546149687499999 0.022697765624999987 0.02220433593750002
1 0.4553807567918278 0.5264894765625 0.006579062499999999 0.009210673062620866
1 0.6092211875 0.500337703125 0.04210599999999995 0.018256898437500002
1 0.9454386603843213 0.5014068051672624 0.10655331055733062 0.07689278858273756
1 0.05000087499999999 0.5664572812499999 0.016118703124999998 0.02220433593750002
1 0.415467796875 0.5333974921875 0.00921068750000001 0.010855453125000025
1 0.113488828125 0.6054382265625 0.12006789062499999 0.085856765625
1 0.66645903125 0.5003377031249998 0.022697765624999987 0.0161330112552025
1 0.221385453125 0.57829959375 0.049342968749999994 0.055264124999999976
1 0.6750118125 0.514153734375 0.07796189062499993 0.03898094531250003
1 0.210858953125 0.5546149687499999 0.007894875000000004 0.009868593749999998
1 0.5593142733566665 0.5033264154309997 0.012509596810333198 0.007951143361999336
1 0.47171878124999994 0.5314237734375 0.016118703124999988 0.01578974999999998
1 0.48750853125 0.5171143125 0.006579062499999999 0.004934296875000044
1 0.4405778582780338 0.5297790374182811 0.006579062499999999 0.005921156249999981
1 0.645999750689777 0.5003377031249998 0.022697765624999987 0.01578974999999998
1 0.210858953125 0.5513403911381666 0.007894875000000004 0.005921156249999981
1 0.47237668749999995 0.5225420390625 0.007236968750000017 0.004934296875000044
1 0.070724921875 0.5723784375000001 0.006579062499999999 0.013816031250000017
1 0.143752515625 0.7687634531249999 0.28750503125 0.28224178124999993
1 0.27270214062500003 0.5723784375 0.048027156250000015 0.049836398437499964
1 0.29967629687499997 0.5664572812499999 0.025987296875000017 0.036020367187500034
