1 0.563496703125 0.45592903125 0.025987296875000017 0.053408390836050576
1 0.37730923437499997 0.4041189140625 0.024013578125000025 0.03009921093750001
1 0.5881681875000001 0.46777134374999996 0.06842225000000006 0.075988171875
2 0.5053818006697021 0.3676051171875 0.003179730580298035 0.013980058928394046
1 0.35461146875 0.4218823828125 0.024013578125000025 0.0379940859375
1 0.4796136562499999 0.3652713338918529 0.008552781249999994 0.007334762741573542
1 0.3828784745192839 0.40161732115392584 0.020463982692148382 0.028653366346074228
1 0.4883639097691847 0.36119053125 0.006579062499999999 0.006908015625000008
1 0.5566185432081479 0.4358329673749305 0.033224265625000034 0.045888960937500035
1 0.46382390625 0.37895399999999996 0.013816031250000017 0.016928189340154852
1 0.46119228125 0.3765571119190505 0.011842312500000023 0.01776346874999999
1 0.558891359375 0.45494217187499986 0.02450521349906675 0.04687582031249997
1 0.4778592197023832 0.35757201705357466 0.006798344702383178 0.007565951696425222
1 0.5480059507044094 0.423093490372057 0.030592640624999962 0.03875669712794298
1 0.46382390625 0.3782961842959505 0.012500218749999981 0.01776346874999999
1 0.5114584279559992 0.36316424999999997 0.009147006080999158 0.011842312500000007
1 0.4690882351838821 0.36661744861208845 0.005922235183882011 0.006415395137911473
1 0.4944823703833554 0.36410174174373344 0.011842312500000023 0.012779804243733438
1 0.4478547192806649 0.36415110937499995 0.00921068750000001 0.01282917187499999
1 0.47829784375 0.49589683593749995 0.054606218749999984 0.06365242968749998
1 0.365795875 0.4120137890624999 0.027303109374999992 0.033059789062499956
1 0.487837484375 0.4139875078125 0.031908453125 0.04391524218750002
1 0.69803853125 0.5886616171875 0.3924410781249999 0.252636
1 0.45362635937499995 0.39622403906250003 0.018750328125 0.01973718750000004
1 0.4633123052726363 0.3649185108410456 0.008552781249999994 0.00789487499999999
1 0.312832264007236 0.4643181451379115 0.11086097939358694 0.16382027465082297
1 0.26612307812499997 0.403131659935855 0.030921462166118314 0.0340458589342099
