1 0.691788421875 0.5324106328125 0.01842137500000002 0.019737187499999996
1 0.43652079687499995 0.54672009375 0.017105562499999987 0.023684625000000015
1 0.57040471875 0.545733234375 0.01907928124999998 0.01529632031250001
1 0.484547953125 0.5403055078125 0.01578975000000001 0.013322601562499958
1 0.22434603125 0.6093856640624999 0.02598729687499999 0.07845532031250002
1 0.9038974562186186 0.552246514934432 0.07585661523089063 0.05852076527971599
1 0.4227047656250001 0.5551083984374999 0.02894787500000001 0.03404664843749998
1 0.41250721875 0.544746375 0.004934296874999984 0.011348882812499994
1 0.7618554375 0.5363580703124999 0.022697765624999987 0.024671484375000042
1 0.512245819276648 0.536160702779716 0.007039608454242637 0.006710658947755998
1 0.420073140625 0.5314237734375 0.013816031250000017 0.012335742187500021
1 0.94935871875 0.5580689765625 0.020724046874999996 0.04835610937499997
1 0.467442390625 0.5373449296875 0.011513359374999983 0.00937516406250003
1 0.48489747084457946 0.637850415315899 0.15512198904004967 0.18176719925813245
1 0.63159 0.5363580703125 0.04111914062500001 0.023684625000000015
1 0.7426116961353206 0.5255026073188075 0.017105562499999987 0.01529632031250001
1 0.44540253125000007 0.54277265625 0.00625010937500002 0.011348882812499994
1 0.7082360781249998 0.525996046875 0.021381953124999954 0.020724046875000023
1 0.5982340678630784 0.529055161729137 0.013816031249999956 0.008585591300578344
1 0.675998671875 0.5324106328125 0.008881734375000032 0.014309460937499985
2 0.69803853125 0.5866878984374999 0.02532939062499994 0.08042903906249999
1 0.833238265625 0.5393186484375 0.029605781250000025 0.03108607031249999
1 0.55724659375 0.5447463749999999 0.02203985937500003 0.018750328124999972
1 0.476324125 0.5353712109375 0.007565921874999996 0.006414585937500039
2 0.7496840863554544 0.5166208828125001 0.006908015625000038 0.012335742187500021
1 0.496390265625 0.5412923671875001 0.007565921874999996 0.012335742187500021
1 0.30197896875 0.623695125 0.15296320312500003 0.15444349218750003
1 0.47138982812499997 0.5412923671875001 0.021381953125000012 0.012335742187500021
1 0.46119228125 0.545733234375 0.021381953125000012 0.010362023437499968
1 0.50592990625 0.5393186484375001 0.01842137500000002 0.012335742187500021
1 0.8723836874999998 0.5314237734375 0.05131668749999996 0.032072929687500015
1 0.45560007812500003 0.545733234375 0.012500218749999981 0.012335742187500021
