1 0.008223828125 0.544746375 0.0144739375 0.017270039062499975
1 0.21414848437499998 0.5373449296875 0.00953964062499999 0.008388304687500004
1 0.4440867187499999 0.5600426953125 0.032895312499999996 0.03898094531250003
1 0.5003377031249999 0.5373449296875 0.006908015624999978 0.00937516406250003
1 0.230596140625 0.5373449296875 0.023355671875000004 0.004934296875000044
1 0.4661265781250001 0.5393186484375001 0.010197546875000008 0.012335742187500021
1 0.07697503124999999 0.5412923671875001 0.010855453124999996 0.012335742187500021
1 0.087172578125 0.54277265625 0.016447656249999998 0.013322601562499958
1 0.195562729038506 0.5378383815810015 0.02236876808799722 0.012335742187500021
1 0.11118615625 0.54277265625 0.029605781249999998 0.012335742187500021
1 0.4750083125 0.5373449296875 0.008223828125000015 0.012335742187500021
1 0.15362110937499998 0.5447463750000001 0.038487515624999996 0.01529632031250001
1 0.23750415625 0.5363580703124999 0.017763468750000004 0.011348882812499994
