1 0.52435128125 0.5156340234375 0.008881734374999973 0.013322601562499958
2 0.258886109375 0.5437595156249999 0.006908015625000008 0.033059789062500046
1 0.387177828125 0.5363580703124999 0.025987296875000017 0.024671484375000042
1 0.37763818749999994 0.5265443076882929 0.025987296875000017 0.014309460937499985
1 0.10987034374999999 0.6009973593750001 0.152963203125 0.14506832812499998
1 0.18816118750000002 0.549680671875 0.04539553125 0.02861892187499997
4 0.17697678125000002 0.5383317890624999 0.017105562500000015 0.05329040625000001
1 0.9704117187500001 0.5106997265625 0.05822470312499999 0.08338961718749997
1 0.46053437499999994 0.520074890625 0.006908015624999978 0.012335742187500021
1 0.4661265781250001 0.5176077421875 0.008223828125000015 0.011348882812499994
2 0.6208440897218686 0.5176077421875 0.006908015625000038 0.02861892187499997
1 0.560207171875 0.5176077421875 0.03782960937499998 0.046382390625000006
1 0.44008448085807483 0.509795022543353 0.011513359374999983 0.011348882812499994
1 0.5019823782880414 0.5230354687500001 0.03519800246739173 0.03898094531250003
1 0.9485274845048767 0.7641581499480494 0.10294503099024664 0.2773077886728698
1 0.28947875000000006 0.5383317890624999 0.03421112500000003 0.0379940859375
1 0.3460586875 0.5363580703124999 0.013158124999999998 0.03108607031249999
1 0.42596446273499516 0.5149163890932638 0.018391540859995222 0.025120073131152765
2 0.5331389571856464 0.5132373434056939 0.00291359918787073 0.010362023437499968
1 0.410533558559483 0.5156342430355609 0.025987443273707278 0.03898116491056092
2 0.5311130792408444 0.5133313150106502 0.0027047338170777496 0.008607631138733307
1 0.32040034375 0.5314237734375 0.05427726562500001 0.049342968749999994
1 0.45296845312499995 0.5199103989851551 0.008004505938540104 0.012335742187500021
1 0.371388078125 0.5373449296875 0.013816031250000017 0.026645203125000006
1 0.4109721078217866 0.53306852809714 0.017763468750000004 0.021710889801959964
2 0.26085982812499997 0.5383317890624999 0.005592203125000002 0.017270039062499975
1 0.44737625 0.520074890625 0.00953964062499999 0.013322601562499958
1 0.44145509374999997 0.5250091874999999 0.013158124999999998 0.013322601562499958
1 0.07697503124999999 0.5580689765625001 0.152963203125 0.18108869531250002
1 0.42829696874999995 0.5324106328125 0.017763468750000004 0.016283179687500038
1 0.6986964375 0.5106997265625 0.06250109374999996 0.02861892187499997
