1 0.5523122968749999 0.581260171875 0.11480464062500004 0.0478626796875
1 0.404941296875 0.5881681875 0.100330703125 0.059211562499999995
1 0.9740302031249999 0.5881681875 0.04013228124999995 0.03404664843749998
1 0.69014365625 0.7952425254837342 0.5950762031249999 0.40905321093750013
1 0.9049500468749999 0.581260171875 0.00921068750000001 0.013816031250000017
1 0.811527359375 0.5881681875 0.05789575000000002 0.03898094531250003
1 0.71053875 0.5881681875 0.08651467187499999 0.03552693749999998
1 0.9279767656250001 0.5881681875 0.052303546875000016 0.04095466406249999
1 0.20805706617199365 0.8023893330543672 0.4161141323439873 0.39522133389126574
1 0.9819250781249999 0.5723784375 0.03256635937499996 0.027138632812499973
1 0.605602703125 0.5787930234375 0.04868506250000001 0.04884953906250002
1 0.6527247411433827 0.5848374649442006 0.06060967208250313 0.04416197306795535
1 0.9978430730308271 0.5865233423793196 0.004313853938345958 0.009868641447408155
1 0.851073079967156 0.5817964995373466 0.06743541808547064 0.04496646912012281
1 0.18610523046874997 0.5368514999999999 0.37221046093749993 0.19934559375000002
