1 0.445731484375 0.5243923402564376 0.007894874999999975 0.010362023437499968
1 0.0475337265625 0.6227082656249999 0.095067453125 0.09227135156249995
1 0.44382353848662 0.5437595156249999 0.02618469440821543 0.03128344810862664
1 0.30790012499999997 0.5412924856035201 0.022697765624999987 0.029605781249999998
1 0.26118878125000006 0.5324106328125 0.013487078125000006 0.011842312499999962
1 0.37500656250000003 0.5324106328125 0.017105562499999987 0.01924375781250003
1 0.6815908749999999 0.585207609375 0.20658256249999998 0.10115308593750001
1 0.2796100509913155 0.545733234375 0.030099118836151108 0.03700730550651334
2 0.297044671875 0.5664572812499999 0.025987296875000017 0.08042903906249999
1 0.322703015625 0.5388252187499999 0.014802785366315518 0.029605781249999998
1 0.019987809650791707 0.551019951321422 0.014802890624999999 0.011842312499999962
1 0.127304859375 0.572049445998031 0.06315899999999998 0.055593001371061754
1 0.070724921875 0.585207609375 0.06315899999999999 0.04884953906250002
1 0.030263687499999994 0.555601828125 0.022697765624999994 0.016776609375000008
1 0.0092106875 0.650340328125 0.018421375 0.04884953906250002
1 0.05855365625 0.5482003828125 0.013487078125 0.011842312499999962
1 0.08783048437499999 0.5595492656250001 0.011184406250000004 0.008388304687500004
1 0.0038715579406981377 0.5619404919927905 0.006908015624999999 0.005427726562500013
1 0.160529125 0.5595492656250001 0.016447656249999998 0.01282917187499999
1 0.26003739120084723 0.5514076178044792 0.02467145345405557 0.029605781249999998
1 0.9539640625 0.5778061640625001 0.08914629687500006 0.11595597656249997
1 0.4671134375 0.525996046875 0.007894874999999975 0.011842312499999962
1 0.33582462731496915 0.5386607213540798 0.02108955497687113 0.024671484375000042
1 0.197371875 0.5639901328124999 0.046053437499999995 0.03848751562499997
1 0.2355304375 0.555404472433733 0.04111914062500001 0.04243503404366553
1 0.47895574999999996 0.525996046875 0.021052999999999975 0.011842312499999962
1 0.349019265625 0.5343843515625 0.011184406250000004 0.02220433593750002
1 0.418428375 0.5556018281250001 0.03947437499999999 0.045888960937500035
