1 0.23194849794900957 0.5373997469235142 0.058188158300990445 0.0361300016595286
1 0.023684625 0.5595492656250001 0.04736925 0.08388304687500003
1 0.562180890625 0.545733234375 0.06250109375000003 0.05181011718750002
1 0.442441953125 0.6991898671874999 0.22697765624999994 0.3132381479211509
1 0.6292873281250001 0.5279697656250001 0.0618431875 0.03503350781250001
1 0.631918953125 0.537838359375 0.05723784374999994 0.04292838281250004
1 0.4667903590152227 0.545733234375 0.127610313939109 0.06410179957332929
1 0.381914578125 0.5407989375 0.05789575000000002 0.044902101562500005
1 0.09018015257456735 0.5578575036754326 0.10488905055043266 0.07528326930043265
1 0.30724221875 0.531917203125 0.04177704687500003 0.03108607031249999
