1 0.49112701562499994 0.472705640625 0.015131843749999992 0.021217476562499994
1 0.51382478125 0.4766530781249999 0.014144984374999996 0.01578974999999998
1 0.47007401562499995 0.4781333671875 0.016118703124999988 0.024178054687499985
1 0.365466921875 0.51119315625 0.04079018750000003 0.04583961930100085
1 0.5041370488852231 0.4712253515624999 0.006727154239776744 0.009868593749999998
1 0.170068765625 0.630603140625 0.3171108125 0.40411891406250006
2 0.542005125450403 0.4840545234375 0.010526500000000046 0.025411688513406715
1 0.4539553125 0.46974506250000003 0.011513359374999983 0.009868593749999998
1 0.30592640625 0.4939231171874999 0.02171090624999999 0.021217476562499994
1 0.4407971875 0.49540340625 0.03125054687499998 0.03848751562499997
1 0.33059789062499995 0.48948225 0.02565834374999998 0.024178054687499985
2 0.5677730937500001 0.5595492656250001 0.029276828125000046 0.1041136640625
1 0.5677730937500002 0.5136603046875 0.0618431875 0.09523192968750002
1 0.4161257031249999 0.4781333671875 0.006579062499999999 0.01578974999999998
2 0.3009921784561925 0.52106175 0.012829252469724573 0.03774744881009155
1 0.416783609375 0.4766530781249999 0.007565921874999996 0.01578974999999998
1 0.3907415724101926 0.4768998698566733 0.02171090624999999 0.044737419965537574
2 0.485205859375 0.5610295546874999 0.042763906250000025 0.04687582031249997
2 0.523364421875 0.5136603046875 0.01907928124999998 0.03996780468749996
1 0.02918277537245654 0.9077667031068316 0.05836555074491308 0.184466593786337
2 0.617445015625 0.4968836953125 0.014144984375000055 0.05575755468750003
1 0.32105825 0.4870151015625 0.03125054687499998 0.021217476562499994
1 0.47665307812499996 0.4712253515624999 0.02171090624999999 0.024178054687499985
1 0.36382215625000003 0.4810939453125 0.042763906250000025 0.04766560439683518
1 0.38434678053522287 0.762168244657499 0.3545567216859434 0.47566351068500207
1 0.4923485778564213 0.4674189637659472 0.017105562499999987 0.024178054687499985
1 0.42632325 0.482574234375 0.018092421874999983 0.03108607031249999
1 0.40823082812499994 0.4825742343749999 0.016118703124999988 0.024178054687499985
1 0.4518171528256329 0.48882431523949366 0.02549386005987344 0.03231963383981018
