1 0.7013280625 0.529943484375 0.02532939062499994 0.02516491406250001
1 0.8750153125 0.545733234375 0.053948312500000026 0.016776609375000008
1 0.6246819843750001 0.5156340234375 0.035197984375000026 0.016776609375000008
1 0.7384997656250001 0.5250091875 0.05329040624999995 0.0379940859375
1 0.65987996875 0.525996046875 0.045395531249999975 0.026151773437500036
1 0.81251421875 0.545733234375 0.02203985937500003 0.01282917187499999
1 0.899686796875 0.537838359375 0.055922031250000025 0.032072929687500015
1 0.8355409374999999 0.545733234375 0.05921156250000005 0.016776609375000008
1 0.5434305625 0.5787930234374999 0.10526499999999998 0.08684362500000002
1 0.8542912656249998 0.5309303437499999 0.05526412499999995 0.016776609375000008
