1 0.851001734375 0.5240223281249999 0.08026456250000003 0.03404664843749998
1 0.68619621875 0.5194552224411834 0.08017275980610125 0.04835610937499997
1 0.9595562656249998 0.5023114218749999 0.020724046874999996 0.010362023437499968
1 0.17686712472539742 0.5759147123791635 0.09671221875 0.10156424855833661
1 0.4565869375 0.741131390625 0.27171528125 0.35724309375
1 0.607576421875 0.5262921056250132 0.05595492562498686 0.040658605312486884
1 0.8798722102332495 0.5125573465998741 0.01896318253737424 0.008272205974874236
1 0.757579046875 0.5230354687500001 0.06447481249999995 0.037007226562499974
1 0.7947507500000001 0.5304369140624999 0.01644765625000003 0.02171090624999996
1 0.9513324375000001 0.52106175 0.08388304687500003 0.036020367187500034
1 0.2792813047513384 0.5167855372210922 0.01644765625000003 0.011678039190176825
1 0.5194169843750001 0.577312734375 0.11315987499999997 0.10707424218749999
1 0.49770607812499995 0.5173115897495689 0.01723712572610836 0.014309460937499985
1 0.990477859375 0.49540340625 0.013158124999999998 0.010362023437499968
1 0.341124390625 0.5353712109375 0.038487515624999996 0.03404664843749998
1 0.959556265625 0.49737712500000003 0.01907928124999998 0.012335742187500021
1 0.33355847861864313 0.586194446545553 0.07138282812499999 0.08807715851059728
1 0.09630102734374998 0.7618554523029646 0.19260205468749997 0.2743469136514823
1 0.2748220099960768 0.6239143509316152 0.1255139431289232 0.14112089062499997
1 0.09623374876301108 0.614768481469796 0.15218565934247233 0.11012448835455446
1 0.8010008593749999 0.5156340234375 0.04736924999999997 0.03108607031249999
1 0.2941937345576035 0.5317527419135946 0.01787308653096158 0.022697742598357974
1 0.9059369062500001 0.52106175 0.03157950000000002 0.02565834374999998
1 0.629287328125 0.528956625 0.08717257812499994 0.04440867187500004
1 0.55461496875 0.520074890625 0.024013578125000025 0.024671484375000042
1 0.98620146875 0.5087260078125 0.01907928124999998 0.012335742187500021
