1 0.14934471875 0.5324106328125 0.04736924999999999 0.029112351562500027
1 0.27138632812499996 0.5442529453124999 0.04605343750000002 0.04095466406249999
1 0.19013490625 0.5412923671875001 0.0407901875 0.04292838281249996
1 0.222701265625 0.5452398046875 0.046053437499999995 0.0379940859375
1 0.8266592031250002 0.5945827734375 0.17401620312500002 0.11792969531250001
1 0.268096796875 0.5284631953124999 0.025329390625000028 0.01578974999999998
1 0.407572921875 0.5052719999999999 0.22763556250000003 0.14605518750000002
1 0.2907945625 0.5304369140624999 0.02203985937500003 0.04095466406249999
1 0.24671484375 0.5422792265624998 0.01940823437499999 0.030099210937499964
1 0.1223703273090992 0.7369380931097161 0.2432602298686403 0.4127552768956256
1 0.43356021875 0.5644835624999999 0.14934471875 0.07204073437499998
4 0.8381725625 0.6167871093749999 0.05690889062499996 0.14704204687499994
