1 0.61777396875 0.5324106328125 0.007565921874999996 0.007401445312499977
1 0.40362548437499995 0.5477069531250001 0.027303109374999992 0.023684625000000015
1 0.4750083125 0.5366058025751903 0.007565921874999996 0.010855534518515241
1 0.45362635937499995 0.5560952578125 0.03157950000000002 0.03996780468749996
1 0.324676734375 0.577312734375 0.05822470312499999 0.066119578125
1 0.8434358124999998 0.5240223281249999 0.11118615624999997 0.0379940859375
1 0.4407971875 0.5412923671875001 0.006908015624999978 0.00937516406250003
1 0.893107734375 0.520074890625 0.01907928124999998 0.027632062500000033
1 0.9171213125000002 0.5126734453124999 0.01644765625000003 0.010362023437499968
1 0.44277090625 0.5333974921875001 0.008881734374999973 0.012335742187500021
1 0.452310546875 0.5363580703125 0.008881734374999973 0.006414585937500039
1 0.97393921484375 0.4909625390625 0.05212157031250004 0.03898094531250003
1 0.503627234375 0.57435215625 0.06052737500000003 0.07302759375000001
1 0.5016535156249999 0.5363580703125 0.012500218749999981 0.006414585937500039
1 0.645077078125 0.5304369140624999 0.008223828124999954 0.007401445312499977
1 0.6102080468750001 0.5333974921874999 0.004934296875000044 0.007401445312499977
2 0.5381673125 0.544746375 0.008223828124999954 0.019737187499999996
1 0.060527375 0.5620164140624999 0.029605781249999998 0.011348882812499994
1 0.25658343749999996 0.571391578125 0.04309285937499997 0.046382390625000006
1 0.7144861874999999 0.5240223281249999 0.013816031249999956 0.019737187499999996
1 0.5332330156249999 0.5393186484374999 0.010197546875000008 0.010362023437499968
1 0.9810473150794325 0.5105358107417148 0.026206719547949456 0.02351973240332441
1 0.911529109375 0.5250091875 0.03157950000000002 0.03108607031249999
1 0.480600515625 0.5393186484375 0.010855453125000025 0.014309460937499985
1 0.7934349375000002 0.5279697656250001 0.03914542187500002 0.023684625000000015
1 0.49408759374999994 0.5363580703125 0.004934296874999984 0.003947437500000017
1 0.95264825 0.5156340234375 0.030263687499999983 0.01529632031250001
1 0.5181011718749999 0.5363580703124999 0.01578975000000001 0.010362023437499968
1 0.7378418593750001 0.5240223281249999 0.03157950000000002 0.023684625000000015
1 0.41250721875 0.5753390156250001 0.05361935937499999 0.066119578125
1 0.3473745 0.6083988046875 0.085198859375 0.0873370546875
