1 0.434547078125 0.46333047656250004 0.014802890625000013 0.03454007812500004
1 0.46777134375000007 0.44951444531249996 0.01578975000000001 0.01924375781250003
1 0.45560007812500003 0.46777134374999996 0.010197546875000008 0.020724046875000023
1 0.8108694531249999 0.4662910546875 0.12269951562499995 0.075988171875
1 0.5490227656250001 0.46234361718749994 0.011184406250000004 0.033059789062500046
1 0.463166 0.47023849218749997 0.007236968750000017 0.016776609375000008
1 0.555272875 0.46234361718749994 0.012829171875000019 0.033059789062500046
1 0.9354516992187502 0.8907963124999998 0.1290966015624999 0.21840737500000013
1 0.54145684375 0.46234361718749994 0.01578974999999995 0.033059789062500046
1 0.50461409375 0.39721089843749996 0.019408234375000017 0.01924375781250003
1 0.57566796875 0.45938303906249994 0.04046123437500005 0.045888960937500035
1 0.481587375 0.40263862499999997 0.007236968750000017 0.010855453125000025
1 0.535864640625 0.46481076562499996 0.010197546875000008 0.02220433593750002
1 0.4804373427907425 0.4185510339960308 0.007236968750000017 0.013816031250000017
1 0.568431 0.45395531250000004 0.033224265625000034 0.05378383593749998
1 0.047040296875 0.636524296875 0.09408059375 0.18256898437500002
1 0.5157985 0.413494078125 0.010197546875000008 0.012335742187500021
1 0.18406954542039036 0.4919466519107858 0.13568806337003078 0.08166045529597454
2 0.42533639062499995 0.4613567578125 0.017105562499999987 0.06118528125000004
1 0.5157985 0.3986911875 0.00921068750000001 0.016776609374999963
1 0.5296145312499999 0.4401392812500001 0.007236968750000017 0.01529632031250001
1 0.531259296875 0.4662910546875 0.006579062500000058 0.016776609375000008
1 0.5332330156249999 0.45247502343749996 0.01578974999999995 0.01924375781250003
1 0.475995171875 0.4248429609375 0.011842312500000023 0.016776609375000008
1 0.18355584374999995 0.585207609375 0.13848926562499997 0.1534566328125
1 0.45198159375 0.46629105468750004 0.007236968750000017 0.023684625000000015
1 0.24539903124999998 0.4801070859374999 0.10065965624999998 0.06908015625
1 0.8496859218749999 0.42632324999999993 0.04342181249999998 0.033059789062499956
1 0.4690874178239728 0.44334598567731137 0.01200613512756803 0.01307529817731128
1 0.47040296875 0.4401392812500001 0.012829171875000019 0.01529632031250001
1 0.44556844646935023 0.46703061067731133 0.011842312500000023 0.026151773437500036
1 0.0133226015625 0.5092194375 0.026645203125 0.05378383593749998
1 0.4105335 0.4662910546875 0.026645203124999975 0.036020367187500034
1 0.08289618749999998 0.49540340625 0.12829171874999998 0.07204073437499998
1 0.381914578125 0.46925163281249993 0.03782960937499998 0.03996780468749996
