1 0.13511798306596798 0.5859475633519038 0.030428375789551286 0.03651392391123078
1 0.8745539932568398 0.7613624601026938 0.2508920134863203 0.41694880549008106
1 0.17763468750000003 0.5551083984374999 0.008881734375000002 0.010362023437499968
1 0.4250074375 0.577312734375 0.08092246874999999 0.045395531249999975
1 0.35559824589041933 0.5733652146404193 0.06315889035389238 0.0412012452750564
2 0.3504999096395615 0.6192541056901879 0.011513359374999983 0.017270039062499975
1 0.02828996875 0.571391578125 0.024013578124999994 0.024671484375000042
1 0.27603309172114193 0.5669504703730863 0.05917030303013376 0.04823281209422836
1 0.15033157812499998 0.969374990234375 0.30066315624999995 0.061250019531249936
2 0.609550140625 0.5664572812499999 0.01842137500000002 0.06266557031249995
1 0.21842487500000002 0.5827404609375 0.08848839062499998 0.07105387500000004
1 0.06381690625 0.5787930234374999 0.052961453125 0.02861892187499997
2 0.3473745 0.6034645078125 0.022697765624999987 0.0873370546875
2 0.328624171875 0.6064250859375 0.01644765625000003 0.03108607031249999
2 0.32033471652374906 0.6007999330337503 0.020724046874999996 0.08279733816375093
2 0.38200889975419466 0.5499627190934856 0.014473937499999975 0.027632062500000033
1 0.1203967819082967 0.5583650529275112 0.029408397006659336 0.023191102549945074
