1 0.664156359375 0.5106997265625 0.020395093750000017 0.013816031250000017
1 0.7638291562499998 0.5176077421875 0.025000437499999962 0.016776609375000008
1 0.716788859375 0.5077391484375001 0.01578974999999995 0.012335742187500021
1 0.73882871875 0.5797798828125 0.10789662499999994 0.10806110156250001
1 0.8042903906250001 0.5299434843750002 0.056250984375 0.045888960937500035
1 0.5036272343749999 0.5314237734375 0.04243495312499999 0.05970499218749996
2 0.309544890625 0.576325875 0.03618484375000002 0.1208902734375
1 0.481587375 0.5452398046874999 0.032237406249999975 0.06365242968749998
1 0.43257335937499997 0.5521478203125 0.09605431249999997 0.12039684374999995
1 0.700999109375 0.5546149687499999 0.07927770312499997 0.09276478125000001
1 0.6697485625 0.502311421875 0.01578974999999995 0.02220433593750002
1 0.38092771875 0.5965564921875 0.12829171875 0.12039684374999995
1 0.769421359375 0.5215551796875001 0.03125054687500004 0.020724046875000023
1 0.744420921875 0.5176077421875 0.019408234374999958 0.01529632031250001
