1 0.8315935 0.7199139140625 0.33487428124999996 0.33257160937499997
1 0.42961278125 0.5570821171875 0.1013175625 0.09128449218750001
1 0.02080628515625 0.5255026171874999 0.0416125703125 0.03996780468749996
1 0.03396441015625 0.6083988046875 0.0679288203125 0.139147171875
1 0.622708265625 0.6000105 0.19408234375000005 0.17368725000000004
1 0.39737537500000003 0.5309303437499999 0.03388217187499999 0.04391524218749998
1 0.047698203125 0.5778061640625001 0.081909328125 0.10756767187500005
1 0.35790099999999997 0.5131668750000001 0.032237406249999975 0.026151773437500036
1 0.36513796875000004 0.5324106328125 0.07927770312500003 0.057731273437499994
1 0.50592990625 0.5699112890625 0.11875207812499997 0.11052824999999995
