1 0.516127453125 0.5190880312499999 0.008223828125000015 0.010362023437499968
1 0.259544015625 0.5515557213654401 0.057501017368626756 0.05763260417794012
1 0.68356459375 0.5227862648457064 0.017763468749999945 0.02171090624999996
1 0.322703015625 0.5373449296875 0.029605781250000025 0.03108607031249999
1 0.49145596875 0.5250091875 0.01578975000000001 0.016283179687500038
1 0.8565939374999999 0.5154834887816416 0.010197546874999948 0.011348882812499994
1 0.6986964375 0.522048609375 0.01578974999999995 0.017684965985497847
1 0.8145089308178874 0.52106175 0.008923721010774936 0.011348882812499994
1 0.722039222724572 0.5220486093750001 0.013158124999999998 0.012335742187500021
1 0.4750083125 0.51908803125 0.008881734374999973 0.008388304687500004
1 0.820738046875 0.522323799522239 0.011750582450920415 0.012335742187500021
1 0.419415234375 0.525996046875 0.026645203124999975 0.033059789062500046
1 0.518759078125 0.5230354687500001 0.00953964062499999 0.012335742187500021
1 0.8061668137365792 0.5230354687500001 0.011434596841447823 0.01663066591736868
1 0.365795875 0.5477069531250001 0.045395531249999975 0.05131668750000005
1 0.47763993750000006 0.5240223281249999 0.010197546875000008 0.00937516406250003
1 0.7924416248083588 0.5101966169000383 0.0180859685583588 0.04342181250000001
1 0.502311421875 0.547706953125 0.043092859375 0.05329040625000001
1 0.4348105651718683 0.5238251185234342 0.015526803864578831 0.016085970085934154
1 0.481916328125 0.5156340234375 0.006908015624999978 0.006414585937500039
1 0.8229522417549417 0.5156340234375 0.014398100075664408 0.010324104725332184
1 0.46481076562499996 0.5373449296875 0.03157950000000002 0.03996780468749996
