1 0.4671134375 0.54277265625 0.08980420312500001 0.041448093749999956
1 0.118094171875 0.5472135234375 0.1250021875 0.06661300781249997
1 0.7661318281249999 0.5195814609375 0.04736924999999997 0.02861892187499997
1 0.6171160625000002 0.527969765625 0.038816468750000034 0.045395531249999975
1 0.5717205312499999 0.5057654296874998 0.031908453125 0.024178054687499985
1 0.57172053125 0.5363580703124999 0.09539640624999995 0.058224703124999964
1 0.42106 0.5279697656249999 0.04671134375000001 0.029605781249999998
1 0.529285578125 0.52698290625 0.01842137500000002 0.023191195312499958
1 0.66777484375 0.5245157578125 0.055922031250000025 0.03157949999999996
1 0.15888435937499998 0.5363580703124999 0.038158562499999986 0.03898094531250003
1 0.36250634374999996 0.528956625 0.03519798437499997 0.03503350781250001
1 0.83883046875 0.525996046875 0.04440867187500004 0.016776609375000008
1 0.508232578125 0.5225420390624999 0.031908453125 0.024178054687499985
1 0.7080716879208994 0.5321639981586922 0.03782963404882835 0.037007362268556145
1 0.7746846093749998 0.6064250859375 0.21974068749999998 0.168752953125
1 0.8000139999999999 0.5195814609375 0.03256635937499996 0.020230617187499966
