1 0.6171160625 0.576325875 0.07138282812499999 0.04440867187500004
1 0.027961006696119253 0.5486938125 0.037171703125 0.03108607031249999
1 0.5538109110644178 0.5486938125 0.026718323800767153 0.012335742187500021
1 0.7365260468749999 0.5590558359375 0.037171703125000025 0.02861892187499997
1 0.38355934375 0.5876747578125 0.11447568749999999 0.06167871093750001
1 0.09879546699515078 0.5551083984374999 0.05000087499999999 0.029112273425454038
1 0.7497654513849709 0.9257736520646109 0.5004690972300582 0.14845269587077842
1 0.28882084375 0.5876747578125 0.118094171875 0.05970499218749996
1 0.15822640295249885 0.5590558359375 0.07352069731624254 0.04243495312499999
1 0.47566621875 0.5817536015624999 0.08388304687500003 0.049342968749999994
1 0.24079368750000002 0.5817536015625 0.08388304687500003 0.05329040625000001
1 0.5418328175021331 0.557646051734118 0.04708730011441205 0.029676260027536473
1 0.442113 0.536499059487754 0.004511329349238006 0.009093185711992025
1 0.51119315625 0.545733234375 0.022697765624999987 0.013322601562499958
1 0.249675421875 0.5570821171875 0.056250984375 0.02861892187499997
1 0.46678448437500003 0.5506675312499999 0.010197546875000008 0.010362023437499968
1 0.6967227187499999 0.5610295546875 0.056250984375 0.03898094531250003
1 0.421388953125 0.5560952578125 0.07763293750000001 0.03898094531250003
1 0.66777484375 0.5551083984374999 0.01250021875000004 0.024671484375000042
1 0.49277178125000004 0.5486938125 0.025329390625 0.017270039062499975
1 0.5907998125000001 0.5551083984374999 0.05427726562500001 0.0379940859375
1 0.4756662187499999 0.545733234375 0.02768707541368709 0.025493786876276923
2 0.9916204453125 0.64145859375 0.01675910937500002 0.10312680468749998
1 0.516127453125 0.5551083984374999 0.032895312499999996 0.017270039062499975
