1 0.8204090937499999 0.504285140625 0.019408234374999958 0.011842312499999962
1 0.7572501266463542 0.5109464352381835 0.02269779852135419 0.021217501234765644
1 0.33882171875000006 0.49046910937499993 0.03256635937500001 0.024178054687499985
1 0.28487340625 0.47615964843749997 0.014144984374999996 0.008881734374999973
1 0.3970464514800411 0.4944165912825616 0.02894800822268504 0.02467150657878081
2 0.450336828125 0.7648160156249999 0.11447568749999999 0.3098738437499999
1 0.8821927958106167 0.5456884419746235 0.09222660671434706 0.055443936556527705
1 0.91768823046875 0.5955696328125 0.16462353906250005 0.10115308593750001
1 0.7618554375 0.6745183828125 0.35362460937499995 0.2600374453125001
1 0.28355759375 0.5442529453125 0.10394918749999998 0.02516491406250001
1 0.4269812154600822 0.4978706212988424 0.05789575000000002 0.024178054687499985
1 0.160200171875 0.4771465078124999 0.031908453125 0.01578974999999998
1 0.6995339413215206 0.5386905562355273 0.09402068034060267 0.0318934747726507
1 0.3467988476566797 0.4961435532484231 0.056744418996846235 0.015049603001576895
1 0.7197494375000001 0.5131668749999999 0.027961015625000012 0.024178054687499985
1 0.3926056953114454 0.5264895209700617 0.07927770312500003 0.04046125657878088
1 0.04103690234375 0.49145596874999997 0.0820738046875 0.12730485937499997
1 0.7813640119669851 0.5014750950521465 0.03671452188730757 0.018616523902444105
1 0.33092684375000003 0.634550578125 0.261517734375 0.18108869531250002
1 0.887186578125 0.6646497890624999 0.22467498437500003 0.21316162500000005
1 0.24276740624999998 0.802316671875 0.44967892187499997 0.3883291640625
1 0.53356196875 0.6286294218749999 0.14605518750000002 0.16233836718749997
1 0.8022870004836439 0.5477516028687053 0.0777522412443331 0.03759002706574632
