2 0.393098984375 0.610865953125 0.04473762500000002 0.16381865624999997
2 0.51382478125 0.5353712109375 0.01907928124999998 0.06118528125000004
2 0.51382478125 0.6192542578125 0.04638239062499997 0.15246977343749996
2 0.564154609375 0.607905375 0.032237406249999975 0.14802890624999998
2 0.6144844374999999 0.61777396875 0.037171703125000025 0.15246977343749996
2 0.816790609375 0.6547811953125 0.09868593750000004 0.227964515625
2 0.6618536875000002 0.54672009375 0.027632062500000033 0.07253416406250005
2 0.643761265625 0.6360308671875 0.049342968749999966 0.16085807812499997
1 0.973372296875 0.5906353359375001 0.052303546875000016 0.135199734375
2 0.459547515625 0.5324106328125 0.021052999999999975 0.06414585937500003
2 0.690472609375 0.54672009375 0.025658343750000038 0.08536333593750003
2 0.19572710937499999 0.675998671875 0.05888260937500001 0.2407936875
