1 0.39425031596575905 0.538085093779084 0.034046644090759116 0.05625097133477741
1 0.187832234375 0.7653094453125 0.37566446875 0.33849276562499997
1 0.3743486562499999 0.565393773226386 0.038487515624999996 0.04095466406249999
1 0.7743556562500001 0.5644835625 0.08132443095937383 0.03898094531250003
1 0.98824867578125 0.612839671875 0.023502648437500065 0.05378383593749998
1 0.5871813281250001 0.5736614541495969 0.06342219565403238 0.09730453329919415
1 0.866791484375 0.565470421875 0.04342181249999998 0.033553218750000016
1 0.0152963203125 0.5916221953124999 0.030592640625 0.032566359374999986
1 0.26480726562499995 0.563496703125 0.18158212499999996 0.09029763281249999
1 0.531917203125 0.5531346796875 0.05032982812500002 0.03157949999999996
1 0.03464978032623874 0.5690889829893581 0.06217217132074325 0.062007863584831034
