1 0.069409109375 0.46678448437500003 0.009539640624999996 0.01578974999999998
1 0.016118703125 0.6207345468750001 0.031250546875 0.11102167968750001
1 0.052303546875 0.4810939453125 0.00855278125 0.019737187499999996
1 0.05789575 0.5565886874999999 0.06644853125000001 0.09276478125000001
1 0.05690889062500001 0.476653078125 0.014144984375000003 0.017270039062499975
1 0.023684625 0.5136603046874999 0.03125054687499999 0.024178054687499985
1 0.11776521875 0.5067522890625 0.018092421874999997 0.03108607031249999
1 0.072040734375 0.4653041953125 0.011513359375000006 0.019737187499999996
1 0.037171703125 0.576325875 0.074014453125 0.11250196875
1 0.106251859375 0.5181011718749999 0.03717170312499999 0.04687582031249997
1 0.6352084843749999 0.8200801406249999 0.5746811093749999 0.31332785156250004
1 0.11776521875 0.49836398437499996 0.014144984374999996 0.01578974999999998
1 0.9643995742187499 0.8057706796874999 0.07120085156250001 0.19095728906250004
1 0.061843187499999994 0.4712253515624999 0.015131843750000007 0.024178054687499985
