1 0.21307930935210015 0.5504516715113581 0.07512473292043272 0.05600430268838563
1 0.6575772968749999 0.52698290625 0.08783048437500002 0.05032982812500002
1 0.35625623437500004 0.505272 0.00953964062499999 0.012335742187500021
1 0.4509944895991168 0.5402068769495736 0.05704039844223505 0.045395531249999975
1 0.292439328125 0.5146471640625 0.015131843749999992 0.012335742187500021
1 0.36711168749999995 0.5052719999999999 0.00953964062499999 0.010362023437499968
1 0.401651765625 0.50329828125 0.007565921874999996 0.008388304687500004
1 0.34046648437499993 0.5140550026392561 0.007171147592837397 0.012335742187500021
1 0.31086070312499997 0.5131669268197039 0.011513359374999983 0.011348986451907628
1 0.17993735937500002 0.5166208828125 0.0062501093749999905 0.019737187499999996
1 0.9121870156249999 0.5106997265625 0.07763293749999996 0.09177792187499997
1 0.32105825 0.5087260078125 0.00953964062499999 0.012335742187500021
1 0.42566534375000004 0.504285140625 0.00625010937500002 0.006414585937500039
2 0.092106875 0.5664572812499999 0.017763468750000004 0.058718132812500025
2 0.8546202187499998 0.5156340234375 0.017763468749999945 0.07006701562500002
1 0.00370072265625 0.5600426953125 0.0074014453125 0.017270039062499975
1 0.3263216036394076 0.5106997265625 0.010855384032061544 0.014309357298092351
1 0.583782077481222 0.505272 0.016009019917633913 0.01628321587391186
1 0.27105737499999993 0.528956625 0.006908015624999978 0.013322601562499958
2 0.550996484375 0.5437595156249999 0.014473937500000034 0.05230354687499998
1 0.8756732187500001 0.4899756796875 0.024013578125000025 0.03108607031249999
1 0.38882262829646924 0.5037917627572037 0.006908015624999978 0.010362023437499968
1 0.195069203125 0.5195815127572039 0.00953964062499999 0.014309460937499985
1 0.22730660937500005 0.5250091875 0.020066140625000006 0.012335742187500021
1 0.25197809374999997 0.5166208828125001 0.008223828125000015 0.012335742187500021
1 0.33701256292867304 0.5087260078124999 0.010197685060876911 0.010362023437499968
1 0.4023096477507255 0.5064232937200195 0.010197546875000008 0.009704105125362706
2 0.07138282812499999 0.5664572812499999 0.017763468750000004 0.057731273437499994
1 0.09375164062500001 0.5383317890624999 0.18750328125000001 0.09769907812499996
1 0.28141924297838844 0.5432661377572039 0.030921731935876905 0.04120171573432492
1 0.8825812343749999 0.5003377031249998 0.020724046874999996 0.057731273437499994
1 0.245727984375 0.5437595156249999 0.038487515624999996 0.045395531249999975
1 0.37007226562499995 0.50329828125 0.008881734374999973 0.012335742187500021
1 0.40987559375 0.5126734453124999 0.011513359374999983 0.013322601562499958
1 0.34803247534293846 0.5077392520769077 0.010197546875000008 0.012335742187500021
1 0.3329005625 0.5156340234375 0.011513359374999983 0.01529632031250001
1 0.37665132812499996 0.5042852442644078 0.005592203125000002 0.00937516406250003
1 0.031908453125 0.5807667421875 0.06381690625 0.06167871093750001
1 0.3833127064276521 0.5056420990999564 0.011513359374999983 0.010362023437499968
1 0.29309723437499996 0.5437595156249999 0.01907928124999998 0.03898094531250003
1 0.3044460575556523 0.5385785217958043 0.025329390625 0.03108607031249999
1 0.33086100824942144 0.5278711347620736 0.017763468750000004 0.02703997135258831
1 0.2881629375 0.520074890625 0.011513359374999983 0.006414585937500039
1 0.32040034375000004 0.5329042179591117 0.01710563159293847 0.026645203125000006
