1 0.259544015625 0.55066753125 0.05756679687499998 0.05575755468750003
1 0.68356459375 0.5244452704752962 0.01842137500000002 0.02171090624999996
1 0.199016640625 0.5551083984374999 0.052961453125 0.05032982812500002
1 0.85593603125 0.5159160984364556 0.010197546874999948 0.011348882812499994
1 0.6993543437500002 0.5223775471484959 0.01688627065100275 0.02171090624999996
1 0.8143344263925506 0.52106175 0.010197546874999948 0.012335742187500021
1 0.7220521093749999 0.5226699748073319 0.013158124999999998 0.012335742187500021
1 0.43652079687499995 0.5240223281249999 0.01842137500000002 0.017270039062499975
1 0.8230407187500001 0.5222459875661652 0.012039669637281017 0.013322601562499958
1 0.49211387500000003 0.5600426953125 0.22993823437500005 0.11940998437500001
1 0.8065930625 0.523912634197545 0.013158124999999998 0.0167217624112725
1 0.8477122031250001 0.5224971751303137 0.01806251258687581 0.012335742187500021
1 0.7934349375000002 0.5126734453124999 0.020066140625000038 0.04342181250000001
1 0.40987559375 0.5343843515625 0.03157950000000002 0.03404664843749998
1 0.48948225 0.5190880312499999 0.005592203125000002 0.007401445312499977
1 0.46546867187499996 0.520074890625 0.00953964062499999 0.00937516406250003
1 0.8200801406250001 0.5176077421875 0.01644765625000003 0.011348882812499994
