1 0.563496703125 0.45592903125 0.025987296875000017 0.05312951921175975
1 0.37730923437499997 0.4051057734375 0.024013578125000025 0.03108607031249999
1 0.5881681874999999 0.4670312183396762 0.06431037417935244 0.07894874999999998
2 0.5079036250000001 0.3676051171875 0.0026316250000000116 0.012335742187500021
1 0.35066403125 0.4218823828125 0.03322426562499998 0.0379940859375
1 0.47908733493408345 0.36612482812499997 0.007368544473874887 0.006908015625000008
1 0.382572484375 0.40165177302622324 0.021710911184148845 0.029112351562499982
1 0.48849539062499997 0.3613879122040699 0.006579062499999999 0.006908015625000008
1 0.5557300035533075 0.4354997650043654 0.033224265625000034 0.045888960937500035
1 0.46382390625 0.37895399999999996 0.014217190419588733 0.016776609375000008
1 0.46119228125 0.37599342187499996 0.011842312500000023 0.01776346874999999
1 0.558891359375 0.45494217187499986 0.024881128200039744 0.04687582031249997
1 0.47829784375 0.355269375 0.005263250000000023 0.006908015625000008
1 0.547706953125 0.4232543411168178 0.030592640624999962 0.03859584638318205
1 0.46382390625 0.37698028125 0.013476467206246904 0.015726084487481362
1 0.511182556421579 0.36316424999999997 0.008871134546578929 0.011842312500000007
1 0.49505250175830895 0.3636741432125183 0.011842312500000023 0.012352205712518317
1 0.44717386448029456 0.36415110937499995 0.00921068750000001 0.01282917187499999
1 0.491784921875 0.45198159374999997 0.03519798437499997 0.04292838281249996
1 0.365795875 0.41300064843749995 0.027303109374999992 0.036020367187500034
1 0.48717957812499996 0.40214519531250004 0.027961015625000012 0.037007226562499974
1 0.453626359375 0.3981977578125 0.019408234375000017 0.021710906250000005
1 0.484219 0.36415110937499995 0.00745626937138765 0.009210685307081513
1 0.46382390625 0.36415110937499995 0.008807875844112504 0.00789487499999999
1 0.29118933098569194 0.46974506250000003 0.12697590625000002 0.18158212499999996
1 0.2654213167215833 0.4014214964637812 0.02835577121731247 0.031546608634937454
