4 0.9559377812500001 0.600997359375 0.03552693750000001 0.13174572656250003
1 0.449021015625 0.539812078125 0.03914542187500002 0.04884953906250002
1 0.5407989375 0.5329040625000001 0.019408234374999958 0.020724046875000023
1 0.48487690625 0.529943484375 0.016776609375000008 0.02516491406250001
1 0.37862504687500004 0.5605361249999999 0.04111914062500001 0.044902101562500005
1 0.51777221875 0.5205682018905593 0.007894874999999975 0.005921156249999981
2 0.8523175468749999 0.5837273203125 0.022697765624999987 0.08338961718749997
1 0.49639026562499994 0.5536281093749998 0.038487515624999996 0.033059789062499956
2 0.39408584375 0.5373449296875 0.008223828125000015 0.023684625000000015
1 0.4733270395756296 0.5345487506388666 0.023648040214496232 0.030318487192122223
2 0.7776451874999999 0.5723784375000001 0.01842137500000002 0.06463928906250001
2 0.38586201562500005 0.5343843515625 0.008223828125000015 0.01529632031250001
2 0.8764952660336678 0.5861941726951481 0.02434233388009872 0.08857048087882405
1 0.495732359375 0.5215551796875 0.008552781249999994 0.01282917187499999
2 0.6809329687499999 0.55066753125 0.013158124999999998 0.04736925000000003
1 0.550996484375 0.539812078125 0.020724046874999996 0.026151773437500036
1 0.53356196875 0.5195814609375 0.007894874999999975 0.005921156249999981
1 0.5632774434386562 0.545733234375 0.03081202750231237 0.038323070860242135
1 0.51777221875 0.5541214971228637 0.062007845800923354 0.029112435441772267
1 0.5907998124999999 0.557575546875 0.058553656249999975 0.07993560937500002
1 0.506916765625 0.53487778125 0.03125054687499998 0.013816031250000017
2 0.880607515625 0.5817536015624999 0.01578974999999995 0.08338961718749997
1 0.5244524817130833 0.7038583989793052 0.21164327796918142 0.292755496069228
1 0.463166 0.5279697656250001 0.004605343750000005 0.006908015625000008
1 0.4250074375 0.54277265625 0.025987296875000017 0.03503350781250001
2 0.9108712031249998 0.5837273203125 0.021381953124999954 0.0873370546875
1 0.5776416875 0.525996046875 0.007894874999999975 0.008881734374999973
4 0.46941610937499995 0.520074890625 0.0026316250000000116 0.004934296875000044
1 0.495732359375 0.5176077421875 0.007894874999999975 0.009868593749999998
4 0.5730363437499999 0.5230354687500001 0.006908015625000038 0.011348882812499994
2 0.7959020468742187 0.5733652598676808 0.016776629934621687 0.06315898149634043
