1 0.3655772411465202 0.5388253173412897 0.04079018750000003 0.04391524218749998
1 0.364644404337222 0.563496703125 0.04736925000000003 0.04835610937499997
1 0.12171265625000001 0.5437595156249999 0.05789575000000002 0.032566359374999986
1 0.08733686738650383 0.6207345468750001 0.09868593749999999 0.09671221875000002
1 0.28586011446981013 0.524515767670447 0.02812550204544717 0.032566359374999986
1 0.16250284375 0.5240223281249999 0.06644853125000001 0.04391524218749998
1 0.25164898946981007 0.533890921875 0.020559580170447175 0.037007226562499974
1 0.20329303124999995 0.5595492656250001 0.04276390625 0.05131668749999996
1 0.1310330294762279 0.5950762080538586 0.06743538733909418 0.07960666063120776
1 0.25872147179936295 0.5272296063068292 0.03125054687499998 0.042188253068170756
1 0.32665045312499996 0.5353712109375 0.016118703124999988 0.009868593749999998
1 0.172700390625 0.5738587265625 0.05032982812499999 0.05970499218749996
1 0.30493954687499997 0.5264894765625 0.015131843749999992 0.02861892187499997
1 0.227964515625 0.5407989375 0.04375076562499999 0.04835610937499997
1 0.381914578125 0.52106175 0.02861892187499997 0.03996780468749996
1 0.481587375 0.502311421875 0.04473762500000002 0.017270039062499975
1 0.37599342187500007 0.5324106328125 0.03421112500000003 0.05131668749999996
1 0.36645378125000005 0.6118528125 0.07039596875 0.07845532031250002
1 0.31513709375 0.5309303437499999 0.014144984374999996 0.019737187499999996
