2 0.7723819375000001 0.5432660859375 0.010855453125000025 0.04440867187500004
1 0.6159932129732385 0.6455051782491221 0.3382306309081993 0.24592692674115035
1 0.32566359375000004 0.7574145703124999 0.43586289062500005 0.3473744999999999
1 0.46645553125000006 0.5565886874999999 0.089146296875 0.05575755468750003
1 0.9039631875 0.6034645078125 0.19079281250000005 0.12681142968749998
1 0.6924463281250001 0.5393186484375 0.05789575000000002 0.03404664843749998
1 0.2697415625 0.553628109375 0.12072579687499999 0.07105387499999996
2 0.7993560937499999 0.5432660859375 0.010855453125000025 0.04440867187500004
1 0.35329565625 0.5482003828125 0.11217301562499997 0.07993560937500002
1 0.62961628125 0.5353712109375 0.027632062500000033 0.017270039062499975
1 0.20987209374999996 0.563496703125 0.13388392187499995 0.07401445312500003
1 0.8194222343750002 0.5437595156249999 0.042763906250000025 0.04835610937499997
1 0.022039859375 0.563496703125 0.04407971875 0.05575755468750003
1 0.5671151875 0.5240223281249999 0.055922031250000025 0.02861892187499997
2 0.02171090625 0.529943484375 0.014473937500000002 0.020230617187499966
1 0.9772025449591694 0.5689232553424588 0.04559491008166129 0.053123469155033035
2 0.66382740625 0.533890921875 0.005263250000000023 0.020230617187499966
1 0.7181046718749999 0.533890921875 0.032237406249999975 0.02565834374999998
1 0.11381778125 0.7741911796874998 0.225990796875 0.3814211484374999
