1 0.692446328125 0.6508337578125 0.07467235937500002 0.033059789062500046
1 0.55461496875 0.623695125 0.004934296875000044 0.012335742187500021
1 0.6473797499999999 0.6340571484375 0.021381953124999954 0.02565834374999998
1 0.16677923437499995 0.6360308671875 0.03157949999999999 0.013322601562499958
1 0.0355269375 0.6310965703125 0.004934296874999999 0.00937516406250003
1 0.07565921875 0.644419171875 0.008881734375000002 0.011348882812499994
1 0.626655703125 0.6360308671875 0.017105562499999987 0.024671484375000042
1 0.058882609375 0.644419171875 0.008223828124999999 0.010362023437499968
1 0.11809417187499997 0.638498015625 0.008223828124999999 0.011348882812499994
1 0.6720512343749999 0.6340571484375 0.01644765625000003 0.016283179687500038
1 0.60527375 0.6227082656249999 0.008223828124999954 0.010362023437499968
