1 0.44803415625000004 0.624681984375 0.10197546875000002 0.10362023437499994
1 0.268754703125 0.5861944687499999 0.06611957812500004 0.05378383593749998
1 0.00386519921875 0.5778061640625001 0.0077303984375 0.029112351562500027
1 0.056908890625 0.5945827734375 0.059869468749999995 0.07056044531249998
1 0.376322375 0.6000105 0.08651467187499999 0.07845532031250002
1 0.22533289062499998 0.575339015625 0.03223740625000001 0.036020367187500034
1 0.933897921875 0.89844447265625 0.13158124999999998 0.20311105468750004
1 0.03684275 0.5708981484375 0.04769820312500001 0.03157949999999996
1 0.04144809375 0.6360308671875 0.0828961875 0.10460709374999996
1 0.17664782812500004 0.5630032734375 0.027632062500000002 0.01924375781250003
1 0.185858515625 0.5780550893454042 0.06266409668639723 0.04391524218749998
1 0.31842662499999996 0.593103690069084 0.07039570081798133 0.057731273437499994
