1 0.2407936875 0.5931024843749999 0.021381953125000012 0.04736925000000003
1 0.526325 0.6123462421875001 0.05690889062500002 0.066119578125
1 0.5414568437499999 0.576325875 0.013816031249999956 0.016283179687500038
1 0.155265875 0.5960630625000001 0.102304421875 0.054770695312500006
1 0.42270476562500003 0.5857010390624999 0.010855453125000025 0.022697765624999987
1 0.5181011718749999 0.577312734375 0.015131843749999992 0.013322601562499958
1 0.435862890625 0.6024776484375 0.024013578125000025 0.04243495312499999
1 0.19770082812499995 0.600997359375 0.024013578124999994 0.04243495312499999
1 0.492113875 0.5931024843749999 0.02828996874999999 0.016283179687500038
1 0.21743801562499998 0.599023640625 0.038487515624999996 0.04736925000000003
1 0.062172454188306366 0.5896485127428815 0.0731373091123449 0.04029680605300871
1 0.11381778125 0.7544539921875 0.22566184375 0.3182621484374999
1 0.013158125 0.6024776484375 0.025329390625 0.0379940859375
1 0.453626359375 0.5876747578125 0.023355671875000004 0.023684625000000015
1 0.292439328125 0.6024776484375 0.055593078125000014 0.058718132812500025
1 0.258886109375 0.5857010390624999 0.025329390625000028 0.032072929687500015
1 0.38586201562500005 0.6074119453125 0.07763293750000001 0.09375164062500004
