1 0.07977113281249999 0.7312627968750001 0.15954226562499998 0.49194939843750013
1 0.5250091875 0.52698290625 0.011842312500000023 0.011842312499999962
1 0.35066403125 0.5664572812499999 0.046053437499999995 0.045888960937500035
1 0.450336828125 0.539812078125 0.02861892187500003 0.03898094531250003
1 0.499679796875 0.5195816550133745 0.003947437499999987 0.003947437500000017
1 0.4787364888511452 0.5421148728034358 0.004605343750000005 0.00460522094656417
2 0.35132193749999996 0.5373449296875 0.008223828125000015 0.019737187499999996
1 0.4144809375 0.557575546875 0.04934296875000002 0.06069185156249999
2 0.98422775 0.6167871093749999 0.026645203124999975 0.11447568749999996
2 0.34244020312500006 0.5373449296875 0.008223828125000015 0.018750328124999972
1 0.386519921875 0.551654390625 0.025987296875000017 0.0379940859375
1 0.46908715624999997 0.5329040624999999 0.014473937499999975 0.02171090624999996
2 0.74540778125 0.57040471875 0.022697765624999987 0.07006701562500002
1 0.834225125 0.723367921875 0.258886109375 0.22154992968749995
1 0.5250091875 0.53487778125 0.011184406250000004 0.018750328124999972
1 0.5197459375 0.5195814609375 0.008552781249999994 0.005921156249999981
1 0.54014103125 0.539812078125 0.025987296875000017 0.03108607031249999
1 0.4996797968750001 0.5417861619965383 0.044243860617756606 0.018750328124999972
1 0.566128328125 0.5437595156249999 0.04111914062500001 0.04884953906250002
1 0.499679796875 0.52698290625 0.020724046874999996 0.005921156249999981
1 0.486521671875 0.5146471640625 0.003947437499999987 0.005921156249999981
1 0.49449865748546756 0.6275190561288789 0.1191631418604676 0.16344847759205638
1 0.24539903124999995 0.5945827734375 0.100988609375 0.102633375
1 0.4657975032928205 0.539812078125 0.006579062499999999 0.02516491406250001
1 0.47698203125 0.5195814609374999 0.008552781249999994 0.009868593749999998
4 0.5490227656250001 0.5237756595380858 0.007565921874999996 0.019490518913085973
2 0.99729488671875 0.6093856640624999 0.005410226562500024 0.095725359375
