1 0.814158984375 0.516127453125 0.04013228124999995 0.04391524218749998
1 0.8279750156250001 0.5363580703124999 0.004934296875000044 0.007401445312499977
1 0.8299487343749999 0.48208080468750003 0.01578974999999995 0.01924375781250003
1 0.78093471875 0.46925163281250004 0.006908015625000038 0.014802890625000042
1 0.9931007343749999 0.5541215390625001 0.013798531250000086 0.066119578125
1 0.9237003749999999 0.5116865859375 0.027303109375000054 0.036513796875000004
1 0.7927770312499999 0.47171878125000005 0.014802890625000013 0.014802890625000042
1 0.7769872812499999 0.486521671875 0.006908015625000038 0.011842312499999962
1 0.8240275781249999 0.4791202265625 0.01842137500000002 0.020724046875000023
1 0.610865953125 0.719420484375 0.25822820312499994 0.3123409921875
1 0.810211546875 0.5013245625 0.033224265625000034 0.020724046875000023
1 0.7898164531249999 0.5541215390625001 0.08125142187499997 0.08931077343750005
1 0.839817328125 0.48504138281250003 0.017434515624999966 0.02220433593750002
1 0.7908033124999999 0.5906353359375001 0.07829084375000003 0.09819250781250002
1 0.95988521875 0.525996046875 0.036184843749999966 0.04687582031249997
1 0.9394901250000002 0.516127453125 0.035197984375000026 0.03947437499999999
1 0.8914629687499999 0.5013245625 0.021381953124999954 0.029112351562500027
1 0.85330440625 0.4880019609375001 0.026316249999999996 0.020724046875000023
1 0.81514584375 0.5274763359374999 0.036184843749999966 0.04391524218749998
1 0.9812584218749999 0.531917203125 0.03748315625000001 0.06463928906250001
1 0.741789296875 0.634550578125 0.11644940624999998 0.17171353125
2 0.861528234375 0.57435215625 0.027961015625000012 0.03503350781250001
1 0.8065930625 0.4746793593749999 0.01842137500000002 0.013322601562499958
1 0.89935784375 0.504285140625 0.03125054687500004 0.03059264062500002
1 0.7977113281250001 0.5028048515625001 0.008881734375000032 0.017763468750000032
