1 0.5960630625000001 0.5176077421875 0.04177704687499997 0.0281254921875
1 0.571391578125 0.5126734453124999 0.012171277137841349 0.013816031250000017
1 0.6401427812500001 0.5240223281249999 0.08388304687500003 0.04095466406249999
1 0.57435215625 0.5176077421875 0.007894874999999975 0.016776609375000008
1 0.5134958281249999 0.5146471640625 0.007236968750000017 0.009868593749999998
1 0.4996797968750001 0.5097128671875 0.004605343750000005 0.006908015625000008
1 0.509548390625 0.5106997265625 0.004605343750000005 0.005921156249999981
1 0.504943046875 0.5210617327307381 0.016776609375000008 0.017763468750000032
1 0.493100734375 0.5106997265625 0.011842312500000023 0.011842312499999962
1 0.52303546875 0.5185946015624999 0.012500218749999981 0.013816031250000017
1 0.4835610937499999 0.5097128671875 0.006579062499999999 0.006908015625000008
