1 0.502969328125 0.510206296875 0.004605343750000005 0.009868593749999998
1 0.577970739316859 0.5042848445494229 0.02269783141957262 0.009868593749999998
1 0.5486938124999999 0.5072457187499999 0.00953964062499999 0.008881734374999973
1 0.28882084375 0.557575546875 0.080593515625 0.10608738281250005
1 0.509548390625 0.5111931562499998 0.013487078124999977 0.01578974999999998
1 0.534219875 0.5111931562499998 0.008552781249999994 0.009868593749999998
1 0.408888734375 0.512180015625 0.018750328125 0.010855453125000025
1 0.09539640624999998 0.5393186484374999 0.03125054687499999 0.01282917187499999
1 0.11283092187499998 0.5373449296875 0.01677660937499999 0.014802890625000042
2 0.3684275 0.5230354687500001 0.003289531250000029 0.020724046875000023
2 0.36645378125000005 0.5230354687500001 0.004276390625000026 0.022697765624999987
1 0.492442828125 0.5131668749999999 0.013487078124999977 0.01578974999999998
1 0.46777134375000007 0.512180015625 0.009868593750000028 0.010855453125000025
1 0.258228203125 0.5314237734375 0.016776609375000008 0.010855453125000025
1 0.5898129531249999 0.5185946015624999 0.029276828125000046 0.020230617187499966
1 0.5463911406249999 0.5245157578124999 0.018750328125 0.024178054687499985
1 0.346387640625 0.5363580703124999 0.031908453125 0.037007226562499974
1 0.6368532499999999 0.5082325781249999 0.029934734375000004 0.021217476562499994
1 0.169410859375 0.583233890625 0.08486990625000002 0.07204073437499998
1 0.4811926070374035 0.5068506481299477 0.004605343750000005 0.005921156249999981
1 0.38355934374999995 0.5314237734375 0.02203985937499997 0.02220433593750002
1 0.446389390625 0.5131668749999999 0.012829171875000019 0.01282917187499999
1 0.555601828125 0.5412923671875001 0.04210599999999995 0.0478626796875
1 0.6062606093749998 0.50329828125 0.024671484374999983 0.011842312499999962
1 0.61777396875 0.506258859375 0.007236968750000017 0.006908015625000008
1 0.5197459375 0.5245157578124999 0.024013578125000025 0.033059789062499956
1 0.08486990625 0.5294500546875 0.019408234375000003 0.010855453125000025
