1 0.7312627968750001 0.49935084375 0.021052999999999975 0.02220433593750002
1 0.3881646875 0.5284631953125001 0.014802890625000013 0.01529632031250001
2 0.4253363906249999 0.5329040625 0.008881734374999973 0.022697765624999987
2 0.28421550000000007 0.544746375 0.004605343750000005 0.022697765624999987
1 0.813665542354286 0.6330703260621415 0.26809673932000194 0.3029657417925028
1 0.378954 0.5324106328125 0.010197546875000008 0.01529632031250001
1 0.33750590625 0.5462266640625 0.026645203124999975 0.029112351562500027
2 0.8003429531249999 0.49885741406249995 0.009868593749999969 0.04194152343750002
1 0.6721746285416411 0.5656554730397623 0.10238661339018394 0.13612486994321316
1 0.5896484971178564 0.5227887847392848 0.013816031249999956 0.026151773437500036
2 0.4249666083348611 0.51514059375 0.0034539764637987838 0.0048725828967736366
1 0.368098546875 0.5353712109375 0.019408234375000017 0.024671484375000042
1 0.575996921875 0.5077391484375001 0.006579062500000058 0.006908015625000008
1 0.5432661254059548 0.5720084540383983 0.1257423122970226 0.11780628855505659
1 0.5649770374092842 0.7048643764264264 0.19868771216642767 0.2477016537921445
1 0.6059317138087386 0.527476422275608 0.03536244860348461 0.03848751562499997
2 0.930608390625 0.51514059375 0.014473937500000034 0.07549474218750003
1 0.31382128125 0.5393186484375001 0.030263687499999983 0.03454007812500004
1 0.6026421249999998 0.4939231171874999 0.017434515624999966 0.009868593749999998
1 0.5960630871664279 0.5104530795514265 0.027632062500000033 0.02763202550035837
1 0.35005330208537916 0.5393187527460935 0.01644765625000003 0.024671484375000042
1 0.5455688030342842 0.5082326274578556 0.03486903124999999 0.013816031250000017
1 0.548364859375 0.4870151015625 0.027632062500000033 0.02220433593750002
1 0.43421812499999995 0.5131668749999999 0.006579062499999999 0.009868593749999998
1 0.55856240625 0.5131668749999999 0.07533026562499998 0.049836398437499964
2 0.6223793125 0.49885741406249995 0.005263250000000023 0.02171090624999996
1 0.6073132630585972 0.5427726582233557 0.033224265625000034 0.05723784572335564
1 0.6415598531075095 0.5425829059619185 0.06781492409219976 0.09864792823851767
1 0.4838353145454372 0.5128380369936283 0.02203985937500003 0.033059789062499956
2 0.4407971875 0.5166208828125001 0.005263250000000023 0.014802890625000042
1 0.5675263721227619 0.4881253155843117 0.019408234374999958 0.020724046875000023
