1 0.404941296875 0.5437595156249999 0.029605781250000025 0.02565834374999998
1 0.547049046875 0.5314237734375 0.008881734375000032 0.012335742187500021
1 0.4719160773390503 0.5337918949007264 0.00717132969689942 0.011348882812499994
1 0.45856065625000003 0.545733234375 0.029605781250000025 0.0379940859375
1 0.3157950000000001 0.57435215625 0.06250109375000003 0.07006701562500002
1 0.43586289062500005 0.5333974921874999 0.00625010937500002 0.007401445312499977
1 0.828961875 0.500337703125 0.03157950000000002 0.023684625000000015
1 0.444744625 0.5343843515625 0.008223828125000015 0.010362023437499968
1 0.6671169374999998 0.5240223281249999 0.013816031249999956 0.012335742187500021
1 0.437178703125 0.5279697656249999 0.011513359374999983 0.018750328124999972
1 0.45921856250000004 0.5255027800078994 0.009539423531134083 0.00456402108387568
1 0.5016535156249999 0.5723784375000001 0.07138282812499994 0.09276478125000001
1 0.94935871875 0.4963902656250001 0.022697765624999987 0.012335742187500021
1 0.50592990625 0.5304369140624999 0.013816031250000017 0.007401445312499977
1 0.735868140625 0.5156340234375 0.032237406249999975 0.012335742187500021
1 0.074014453125 0.57040471875 0.03092159375 0.019737187499999996
1 0.660866828125 0.5156340234375 0.002631624999999952 0.007401445312499977
1 0.5717205312500001 0.5240223281249999 0.004934296875000044 0.007401445312499977
1 0.6164581562499999 0.5230354687500001 0.004934296875000044 0.012335742187500021
2 0.5592203125 0.5383317890624999 0.008223828124999954 0.024671484375000042
1 0.8465548731556629 0.5032978372476418 0.08272660491037959 0.04317365464858556
1 0.7720529843749998 0.5156340234375 0.017105562499999987 0.012335742187500021
1 0.52106175 0.52698290625 0.01644765625000003 0.012335742187500021
1 0.5434305625 0.5324106328125 0.01578974999999995 0.012335742187500021
1 0.480600515625 0.5314237734375 0.00953964062499999 0.013322601562499958
1 0.4947454999999999 0.528956625 0.006908015624999978 0.003947437500000017
1 0.42566534375000004 0.5343843515625 0.01644765625000003 0.00937516406250003
1 0.423362671875 0.5600426953125 0.0457246323757861 0.05625120637617913
1 0.38092771875 0.5886616171875 0.06710643750000003 0.07302759375000001
1 0.51053525 0.520074890625 0.032237406249999975 0.01529632031250001
1 0.7927770312499999 0.5126734453124999 0.03848751562499994 0.01529632031250001
