1 0.45856065625000003 0.49030452974910943 0.04736924999999997 0.03996780468749996
2 0.08355409374999999 0.563496703125 0.026645203124999992 0.11792969531250001
1 0.5917866718750001 0.48800196093750003 0.016118703125000047 0.02861892187499997
1 0.5824443370644744 0.4884950603223716 0.015723926344737175 0.02861892187499997
1 0.60593165625 0.49239841128925493 0.028917940809882955 0.04337691121482452
1 0.459547515625 0.5002280585481302 0.018092421874999983 0.03108607031249999
1 0.5042851406250001 0.5279697656249999 0.060856328125000005 0.07253416406249995
1 0.4038543162200317 0.5093696194199524 0.07138282812499999 0.06957358593749996
1 0.5868523750000001 0.4870151015625 0.016118703125000047 0.024178054687499985
1 0.6315900000000002 0.49836398437499996 0.05032982812500002 0.05131668749999996
1 0.7151440937499999 0.5114384630012081 0.09671221874999994 0.10300314553150888
1 0.44673263839254757 0.5130310171136626 0.032237406249999975 0.058224703124999964
1 0.34523666753793125 0.5489399830681031 0.16710818749999998 0.08388304687500003
1 0.3866589304809543 0.5120617057190249 0.07204073437500001 0.03765346398927392
2 0.1275740237744991 0.562823833245804 0.03142996239496485 0.11546254687499999
