1 0.5776416875 0.5023114218750001 0.027632062500000033 0.01529632031250001
1 0.07459012109375 0.5960630625000001 0.1491802421875 0.2027996015625
1 0.560207171875 0.492442828125 0.023026718749999966 0.02220433593750002
1 0.44704729687499994 0.4978717011147564 0.03782960937499998 0.057731273437499994
1 0.31184756249999995 0.5284631953125 0.10197546874999999 0.10362023437500004
1 0.42698115624999994 0.5393186484375 0.04243495312499999 0.0675998671875
1 0.4058458503211681 0.502311421875 0.01122550123077429 0.011965713409606237
2 0.6579062499999999 0.5422792265624999 0.017434515624999966 0.07352102343749997
1 0.48487690625 0.5309303437499999 0.08289618749999998 0.059211562499999995
1 0.23092432946516234 0.5565890696424189 0.12089065557991881 0.10214109173975645
1 0.8778849023437499 0.8474978574218749 0.2442301953125001 0.30500428515625
1 0.493100734375 0.4939231171874999 0.06710643750000003 0.11151510937499998
1 0.6164581562499999 0.516127453125 0.02203985937500003 0.02220433593750002
1 0.740473484375 0.5916221953124999 0.07829084375000003 0.09523192968750002
1 0.84277790625 0.610865953125 0.17763468750000003 0.17368725000000004
1 0.615471296875 0.5723784375000001 0.09375164062500001 0.10213994531250004
1 0.5355356874999999 0.49935084375 0.02861892187500003 0.045395531249999975
2 0.67895925 0.5161274531250001 0.005592203125000002 0.00937516406250003
1 0.566786234375 0.49540340625 0.028125874329918806 0.01998218270286527
1 0.14539728125 0.5570821171875 0.08289618749999998 0.07845532031250002
1 0.40247413116576247 0.4939231171874999 0.004605332235508364 0.008881694074279255
1 0.41941523437500006 0.4939231171875001 0.023026718750000025 0.026151773437500036
2 0.6720512343749999 0.51908803125 0.00921068750000001 0.023191195312499958
2 0.3644800625 0.48750853124999993 0.005592203125000002 0.008388304687500004
1 0.5338242181344718 0.4751734116412692 0.02019747284349235 0.021315041858215356
1 0.6431033593749999 0.5255026171874999 0.06250109374999996 0.075988171875
1 0.574023203125 0.5008311328125 0.01842137500000002 0.012335742187500021
1 0.6891567968750001 0.5560952578125 0.05789575000000002 0.075988171875
1 0.18224003125 0.520074890625 0.016447656249999998 0.01529632031250001
1 0.4123754377700485 0.5002388673900363 0.026842375270048475 0.016776609375000008
1 0.5463911406249999 0.5166212649549189 0.035362078795081214 0.03996780468749996
1 0.5776416875 0.5393186484374999 0.05065878125 0.06069185156249999
1 0.4875085312500001 0.6276425625 0.13980507812500007 0.17122010156250003
1 0.3644800663381767 0.49342969901453 0.0036184843750000084 0.010197550713176717
1 0.3861251733875918 0.4939231171874999 0.04664554838759175 0.02319120715602052
1 0.25855715625 0.50329828125 0.014802890625000013 0.026151773437500036
1 0.18240450781249998 0.7727108906249999 0.36480901562499995 0.3602036718749999
1 0.3727031112282218 0.5570821171875 0.10394918750000001 0.12286399218749997
1 0.594418296875 0.5131668750000001 0.029276828125000046 0.026151773437500036
