1 0.10460709375 0.5482003828125 0.016118703125000005 0.017270039062499975
1 0.10526499999999998 0.6192542578125 0.06644853125 0.05970499218749996
1 0.27434725077869293 0.5684310033127759 0.047149939818770054 0.032566359374999986
1 0.1881611875 0.630603140625 0.07697503124999999 0.11250196875
1 0.14539728125 0.5521478203125 0.016118703124999988 0.006908015625000008
1 0.33619009375 0.6478731796874999 0.16513446874999999 0.17516753906249996
1 0.543101609375 0.5935959140625 0.11118615625000003 0.07845532031250002
1 0.09605431249999997 0.5482003828125 0.011513359374999999 0.01578974999999998
1 0.3704012187499999 0.5807667421875 0.02171090624999999 0.02565834374999998
1 0.16250284375 0.5595492656250001 0.02171090624999999 0.02565834374999998
1 0.17664782812500004 0.5610295546875 0.01907928125000001 0.02861892187499997
1 0.19737187500000003 0.5610295546875 0.039803328125 0.03996780468749996
1 0.22303021874999998 0.63751115625 0.0750013125 0.1208902734375
1 0.448363109375 0.5921156249999999 0.07894874999999998 0.06957358593749996
1 0.07894874999999998 0.5452398046874999 0.019079281249999993 0.021217476562499994
1 0.14342356250000002 0.569417859375 0.025658343749999993 0.03108607031249999
1 0.09013315625 0.54672009375 0.005592203125000002 0.008388304687500004
