1 0.07113611328125 0.650340328125 0.1422722265625 0.18750328125
1 0.2486885625 0.5778061640625001 0.08256723437499999 0.07401445312500003
1 0.391125265625 0.5866878984374999 0.0618431875 0.06908015625
1 0.17579285393445146 0.646590096717572 0.02914521924459533 0.04845471242128596
1 0.322045109375 0.5866878984375 0.06644853125000001 0.0675998671875
1 0.7957376093749999 0.6449124979629856 0.25345800294761367 0.13667995437115704
1 0.039885566406249996 0.549680671875 0.07977113281249999 0.044902101562500005
1 0.5407989375 0.6064250859375001 0.06118528124999999 0.06562614843750003
1 0.8654756718750001 0.6074119453125 0.05789575000000002 0.03898094531250003
1 0.9661353281250001 0.6276425625 0.06118528125000004 0.06266557031249995
1 0.4671134375 0.590306425029488 0.05789575000000002 0.07401445312500003
1 0.6174450156249999 0.5955696328125 0.06973806249999998 0.08388304687500003
1 0.7177757187499999 0.636524296875 0.123686375 0.10756767187499996
1 0.10460709375000002 0.636524296875 0.17105562500000004 0.1435880390625
1 0.17434515625 0.5807667421875 0.07664607812500002 0.06463928906250001
2 0.656261484375 0.7268219296874999 0.06381690625 0.2304316640625
2 0.3391506718749999 0.6310965703125 0.038487515624999996 0.11842312499999999
1 0.7904743593750001 0.5748455859374999 0.09506745312500003 0.03108607031249999
