1 0.20427989062499996 0.5225420390625 0.030592640624999994 0.02516491406250001
1 0.5329040625 0.5225420390625 0.09572535937500005 0.044902101562500005
1 0.11908103125 0.5185946015624999 0.038487515624999996 0.03404664843749998
1 0.4421628414520517 0.54672009375 0.20427989062499996 0.09769907812499996
1 0.23355671875 0.5240223281249999 0.03388217187499999 0.024178054687499985
1 0.1634239456570161 0.5185946015624999 0.024539874704700506 0.02674391037772459
1 0.06776434375 0.5195814609375 0.03717170312499999 0.029680543428077577
1 0.14506832812499995 0.5195814609375 0.013816031249999987 0.02516491406250001
1 0.34276915625 0.5279697656250001 0.055922031250000025 0.045888960937500035
1 0.2756157273932523 0.6863606953125 0.4121312742682522 0.2908415674845138
1 0.5131010847697394 0.5205683203125 0.0409217689473697 0.030493955279609075
1 0.0428137477020517 0.5214056553313449 0.019787028952051693 0.025583581571922486
1 0.6696075887654426 0.52698290625 0.055922031250000025 0.046593851226836146
1 0.12171265625 0.5176077421875 0.03585589062500002 0.0281254921875
1 0.278623296875 0.5330834957182095 0.058553656249999975 0.04768324646929054
1 0.6272232102369256 0.5371226974142231 0.05723784375000006 0.0661007439123904
1 0.576325875 0.5309303437499999 0.04868506250000001 0.04687582031249997
2 0.866791484375 0.5324106328125 0.022697765624999987 0.06365242968749998
2 0.055593078125 0.55264125 0.01513184375 0.06167871093750001
1 0.7072492187500001 0.5388252187499999 0.05789575000000002 0.06365242968749998
1 0.30132106249999996 0.52698290625 0.029934734375000004 0.03898094531250003
1 0.11973893749999998 0.6133331015625 0.18355584374999995 0.1366800234375
1 0.39027000638211706 0.5192853909864962 0.0310531669076641 0.024967534095164102
1 0.5503385953948879 0.547706953125 0.06447484703977585 0.05896485413245802
