1 0.498363984375 0.512180015625 0.0026316250000000116 0.010855453125000025
1 0.5983662317183056 0.5104039671559834 0.02151373331232224 0.012434577327991737
1 0.581589125 0.51119315625 0.023355671874999945 0.011842312499999962
2 0.262833546875 0.5393186484374999 0.010197546874999979 0.02171090624999996
1 0.504285140625 0.512180015625 0.014802890625000013 0.02220433593750002
1 0.548364859375 0.51514059375 0.018750328125 0.01282917187499999
1 0.38092771875 0.516127453125 0.024013578125000025 0.011842312499999962
2 0.29178142187499995 0.5314237734375 0.006908015624999978 0.033059789062500046
2 0.28750503125 0.5314237734375 0.007565921874999996 0.03404664843749998
1 0.484219 0.5131668749999999 0.014802890625000013 0.01578974999999998
1 0.43224440625 0.5215551796875001 0.01546079687499997 0.014802890625000042
1 0.14868681249999996 0.5442529453125 0.07861979687499998 0.036020367187500034
1 0.653629859375 0.5353712109375 0.05131668749999996 0.033059789062500046
1 0.682577734375 0.5393186484375001 0.061514234375000025 0.0379940859375
1 0.450994734375 0.5131668750000001 0.007894874999999975 0.006908015625000008
1 0.7384997656250001 0.5195814609375 0.06875120312500003 0.036020367187500034
1 0.4743502241980186 0.512180015625 0.006359790758663545 0.007895011538986108
1 0.393756890625 0.5324106328125 0.025987296875000017 0.03108607031249999
1 0.696393765625 0.506258859375 0.029934734375000004 0.01578974999999998
1 0.9460691874999999 0.49046910937499993 0.09079106249999995 0.02220433593750002
1 0.5579410569268111 0.5480907120320666 0.045907209792755664 0.058553626641850084
1 0.33619009375 0.516127453125 0.018750328125 0.009868593749999998
1 0.66645903125 0.50329828125 0.019408234374999958 0.010855453125000025
1 0.633892671875 0.5072457187499999 0.025987296875000017 0.01282917187499999
1 0.5274526737555922 0.5311421446763157 0.030122873119407836 0.03982699030690782
