1 0.9676068474511019 0.5908816659214882 0.06478630509779607 0.05921150329080582
1 0.8750153125 0.5639901328125001 0.01644765625000003 0.023684625000000015
1 0.9402581199787747 0.5536267025235816 0.010855453125000025 0.012335742187500021
1 0.5098773437499999 0.614813390625 0.12500218750000006 0.09473849999999998
2 0.0513166875 0.5837273203125 0.007565921874999996 0.014309460937499985
1 0.18569193946668977 0.6139497289200199 0.09185974936576538 0.056497836148911504
1 0.27862329687500004 0.5817536015625 0.008223828125000015 0.023684625000000015
1 0.354282515625 0.5674441406249999 0.014473937499999975 0.016283179687500038
1 0.96778009375 0.5486938125 0.01578974999999995 0.012335742187500021
1 0.02998790293749604 0.6019839373797163 0.05997580587499208 0.06102099226768916
1 0.12368637499999997 0.6024776484375 0.06118528124999999 0.045395531249999975
1 0.907910625 0.5600426953125 0.024013578125000025 0.012335742187500021
1 0.3727038906249999 0.6113593828124999 0.10427814062499999 0.05970499218749996
1 0.6463928906249999 0.620734546875 0.15296320312499995 0.11546254687499999
2 0.043092859374999994 0.5817536015625 0.002631624999999997 0.003947437500000017
