1 0.97090920903043 0.5350290349904518 0.05818158193913992 0.10362023437499994
1 0.2842155 0.5706700311394679 0.12237056249999997 0.10362023437499994
1 0.96752462890625 0.4884953906249999 0.06495074218749994 0.06069185156249999
1 0.47829784375 0.63159 0.360532625 0.2568962807233975
1 0.8102162475033808 0.5289495740574287 0.254938671875 0.1723902400135236
1 0.6938754182538671 0.9724572160473828 0.6122491634922655 0.055085567905234355
1 0.0287833984375 0.5432660859375 0.057566796875 0.03996780468749996
1 0.404941296875 0.537838359375 0.046281554798032094 0.03157949999999996
1 0.35329565625000003 0.5560952578125 0.12237056249999997 0.08536333593750003
1 0.10436037890625 0.7130058984375001 0.2087207578125 0.31036727343750004
