1 0.551095182006766 0.5767206265461773 0.08848839062500004 0.04430997424323398
1 0.47895574999999996 0.549680671875 0.013421278026112126 0.01761547181812162
1 0.46546867187499996 0.599023640625 0.04630015309761409 0.0599517047696577
1 0.45790274999999997 0.5551083984374999 0.030551525030914205 0.027632062500000033
1 0.5386058723182221 0.5559856511192778 0.03782960937499998 0.022697765624999987
1 0.5167853593749999 0.5551083984374999 0.04111914062499995 0.0379940859375
1 0.006250109374999999 0.6060961437774031 0.012500218749999998 0.04835610937499997
1 0.484547953125 0.5600426953125 0.021381953125000012 0.023684625000000015
1 0.004057080866554257 0.5753390156249999 0.008114161733108515 0.018750328124999972
1 0.55264125 0.5440336638491845 0.020066140625000038 0.013322601562499958
1 0.8565939374999999 0.6424454531249999 0.15033157812499998 0.10510052343750002
