2 0.6029710781250001 0.4810939453125 0.008552781250000053 0.021217476562499994
1 0.7306048906249998 0.492442828125 0.02861892187499997 0.029112351562500027
2 0.676327625 0.4554356015625 0.004605343749999946 0.012831132914825804
1 0.50000875 0.5797798828125 0.06644853125000001 0.09276478125000001
1 0.278623296875 0.5161274531250001 0.04134395314510755 0.029112351562500027
1 0.505600953125 0.48849539062499997 0.04901401562499998 0.01924375781250003
1 0.30809443898377975 0.5338909218750001 0.06143927007633927 0.04420671316316964
2 0.5671151875 0.4712253515624999 0.007565921874999996 0.01578974999999998
1 0.78225053125 0.460863328125 0.02203985937500003 0.026151773437500036
1 0.23810040818137884 0.520074890625 0.042434953125000015 0.03750065625000003
1 0.7408024375 0.5008311328125 0.04144809374999999 0.033059789062500046
1 0.4176138666978892 0.48849539062499997 0.03125054687499998 0.010855453125000025
2 0.727315359375 0.5407989375 0.01907928124999998 0.04292838281250004
1 0.82830396875 0.5353712109375 0.12927857812500002 0.04687582031249997
1 0.8072509687499999 0.47023849218749997 0.026645203124999975 0.029112351562500027
1 0.8266592031250002 0.4884953906250001 0.027632062500000033 0.029112351562500027
1 0.34803176841898786 0.6360303888142409 0.18782745064240955 0.21036424777547583
1 0.716788859375 0.4771465078125 0.02861892187499997 0.02220433593750002
1 0.6917884218750001 0.5353712109375 0.05065878125 0.041448093749999956
1 0.7434340625 0.47714650781250006 0.029605781250000025 0.023684625000000015
1 0.6437612656250001 0.5077391484374999 0.06546167187500002 0.06365242968749998
1 0.39432080241327333 0.492442828125 0.045066541470275584 0.020724046875000023
1 0.820080140625 0.5245157578125 0.08289618749999998 0.03059264062500002
2 0.8592721320570291 0.4325260482615218 0.004605343749999946 0.011137095136521858
1 0.5776416875 0.5245157578125001 0.07829084375000003 0.0942450703125
1 0.50461409375 0.5215551796875 0.04243495312499999 0.03898094531250003
1 0.16946210422028682 0.5625867110179302 0.08261847922028683 0.07056044531249998
1 0.8100346475265474 0.4469332565425894 0.008147801236726338 0.011615722007736907
2 0.7740267031249999 0.5240223281249999 0.011513359374999983 0.027138632812499973
1 0.02565834375 0.57435215625 0.0513166875 0.0942450703125
1 0.8679621007356817 0.5574307460459851 0.14473937499999998 0.06790541157655375
1 0.20658256249999998 0.516127453125 0.028618921874999998 0.041448093749999956
1 0.89014715625 0.4840545234375 0.026645203124999975 0.026151773437500036
1 0.09210687500000002 0.57435215625 0.09203744793007172 0.07630059368967732
2 0.669419609375 0.4712253515625 0.006579062500000058 0.02565834374999998
1 0.76646078125 0.48010708593750007 0.03125054687500004 0.026151773437500036
1 0.532311344586983 0.6028720050023462 0.1259881864635472 0.10884949203789755
1 0.8246854843749998 0.45938303906249994 0.013816031249999956 0.020724046875000023
1 0.43092859375000003 0.5659638515625 0.05888260937500001 0.08042903906249999
1 0.39959586817118453 0.5092194375 0.0620897236114463 0.03059264062500002
1 0.8273170383279455 0.5407989375 0.12829171874999995 0.04243516626616346
1 0.6319189531249999 0.5837273203125 0.11447568749999999 0.09276478125000001
1 0.755605328125 0.4248429609375 0.007236968750000017 0.010855453125000025
1 0.25197809374999997 0.5521478203125 0.07354611567346907 0.06035732917882566
2 0.6345505781249999 0.4741859296874999 0.007565921874999996 0.009868593749999998
1 0.802645625 0.5023114218749999 0.03782960937499998 0.033059789062499956
1 0.7158019999999998 0.4909625390625001 0.02861892187499997 0.026151773437500036
1 0.7944217968749999 0.45099473437499993 0.007236968750000017 0.01529632031250001
1 0.502546615146924 0.4978705546875 0.05831846297807601 0.029112351562500027
2 0.516785359375 0.4741859296874999 0.007565921874999996 0.021217476562499994
2 0.5569192903326979 0.47376341416590806 0.006579062500000058 0.010291109271591914
2 0.628629421875 0.475503017849524 0.006579062500000058 0.010362501810759017
1 0.292439328125 0.4939231171875001 0.027632062499999974 0.020724046875000023
2 0.656261484375 0.46382390625000003 0.006579062500000058 0.022697765624999987
2 0.75988171875 0.5338909218749999 0.018092421875000042 0.041448093749999956
1 0.7565921875000001 0.44408671875000005 0.005592203125000002 0.008388304687500004
1 0.51382478125 0.5299434843749999 0.05888260937500001 0.041448093749999956
1 0.7294448046875 0.7154730468749999 0.5411103906250001 0.3320781796875
1 0.81383003125 0.533890921875 0.11470469323727635 0.048613740829435946
