2 0.626655703125 0.4810939453125 0.007565921874999996 0.02565834374999998
1 0.792448078125 0.47319907031249997 0.014802890625000013 0.02220433593750002
1 0.506597782785277 0.5524767800664139 0.062431328268717105 0.03208788511541538
1 0.780605765625 0.47023849218749997 0.017434515624999966 0.01924375781250003
1 0.278623296875 0.5161274531250001 0.04108607988880904 0.029112351562500027
1 0.30822907812499994 0.5353712109375 0.0618431875 0.05279697656249995
2 0.4878375227545277 0.46382390625000003 0.006579062499999999 0.009868593749999998
1 0.792448078125 0.45099473437499993 0.014802890625000013 0.01924375781250003
1 0.23684844424690327 0.520074890625 0.042434953125000015 0.03774572540857255
1 0.41711256249999995 0.48490012817168954 0.02941786908684675 0.00885808509538304
2 0.7075781718749999 0.5482003828125 0.018092421875000042 0.05970499218749996
1 0.8266592031250001 0.5422792265624998 0.13512862412800572 0.055264124999999976
1 0.8266592031250001 0.447047296875 0.008223828124999954 0.010855453125000025
1 0.6207345468749998 0.5245157578124999 0.04704029687499999 0.033059789062499956
1 0.37431863814365834 0.653839051585823 0.2853816373165445 0.244741125
1 0.746394640625 0.47023849218749997 0.02203985937500003 0.02220433593750002
1 0.5838917968749999 0.5560952578125 0.029605781250000025 0.05674441406249997
1 0.7934349375 0.45642246093749994 0.011184406250000004 0.016776609375000008
1 0.4750083125 0.5092194375 0.05263249999999999 0.07204073437499998
1 0.3955662249304291 0.4930596843228218 0.04243495312499999 0.022450912604356256
1 0.8193125721244605 0.5245157578125 0.08410233774946055 0.03059264062500002
2 0.868107296875 0.43125754687499995 0.004605343749999946 0.009868593749999998
1 0.535864640625 0.5146471640625 0.08585676562500003 0.0942450703125
1 0.7500131250000001 0.478626796875 0.029605781250000025 0.023684625000000015
1 0.16877444220349078 0.5615552179927362 0.08193081720349078 0.07056044531249998
2 0.6401427812500001 0.480107076069005 0.008552781250000053 0.02615176356900495
2 0.75988171875 0.5324106328125 0.015131843749999992 0.03996780468749996
1 0.7500131250000001 0.4179349453125001 0.0036184843750000084 0.006908015625000008
1 0.02565834375 0.57435215625 0.0513166875 0.0942450703125
1 0.8684250989388805 0.5460761263263991 0.14671309374999997 0.04785431639166049
1 0.20658256249999998 0.516127453125 0.028618921874999998 0.041448093749999956
1 0.6723801875 0.533890921875 0.04802715625000005 0.03996780468749996
1 0.09210687499999999 0.57435215625 0.09186553242587267 0.07707421345857286
2 0.6807355996381952 0.46397193308385354 0.006579062500000058 0.02565834374999998
1 0.8200801406249999 0.45938303906249994 0.017434515624999966 0.023684625000000015
1 0.544417421875 0.6113593828124999 0.10884078176445224 0.12039684374999995
1 0.8154747968750001 0.447047296875 0.012829171875000019 0.01529632031250001
1 0.7361971174345302 0.4080663693258977 0.012500234539686872 0.016036473725448808
1 0.39934909375 0.5092194375 0.06073324547972139 0.03059264062500002
1 0.7713950781249999 0.4287903984375001 0.013816031249999956 0.01529632031250001
1 0.8278269868503311 0.5466214070230141 0.12927857812500002 0.05378383593749998
1 0.76563837787721 0.4255830869644891 0.007236968750000017 0.010855453125000025
1 0.647708703125 0.592115625 0.12072579687499996 0.10362023437500004
2 0.38651988240101975 0.47221219120050983 0.006908009046003313 0.021217476562499994
1 0.25197809375 0.5521478203125 0.07306291082062814 0.05919763753200753
2 0.6486955625 0.4787254703778978 0.006579062500000058 0.02773073600289777
1 0.5996815468750001 0.5452398046875 0.04243495312500004 0.04835610937499997
1 0.8154747968750001 0.47023849218749997 0.012829171875000019 0.02220433593750002
1 0.80988259375 0.447047296875 0.004605343749999946 0.006908015625000008
2 0.4788627309050094 0.4650924445558037 0.0025377320230654493 0.00817655393080372
2 0.63619534375 0.47961365625 0.006579062500000058 0.02565834374999998
1 0.84409371875 0.4317509765625 0.019408234374999958 0.010855453125000025
1 0.27961015625 0.4993508437500001 0.055264124999999976 0.03750065625000003
2 0.7378418593749999 0.55066753125 0.02171090625000005 0.06266557031250004
1 0.4417687467320233 0.5284631953125 0.07368549999999997 0.03059264062500002
1 0.7631711706141746 0.7195762747288069 0.4736576587716509 0.32911760156250003
1 0.81383003125 0.5407989375 0.11710731249999995 0.06123013984003452
