1 0.49014015624999996 0.5941043707585745 0.07763293750000001 0.1041136640625
1 0.07245192578124998 0.664156359375 0.14490385156249996 0.1801018359375
1 0.35625623437500004 0.545733234375 0.021381953125000012 0.017270039062499975
1 0.19717449338783172 0.7001767265625001 0.25066228125 0.23141852343750005
1 0.19834876696643225 0.5807667421875 0.14013403125000004 0.14309460937500001
1 0.93882346875 0.6454060312500001 0.12235306249999998 0.12681142968749998
1 0.8236986250000001 0.5363580703124999 0.03552693750000001 0.014309460937499985
1 0.776329375 0.5437595156249999 0.03486903125000005 0.016847131353394308
1 0.7674476406250001 0.5400093988798664 0.024013578125000025 0.015691034850995145
1 0.47138982812499997 0.5324106328125 0.004276390625000026 0.004934296875000044
1 0.032456704800042806 0.9123016283468107 0.06491340960008561 0.1753967433063785
1 0.905279 0.5324106328125 0.04111914062500001 0.012335742187500021
1 0.8381725624999999 0.5393186484375 0.017105562499999987 0.012829164473813747
1 0.9891620468749999 0.5363580703125 0.021381953124999954 0.012335742187500021
1 0.4276390625 0.5383317890624999 0.013816031250000017 0.017270039062499975
1 0.957582546875 0.549680671875 0.04868506250000001 0.019737187499999996
1 0.5944182968750001 0.5733652968749998 0.03552693750000001 0.05230354687499998
1 0.31086070312499997 0.547706953125 0.03673310407539899 0.045395531249999975
1 0.802974578125 0.5600426953125 0.06809329687499996 0.03503350781250001
1 0.9368585 0.5383317890624999 0.03157950000000002 0.012335742187500021
1 0.47586868437713226 0.5324106328125 0.006300761461176307 0.003947437500000017
1 0.9830676640625 0.5600426953125 0.033864671875 0.04835610937499997
1 0.33619009375 0.551654390625 0.01644765625000003 0.02763214227186408
1 0.96909590625 0.5383317890624999 0.017105562499999987 0.012335742187500021
1 0.35263775 0.62172140625 0.09789646070203446 0.10065965625000003
1 0.05361935937499999 0.5383317890624999 0.01513184375 0.012335742187500021
1 0.6658011250000001 0.5787930234374998 0.13585764062500008 0.22446565447394518
1 0.0302636875 0.5383317890624999 0.016447656249999998 0.012335742187500021
1 0.9746881093749998 0.5383317890624999 0.02894787499999995 0.012335742187500021
1 0.517443265625 0.6528074765625 0.13585764062500008 0.18651642187499995
1 0.9370142265624999 0.8307212480468749 0.12597154687500012 0.33855750390625
1 0.4743803084757031 0.8205735703125001 0.2640995223321614 0.3498117462117968
1 0.12368637499999997 0.5590558359375 0.02335567187499999 0.03108607031249999
1 0.483890046875 0.5304369140625 0.006908015624999978 0.006414585937500039
1 0.49952191207008073 0.535015970126432 0.006908015624999978 0.009888369022742616
1 0.830052615457347 0.5383317890624999 0.025433271707346942 0.012335742187500021
1 0.8457384843750001 0.5551083984374999 0.05000087500000004 0.03108607031249999
1 0.8434358124999998 0.6074119601148726 0.08914629687499993 0.08709041015501962
1 0.769421359375 0.6878409843750001 0.21480639062500007 0.23141852343750005
1 0.918437125 0.5649769921875 0.11250196875 0.06167871093750001
1 0.2697415625 0.5570821171875 0.02532939062499997 0.032072929687500015
1 0.28947875000000006 0.5477069531249998 0.013816031250000017 0.030099210937499964
1 0.4677587224513496 0.5325244909537168 0.006908015624999978 0.00825547018941375
