1 0.5898129531249999 0.5185946015624999 0.024013578125000025 0.01529632031250001
1 0.09769907812499999 0.6399783046875 0.19539815624999998 0.2787877734375
1 0.5730363437499999 0.5077391484375 0.026645203124999975 0.024671484375000042
1 0.46263969947401457 0.5036928536818978 0.03993497463903892 0.042829525556897785
1 0.30691330838847863 0.5419504444914145 0.1263179572365214 0.10822587746935035
1 0.46283704687499994 0.5407989375 0.040461234374999995 0.05378383593749998
2 0.694420046875 0.5674441406249999 0.02171090625000005 0.08338961718749997
1 0.5009955973130638 0.5380027876897551 0.06184319956193622 0.055264124999999976
1 0.23684632894756583 0.5827402537001398 0.11858749300959708 0.12212356640554685
1 0.631261046875 0.6000105 0.10394918749999996 0.11743626562500005
1 0.5075746598130637 0.4939231171875 0.05032985224887246 0.07631719134064933
1 0.6405540510795412 0.5338909218749999 0.028495581258115976 0.029790724955361992
1 0.8076456203912828 0.6301096122495886 0.1148045748330592 0.1157585356059621
1 0.91579675 0.6646497890624999 0.16840650000000004 0.228951375
2 0.5947472499999998 0.50329828125 0.006250109374999961 0.010362023437499968
1 0.5904708593749999 0.561522984375 0.05888260937499996 0.07056044531249998
1 0.48027156249999997 0.50329828125 0.010362028371895586 0.023684625000000015
2 0.35954576562499996 0.49885741406249995 0.0036184843750000084 0.008388304687500004
1 0.543759515625 0.5102062968750001 0.026645203124999975 0.04292838281249996
1 0.581589125 0.5116865859375 0.02861892187499997 0.023684625000000015
1 0.40653672074011105 0.5077391484375001 0.009079109473629407 0.012335742187500021
1 0.425994296875 0.506258859375 0.032237406249999975 0.023684625000000015
2 0.7065913125000001 0.5412923671875 0.014144984375000055 0.032566359374999986
1 0.544746375 0.4870151015625 0.020395093750000017 0.02220433593750002
1 0.6723801875 0.5477069531250001 0.07533026562499998 0.09375164062500004
1 0.5868523749999999 0.5143510766436264 0.022631984868791123 0.013223930428186658
1 0.7304951255473904 0.5802731842095643 0.07171178124999997 0.08783035608456417
1 0.179279453125 0.547706953125 0.04144809374999999 0.03996780468749996
1 0.41579675 0.5102062968750001 0.020395093750000017 0.005427726562500013
1 0.3697433125 0.5466213643893848 0.0211187537811447 0.05723782401222035
1 0.5529702031249999 0.5255026171874999 0.032237406249999975 0.037007226562499974
1 0.5807996453951119 0.5432660859375 0.04164547352011188 0.04835610937499997
1 0.51053525 0.6054382265625 0.10296232812499996 0.13125229687499998
1 0.36310439059602617 0.5111483437760765 0.009121062552152932 0.016776609375000008
1 0.38355934374999995 0.516127453125 0.046053437499999995 0.03996780468749996
1 0.3523087968749999 0.7130058984375001 0.27697853124999994 0.267438890625
1 0.4114653531169169 0.5505032197084672 0.07878434416077168 0.09144929879193446
1 0.6149073631342927 0.5303664100092929 0.032237406249999975 0.02995825217356085
