1 0.044737624999999996 0.4870151015625 0.019079281249999993 0.02171090624999996
1 0.16732725566267057 0.6003394180369007 0.2526359649119006 0.16743707044880116
1 0.38980945312500004 0.5240223281249999 0.07204073437500001 0.04835610937499997
1 0.4477048873321053 0.4880019609375001 0.03454013075714914 0.020724046875000023
1 0.086514671875 0.4870151015625 0.034211125 0.020724046875000023
1 0.054935171874999994 0.481587375 0.005592203125000002 0.006414585937500039
1 0.055593078125 0.48898882031249985 0.004276390624999997 0.010362023437499968
1 0.245727984375 0.5126734453124999 0.05427726562500001 0.013322601562499958
1 0.5368514999999999 0.5052719999999999 0.08223828125000002 0.05970499218749996
1 0.293755140625 0.47566621875 0.008223828125000015 0.012335742187500021
1 0.06315899999999999 0.4880019609375001 0.01578975 0.01529632031250001
1 0.435204984375 0.51908803125 0.06381690625 0.04835610937499997
1 0.960214171875 0.48898882031249985 0.03782960937499998 0.018750328124999972
1 0.6171160624999998 0.504285140625 0.07006701562499996 0.04095466406249999
1 0.31382128125 0.504285140625 0.08980420312500001 0.04095466406249999
1 0.2723731875 0.47665307812500013 0.020724046874999996 0.012335742187500021
