1 0.8565696989117055 0.6848571733675582 0.286860602176589 0.18140215984920555
1 0.6539588124999999 0.528956625 0.05822470312499999 0.05131668749999996
1 0.741131390625 0.5176077421875 0.01907928124999998 0.003947437500000017
1 0.8381725624999999 0.5343843515625 0.024671484374999983 0.03898094531250003
1 0.7572502952262338 0.5570821171875 0.1911223700537011 0.08215619407592527
1 0.48948225 0.55066753125 0.06809329687499996 0.045395531249999975
1 0.58487865625 0.5412923671875001 0.06381690625 0.05032982812500002
1 0.55264125 0.54672009375 0.021381953124999954 0.032072929687500015
1 0.7691804914493313 0.5960630625000001 0.21217476562499998 0.10384940846450555
1 0.3684275 0.8463876406249999 0.736855 0.30722471874999996
1 0.8092246874999999 0.52106175 0.024671484374999983 0.022697765624999987
1 0.51053525 0.571391578125 0.10855453125000002 0.07006701562500002
1 0.10855453125 0.5787930234374999 0.135857640625 0.07006701562500002
1 0.82567234375 0.5220486093749999 0.020724046874999996 0.02171090624999996
1 0.277307484375 0.5674441406249999 0.11546254687500003 0.058718132812500025
1 0.6651432187499999 0.5393186484375 0.0618431875 0.05674441406249997
1 0.40428339062499996 0.5560952578125 0.087172578125 0.05131668750000005
