1 0.44606043749999996 0.5817536015625 0.025987296875000017 0.012335742187500021
1 0.231911953125 0.5817536015625 0.030263687499999983 0.012335742187500021
1 0.050987734375 0.888699236328125 0.10197546875 0.22260152734375005
1 0.5875102812499998 0.57435215625 0.020724046874999996 0.007894875000000034
1 0.4934296875 0.568431 0.024342531250000004 0.009868593749999998
1 0.5319172031249999 0.57435215625 0.02236881249999995 0.007894875000000034
1 0.479284703125 0.57435215625 0.03914542187500002 0.007894875000000034
1 0.5585638226770586 0.572872054655787 0.02423310239296998 0.007894875000000034
1 0.8105405 0.5674441406249999 0.036184843749999966 0.016776609375000008
1 0.43257335937499997 0.577312734375 0.020724046874999996 0.020230617187499966
