1 0.47641397740251773 0.49903711886753543 0.008133975722482253 0.010855453125000025
1 0.9458914545344518 0.5317651972978356 0.10688534793280399 0.07431767911161628
1 0.37105912500000005 0.5176077421875 0.021381953125000012 0.027632062500000033
1 0.408888734375 0.5052719999999999 0.007236968750000017 0.016776609375000008
1 0.475337265625 0.49307061546067843 0.007236968750000017 0.010855453125000025
1 0.510206296875 0.51119315625 0.01644765625000003 0.024671484375000042
1 0.5276408125 0.5403055078125 0.013304425633848815 0.03996780468749996
1 0.42731010937499997 0.5008311328125 0.011184406250000004 0.012335742187500021
1 0.44885640748519734 0.49466306435279594 0.008059483139802677 0.010608935647204021
2 0.10065965624999999 0.5758324453125 0.019737187499999996 0.06217214062499998
1 0.510206296875 0.5195112497880043 0.008223828125000015 0.03059264062500002
1 0.4770096419515763 0.4752963246314187 0.003947437499999987 0.005921156249999981
1 0.406915015625 0.5052719999999999 0.007236968750000017 0.024671484375000042
1 0.5000087499999999 0.8009291263132422 0.28644720066410845 0.35743315185668256
2 0.5565886874999999 0.508232578125 0.002631624999999952 0.016283179687500038
1 0.390467359375 0.5126734453124999 0.011184406250000004 0.023191195312499958
1 0.7868558750000001 0.5541215390625001 0.10658081250000002 0.06463928906250001
1 0.35855890625 0.5250091875 0.022697765624999987 0.03059264062500002
1 0.464152859375 0.5008311328125 0.011184406250000004 0.010855453125000025
1 0.320729296875 0.5314237734375 0.01842137500000002 0.024671484375000042
2 0.46777134375 0.497377125 0.007236968750000017 0.016283179687500038
1 0.28684712500000004 0.5728718671874999 0.19572710937499996 0.10904796093750005
1 0.5077393976182463 0.5052719999999999 0.017434017263507448 0.024671484375000042
2 0.060198421875 0.57040471875 0.02335567187499999 0.0675998671875
1 0.21710906250000003 0.6478731796874999 0.20493779687500002 0.224017078125
1 0.4422291598297385 0.5008311328125 0.007236968750000017 0.010855453125000025
1 0.9031320546875 0.8333117539062499 0.193735890625 0.3333764921875001
1 0.463166 0.61580025 0.14441042187500006 0.1564172109375
1 0.463166 0.4712253515625 0.003947437499999987 0.007894875000000034
1 0.515469546875 0.5325749125861462 0.011184406250000004 0.0328949189222925
2 0.28783398437499996 0.5136603046875 0.008881734374999973 0.010855453125000025
1 0.44671834374999997 0.49885741406249995 0.005263250000000023 0.00937516406250003
1 0.5276408125 0.5347549928071211 0.031908453125000055 0.046627967510757706
1 0.8091566736737534 0.7019517092003715 0.2707243796909156 0.23309527488358092
1 0.524680234375 0.522048609375 0.03430467860051003 0.041024829262882534
1 0.36263821947677616 0.5052719999999999 0.014473937499999975 0.016776609375000008
1 0.37698028125 0.5146471640625 0.020395093750000017 0.03059264062500002
2 0.150989484375 0.5531346796875 0.016118703124999988 0.036513796875000004
1 0.43356021875 0.49885741406249995 0.011184406250000004 0.012335742187500021
1 0.32895312499999996 0.5343843515625 0.032895312499999996 0.033553218750000016
1 0.394414796875 0.502311421875 0.024671484374999983 0.037007226562499974
1 0.551720483225949 0.5584632673485764 0.05013306020189792 0.05230354687499998
1 0.5474874090137284 0.5314237734375 0.039364530335982785 0.030263542283237042
1 0.3473745 0.5314237734375 0.022697765624999987 0.033553218750000016
1 0.418099421875 0.501536099828668 0.012218168978442752 0.01529632031250001
1 0.9924008513440435 0.590388049333529 0.015198297311912986 0.0675998671875
