1 0.487837484375 0.49293625781249994 0.008223828125000015 0.010855453125000025
1 0.3986911875 0.508232578125 0.01842137500000002 0.024671484375000042
1 0.42928382812500004 0.49737712500000003 0.005263250000000023 0.01529632031250001
1 0.4863243289449805 0.4887913507481908 0.007236968750000017 0.010855453125000025
1 0.5174432656249999 0.5023114218749999 0.014473937499999975 0.02171090624999996
1 0.5306954042850427 0.523881307634936 0.010479500453451725 0.03059264062500002
2 0.03684275 0.5881681875 0.003618484375000001 0.003947437500000017
1 0.4437577828939598 0.49145596874999997 0.009704125821979897 0.010855453125000025
1 0.46217914062500004 0.4884953906250001 0.007236968750000017 0.00937516406250003
1 0.01126664453125 0.6389914453125 0.0225332890625 0.10115308593750001
2 0.213161625 0.5422792265624999 0.016118703124999988 0.04736925000000003
1 0.5184301250000001 0.51119315625 0.008223828125000015 0.024671484375000042
1 0.487837484375 0.48060051562499995 0.005263250000000023 0.005921156249999981
1 0.42632325 0.49885741406249995 0.005263250000000023 0.019737187499999996
1 0.5017004914077086 0.5951468098861091 0.09647732620911913 0.11475774660631774
1 0.412836171875 0.5052719999999999 0.010197546875000008 0.02171090624999996
1 0.71514409375 0.5314237734375 0.06776434374999998 0.037007226562499974
1 0.3893160982709684 0.5126734453124999 0.021381953125000012 0.027632062500000033
1 0.3618484375 0.5235288984375 0.031908453125 0.037007226562499974
1 0.486850625 0.4712253515625 0.007236968750000017 0.007894875000000034
1 0.515469546875 0.5008311328125 0.01546079687499997 0.02171090624999996
1 0.30724221874999996 0.6005039296875001 0.13717345312499998 0.15839092968750004
1 0.45592903125 0.49145596874999997 0.007236968750000017 0.010855453125000025
1 0.675340765625 0.6113593828124999 0.11875207812499997 0.13075886718750002
1 0.48531545924856834 0.5605361249999999 0.07280808699427362 0.10181094832913011
1 0.47270565487868516 0.47467935937499994 0.005263250000000023 0.007894875000000034
1 0.09638326562499998 0.5866878984375001 0.09835698437499998 0.09375164062500004
1 0.475337265625 0.4682647734375 0.003947437499999987 0.005921156249999981
1 0.523364443804185 0.521061815787555 0.00921068750000001 0.03059264062500002
2 0.3337229987649774 0.5104528673970609 0.008881734374999973 0.02565834374999998
1 0.46020542187499996 0.49145596874999997 0.003947437499999987 0.007894875000000034
1 0.531917203125 0.5185945801819722 0.024671484374999983 0.033553218750000016
1 0.634221625 0.5817536015625 0.0881594375 0.09671221875000002
1 0.5280963098818033 0.5067144083757104 0.02748023003939893 0.030137143243196718
1 0.87048345703125 0.77369775 0.2590330859375 0.3365190468749999
1 0.98331437890625 0.8998014042968749 0.03337124218750003 0.20039719140625004
1 0.3881646875 0.49589683593749995 0.014473937499999975 0.01529632031250001
1 0.40461234375 0.5052719999999999 0.01842137500000002 0.024671484375000042
2 0.25263599999999997 0.537838359375 0.013487078125000006 0.049836398437499964
1 0.44967892187499997 0.49293625781249994 0.011184406250000004 0.012335742187500021
1 0.368756453125 0.5205683203125 0.026645203124999975 0.033553218750000016
1 0.414809890625 0.49293625781249994 0.021381953125000012 0.033553218750000016
1 0.54803590625 0.5368514786194722 0.038487458610259276 0.03996780468749996
1 0.7545360139932514 0.6630459782170982 0.18330892846597363 0.18429573973530725
1 0.5440884687499999 0.5179039119398531 0.03190845312499994 0.024671484375000042
1 0.38224353125 0.5176077421875 0.01842137500000002 0.03059264062500002
1 0.43356021875 0.49293625781249994 0.010690944491013533 0.013816031250000017
