1 0.8565406816964624 0.6848136475446938 0.28691863660707523 0.18137314263396248
1 0.63751115625 0.5314237734375 0.03914542187500002 0.04835610937499997
1 0.7388704703704856 0.5165800511627208 0.018531179370117692 0.0035363610900883023
1 0.7576370930669666 0.5569660248035667 0.1919151376934445 0.08217057304463352
1 0.4889342991600523 0.551654390625 0.07116328254695817 0.04572430175396862
1 0.5842207499999998 0.5412923671875 0.06250109374999996 0.049342968749999994
1 0.45560007812500003 0.55066753125 0.043092859375 0.045395531249999975
1 0.769198462021919 0.5960630625000001 0.21217476562499998 0.10379549674674245
1 0.832580359375 0.5240223281249999 0.013158124999999998 0.014309460937499985
1 0.36930855821832226 0.8451541591193488 0.7386171164366445 0.30969168176130235
1 0.7921191249999999 0.5230354687500001 0.02828996874999999 0.022697765624999987
1 0.6115257409116135 0.558562243424716 0.08404710732844123 0.05723757237452691
1 0.07960665624999999 0.5817536015625 0.14144984375 0.07302759375000001
1 0.814816890625 0.5240223281249999 0.024013578125000025 0.023684625000000015
1 0.25971086783345976 0.5662100573392586 0.11118615625000003 0.06167871093750001
1 0.7302759375 0.5166208828125 0.034211124999999974 0.008388304687500004
1 0.40296757812499995 0.5570821171875 0.08783048437500002 0.05230354687499998
