1 0.4884953906250001 0.5412923671875001 0.07171178125000004 0.06414585937500003
1 0.41382303125000003 0.5102062968750001 0.025329390625 0.029112351562500027
1 0.47961365624999996 0.5610295546875002 0.06908015625000002 0.020724046875000023
2 0.168752953125 0.54277265625 0.015131843749999992 0.058718132812500025
1 0.7026438749999999 0.5353712109375 0.07401445312500006 0.029112351562500027
1 0.70067015625 0.6439257421875 0.18487165624999993 0.2136550546875
1 0.58356284375 0.5630032734375 0.04802715625000005 0.057731273437499994
2 0.41184931249999995 0.539812078125 0.014144984374999996 0.03898094531250003
1 0.390467359375 0.5343843515625 0.012500218749999981 0.029112351562500027
1 0.81119840625 0.599023640625 0.11447568749999999 0.11694283593749999
1 0.12500218749999997 0.5412923671875001 0.05526412499999999 0.04194152343750002
1 0.6000105 0.571391578125 0.06776434374999998 0.07697503125000002
1 0.380598765625 0.5373449296875 0.025329390625 0.03404664843749998
1 0.554943921875 0.5324106328125 0.024013578125000025 0.03108607031249999
1 0.3644800625 0.5432660859375 0.03256635937500001 0.03108607031249999
1 0.560207171875 0.5353712109375 0.018750328125 0.027138632812499973
1 0.47961365625 0.6903081328124999 0.19177967187500003 0.26842575
1 0.93035292578125 0.6232016953124999 0.1392941484375 0.10065965624999995
1 0.7476554437004055 0.5457333848417136 0.07533026562499998 0.033224516402856175
1 0.5769837812499999 0.5343843515625 0.025987296875000017 0.024178054687499985
1 0.609550140625 0.599023640625 0.06710643750000003 0.09671221875000002
1 0.5441781886757545 0.5285529391615743 0.005861350940603671 0.021755760232047283
1 0.44441567187500003 0.5412923671875001 0.05000087499999998 0.06167871093750001
1 0.41513884375 0.5363580703124999 0.027961015625000012 0.03898094531250003
1 0.8582387031250001 0.7988626640625001 0.2828996875 0.3177687187499999
