1 0.46842924999999996 0.5195814609375 0.011184406250000004 0.011842312499999962
2 0.14210775 0.5787930234375 0.018421375000000007 0.07944217968750004
1 0.9319812544081025 0.6531036622722308 0.13603749118379488 0.16332522656249998
1 0.400335953125 0.512180015625 0.006579062499999999 0.009868593749999998
1 0.489153296875 0.5350424962963611 0.0216012870061815 0.032730788240727816
1 0.4954034095395642 0.5348777960530388 0.02006614720412827 0.03256634457196137
1 0.5794274512960216 0.510206296875 0.007894874999999975 0.009868593749999998
1 0.4355338695247378 0.510206296875 0.0072369007747377975 0.009868593749999998
1 0.492442828125 0.6005039296875 0.10000174999999996 0.10707424218749999
1 0.588497140625 0.516127453125 0.010526500000000046 0.009868593749999998
2 0.3473745 0.5230354687500001 0.004934296874999984 0.019737187499999996
2 0.1639830292015906 0.577312734375 0.02269767352641387 0.08388308141196985
2 0.118752078125 0.57435215625 0.021381953125 0.0873370546875
2 0.135199734375 0.595076203125 0.01578975000000001 0.04736925000000003
1 0.5677730937500001 0.5166209948907283 0.01777910472021181 0.01282917187499999
1 0.5769837812499998 0.5343843515625 0.04407971874999994 0.03898094531250003
1 0.5789575 0.511686651625204 0.00838831198613382 0.00888177816680269
1 0.42105999999999993 0.514153734375 0.008552781249999994 0.005921156249999981
1 0.446389390625 0.5205683203125 0.022697765624999987 0.01578974999999998
1 0.5675850950260659 0.5167619488182774 0.011983400826719759 0.009868593749999998
1 0.5536281093750001 0.510206296875 0.016118703125000047 0.009868593749999998
1 0.42632320395070694 0.5314238425114397 0.04375069655106038 0.026151773437500036
1 0.5865234218750002 0.510206296875 0.00921068750000001 0.009868593749999998
1 0.5572465888157278 0.5255026171874999 0.016776609375000008 0.016036468544454154
1 0.406915015625 0.5215551796875 0.02861892187500003 0.01578974999999998
1 0.6062606093749999 0.5343843515625 0.029934734375000004 0.04292838281250004
1 0.49836398437499996 0.512180015625 0.013487078124999977 0.0029605781249999906
1 0.5950762031249999 0.5102062968750001 0.020724046874999996 0.011842312499999962
1 0.5280794393250874 0.542937166800131 0.06611957812499997 0.08684362500000002
1 0.51777221875 0.7312627968750001 0.19605606249999993 0.2620111640624999
1 0.579914453743466 0.5174283017818897 0.008552781250000053 0.007715441210795681
