1 0.8546202187499999 0.5363580703124999 0.07138282812499999 0.03898094531250003
1 0.866133578125 0.502311421875 0.02532939062499994 0.02861892187499997
1 0.8079088750000001 0.5126734453124999 0.030263687499999983 0.012335742187500021
1 0.437178703125 0.8028101015625 0.562180890625 0.35230879687500005
1 0.76382915625 0.5077391484375001 0.030263687499999983 0.020724046875000023
1 0.98093821875 0.5570821171875 0.03782960937499998 0.02861892187499997
1 0.95462196875 0.5639901328124999 0.05559307812500004 0.02171090624999996
1 0.98422775 0.49836398437499996 0.030263687499999983 0.033059789062500046
1 0.881923328125 0.5220486093750001 0.03157950000000002 0.032072929687500015
1 0.770737171875 0.5220486093750001 0.030263687499999983 0.012335742187500021
1 0.9424507031249999 0.497377125 0.03157950000000002 0.04243495312499999
1 0.7789610000000001 0.5136603046874999 0.03157950000000002 0.010362023437499968
1 0.8118563124999999 0.5363580703124999 0.039803328124999975 0.03898094531250003
1 0.99696593359375 0.5412923671875001 0.006068132812500101 0.006414585937500039
