1 0.49375864062499997 0.4712253515625 0.016118703124999988 0.014309460937499985
1 0.51382478125 0.4781333671875 0.014144984374999996 0.01578974999999998
1 0.46908715624999997 0.4810939453125 0.016118703124999988 0.024178054687499985
1 0.3659931892045113 0.510403755255733 0.04079018749999997 0.046086419318232964
1 0.5042028897323247 0.46974506250000003 0.006579062499999999 0.009868593749999998
1 0.17229808692516088 0.6289581104207587 0.31762281133804604 0.3973756395792415
2 0.54145684375 0.48144266228175053 0.010526500000000046 0.022436813917000364
1 0.4585606562499999 0.4682647734375001 0.010526499999999987 0.006908015625000008
1 0.30592640625 0.4939231171874999 0.02171090624999999 0.024178054687499985
1 0.43783660937499996 0.49836398437499996 0.03125054687499998 0.03996780468749996
1 0.33059789062499995 0.48948225 0.02171090624999999 0.021217476562499994
2 0.54211475 0.5664572812499999 0.03125054687499998 0.10806110156250001
1 0.5677730937500001 0.5111931562500001 0.06085632812499995 0.08832391406250002
1 0.41621277669142065 0.47850346827813545 0.004866564449262197 0.01578974999999998
2 0.33224265625 0.51514059375 0.015131843749999992 0.04835610937499997
1 0.4171124676763451 0.4781333671875 0.00953964062499999 0.017270039062499975
1 0.392112125 0.47702300611582305 0.02171090624999999 0.04687582031249997
2 0.6618536875000002 0.6449126015625 0.07302759375000001 0.16381865624999997
2 0.489153296875 0.51514059375 0.017105562499999987 0.03996780468749996
1 0.03134032682162182 0.9019541112044885 0.06268065364324364 0.19609177759102286
2 0.62961628125 0.4998442734375 0.014144984375000055 0.05970499218749996
1 0.31908453124999997 0.492442828125 0.03125054687499998 0.024178054687499985
1 0.474679359375 0.472705640625 0.018092421874999983 0.024178054687499985
1 0.36382215625000003 0.48205172962063303 0.042763906250000025 0.051664741853165455
1 0.3847738896658112 0.7608914809702148 0.34889289070937435 0.4782170380595705
2 0.037171703125000004 0.52106175 0.014144984375000003 0.021217476562499994
1 0.4947454999999999 0.4653041583050884 0.016612120476696114 0.025658306742588354
1 0.43356027631650906 0.47739320415272923 0.009375283307411605 0.011348993833624555
1 0.4065860624999999 0.4810939453125 0.016118703124999988 0.024178054687499985
1 0.44957617406714845 0.48901967598657015 0.026706844847107725 0.03395408141528957
