1 0.47435040625 0.5230353573822344 0.007048974322806541 0.009868593749999998
1 0.509548390625 0.5146471640625 0.007236968750000017 0.0029605781249999906
1 0.463166 0.5205683203125 0.007894874999999975 0.009868593749999998
1 0.4808964896220877 0.5198280859790224 0.002730322911130341 0.0029605781249999906
1 0.2190174027152221 0.5425749180725803 0.0358557379989918 0.03759838064364836
2 0.2697415625 0.547706953125 0.011513359374999983 0.03404664843749998
1 0.262833546875 0.545733234375 0.045395531249999975 0.045888960937500035
1 0.508232578125 0.52698290625 0.025987296875000017 0.011842312499999962
1 0.5368514999999999 0.5225420390625 0.019408234374999958 0.011842312499999962
1 0.18224003125 0.53882521875 0.04539553125 0.03108607031249999
1 0.4594817044734892 0.52698290625 0.011184406250000004 0.011842312499999962
1 0.013733792968749998 0.5738587265625 0.027467585937499997 0.04687582031249997
1 0.18092421875 0.6626760703125 0.22237231250000003 0.2422739765625
1 0.491784921875 0.5205683203125 0.007894874999999975 0.009868593749999998
1 0.47895574999999996 0.5250091875 0.011184406250000004 0.011842312499999962
1 0.509548390625 0.5205683203125 0.007894874999999975 0.003947437500000017
1 0.38586201562500005 0.5486938125 0.03059264062500002 0.03404664843749998
1 0.523693375 0.5185946015624999 0.004605343750000005 0.004934296875000044
1 0.5003377031249999 0.6646497890624999 0.14243670312499995 0.178621546875
1 0.5124569620834294 0.5599129954685339 0.06909780862798395 0.05419957244760454
2 0.246385890625 0.5363580703124999 0.005592203125000002 0.011348882812499994
