2 0.7751026561324352 0.5341866988876837 0.004122816766707516 0.011512423375612358
1 0.976003921875 0.5353712109375 0.032237406249999975 0.016283179687500038
1 0.9635037031249999 0.5580689765625 0.049342968749999966 0.049342968749999994
1 0.799027140625 0.54672009375 0.021381953124999954 0.013322601562499958
1 0.6102080468750001 0.5557406287785793 0.03993704384526436 0.02080107460176208
1 0.44119177481913474 0.7648160156249999 0.47944898414891834 0.3501375889268511
1 0.405599203125 0.5580689765625 0.025329390625 0.017270039062499975
1 0.7189503821752344 0.55066753125 0.040085034200351546 0.016988332987148524
1 0.8644251270668467 0.5333817032486502 0.02548307638938958 0.013115756324190198
1 0.7970181565630683 0.8389773932184943 0.404941296875 0.3220452135630114
1 0.83751465625 0.59803678125 0.25460971875000005 0.14506832812499998
1 0.428954875 0.560747467778213 0.020912104814524626 0.01529632031250001
1 0.5881681874999999 0.5538754842601621 0.02779680307906484 0.019737187499999996
1 0.8755111183365831 0.5393197045037592 0.02138635340108005 0.013322073529370381
1 0.01907928125 0.6074119453125 0.037171703125 0.049342968749999994
1 0.960214171875 0.5292530606034249 0.03822569638162238 0.01993481123561667
1 0.99713041015625 0.5639901328125 0.005739179687500122 0.02565834374999998
1 0.3727386000833264 0.5601984945104185 0.035527068621516736 0.012647340583336853
1 0.44803415625 0.5560952578125 0.024671484374999983 0.019737187499999996
1 0.5216258761537101 0.5547910774760381 0.026669190240061685 0.01529632031250001
1 0.201648265625 0.717446765625 0.15658168749999998 0.20576017968750007
1 0.4654387863070935 0.5610295546874999 0.03791926607871942 0.015251491960640262
