1 0.025987296875 0.58224703125 0.05065878125 0.06908015625
1 0.3940857890612012 0.538455002926278 0.021546457031899398 0.025041536132325425
1 0.5303546907386647 0.542587496718517 0.016283209602329228 0.011842312499999962
1 0.23838129440666667 0.5700757722040624 0.05723785690812499 0.06398140583921874
1 0.18092395820922444 0.5820496202938836 0.07730411464538775 0.07223814533111632
1 0.3480324062499999 0.5931024843749999 0.07993560937499998 0.08092246875000005
1 0.54211475 0.5324106328125 0.033224265625000034 0.021217476562499994
1 0.2931440786428787 0.5594786862482272 0.04671134375000001 0.049836398437499964
1 0.49244282812500006 0.520074890625 0.013816031250000017 0.011842312499999962
2 0.8832391406250001 0.6690906562499999 0.06875120312500003 0.2264842265625
1 0.4079018750000001 0.5374966294734985 0.014347453447833718 0.025316816540000796
1 0.490469109375 0.6439257421875 0.13388392187499995 0.18158212499999998
1 0.24737268420871708 0.5347790657064226 0.022697765624999987 0.017467544164847925
1 0.019408234375 0.5333974527186506 0.038487515624999996 0.014802890625000042
1 0.376651328125 0.5363580703124999 0.013816031250000017 0.024178054687499985
1 0.205595703125 0.5314237734375 0.018750328125 0.014802890625000042
1 0.1857267506201306 0.5393186484375001 0.03131659862534075 0.023240661590438715
1 0.23446125767987117 0.5253174926392091 0.015090733540231405 0.005674452123277707
2 0.7056818817477504 0.5513930944207226 0.008765625304214215 0.032537298243963966
2 0.6986964375 0.5486938125 0.01644765625000003 0.032072929687500015
1 0.52106175 0.5393186484375 0.007236968750000017 0.011842312499999962
1 0.7029477465452315 0.6088543064502758 0.2026100434202315 0.09595317136740222
1 0.010279785156249999 0.5960630625000001 0.020559570312499997 0.09769907812499996
2 0.6264913085956982 0.5356178027314525 0.006908015625000038 0.010362023437499968
1 0.5333975251866623 0.5348776822525135 0.022697765624999987 0.020724046875000023
1 0.30790012499999997 0.5452398046874999 0.029276828124999987 0.033059789062499956
1 0.603628984375 0.5704047187500001 0.10394918749999996 0.063159
1 0.1776346875 0.5472135234375 0.022697765624999987 0.004934296875000044
1 0.019408234375 0.5412923671875001 0.037171703125 0.011842312499999962
1 0.450090879311689 0.5040383924755787 0.053127372933254806 0.03577388548344888
1 0.3669415006464476 0.536902453623725 0.02022495567375279 0.014802890625000042
1 0.30901026778242185 0.5253792153569531 0.022697765624999987 0.009868593749999998
1 0.5416761209806712 0.5386608167454863 0.020285417855671225 0.014802890625000042
1 0.3512749254655179 0.5342433154590538 0.02199284734051794 0.03108607031249999
2 0.7144861874999999 0.55264125 0.010197546874999948 0.03404664843749998
1 0.04934296875 0.5442529453125 0.022697765625 0.019737187499999996
1 0.09835698437500001 0.571391578125 0.097699078125 0.09276478125000001
1 0.551654390625 0.5590558359375 0.08454095312499993 0.06167871093750001
1 0.27279619812307504 0.5417153467957923 0.026645203124999975 0.029112351562500027
1 0.5559777930826244 0.536357973034972 0.06259508498940605 0.026151773437500036
1 0.34379251658820303 0.5384412919521091 0.027303109374999992 0.029112351562500027
2 0.8621861406250001 0.6735315234374999 0.04243495312500004 0.21316162499999997
2 0.043750361022096985 0.5325748621176704 0.008223828124999999 0.014967322231621871
1 0.23026718750000003 0.5383317890624999 0.04539553125 0.024178054687499985
