1 0.19835873437500004 0.5215551796875 0.08783048437499999 0.057731273437499994
1 0.5003377031249999 0.4899756796875 0.024013578125000025 0.010855453125000025
1 0.8690942944199843 0.5077391484375 0.01600889088501821 0.013157986830015567
1 0.93620059375 0.5126734453124999 0.04111914062500001 0.019737187499999996
1 0.26837960593134425 0.4799661160967649 0.02467143738176354 0.0198782278305897
1 0.16776609375 0.476653078125 0.007894875000000004 0.007894875000000034
1 0.6156908511481635 0.52698290625 0.05789575000000002 0.024506932155550932
1 0.29250517769698525 0.5975433515625 0.17592407230301474 0.15207511810797794
1 0.99540340625 0.5156340234375 0.009193187500000023 0.01578974999999998
1 0.9487008125 0.5008311328125 0.019408234374999958 0.013816031250000017
1 0.47040296875 0.6470038307827244 0.20637891578075848 0.18158212499999998
1 0.864817765625 0.54672009375 0.05657993749999998 0.05970499218749996
1 0.12434428125 0.4791202265625 0.038487515624999996 0.01578974999999998
1 0.757908 0.5016535172696888 0.03991297807020745 0.0237668673929722
1 0.787184828125 0.52698290625 0.03848751562500006 0.02171090624999996
1 0.8006718536167104 0.5131669539499342 0.025987296875000017 0.03404664843749998
1 0.386519921875 0.48800196093750003 0.021381953125000012 0.011842312499999962
1 0.9929449708061985 0.5087260078125 0.013816031249999956 0.011842312499999962
1 0.558891359375 0.5579702977296983 0.10164651562499998 0.07036307432558733
1 0.7125124687500001 0.535864640625 0.04375076562499996 0.03503350781250001
1 0.9945810086353494 0.5288157212146312 0.010837982729301032 0.009868593749999998
1 0.618760828125 0.5166208828125 0.039803328124999975 0.011842312499999962
1 0.39655151020921253 0.4870151015625 0.023684792771126874 0.019737187499999996
1 0.938747101195397 0.5725194311559119 0.12250579760920602 0.09868593749999999
1 0.8798559991653988 0.49928039185731554 0.007330963815514598 0.008317763981912484
1 0.8424489531250001 0.528956625 0.043092859375 0.032072929687500015
1 0.605602703125 0.4909625390625 0.014473937500000034 0.010855453125000025
1 0.6858672656249999 0.49885741406249995 0.018750328125 0.02171090624999996
1 0.28882084375 0.4840545234375 0.016118703124999988 0.014802890625000042
1 0.785869015625 0.5807667421874999 0.18816118749999997 0.09177792187499997
1 0.902976216277582 0.5106997265625001 0.015296180503227556 0.029112351562500027
1 0.6457349739588629 0.5671975117143817 0.12566007291772566 0.08338966406011732
1 0.5368514999999999 0.5008311328125 0.025987296875000017 0.02516491406250001
1 0.8380088409075709 0.49293625781249994 0.01759963531015304 0.009375247948063414
1 0.9619137716557018 0.5155518499177631 0.022697765624999987 0.02113522532894736
1 0.8144879374999999 0.547706953125 0.07861979687500001 0.03898094531250003
1 0.31941348437499995 0.48602824218749985 0.03125054687499998 0.01578974999999998
1 0.14654865265269232 0.561522984375 0.15921333614346153 0.12187713281249994
1 0.8329093125 0.5028048515624999 0.03914542187500002 0.024178054687499985
