1 0.20329303124999998 0.6222148359374999 0.14144984375 0.14506832812499998
2 0.4273101093749999 0.4909625390624999 0.006579062499999999 0.018750328124999972
1 0.4539553125 0.4909625390625 0.017105562499999987 0.017270039062499975
1 0.4671134375 0.4870151015625 0.005592203125000002 0.01578974999999998
1 0.412178265625 0.5240223281249999 0.032237406249999975 0.032566359374999986
1 0.525338140625 0.5136603046874999 0.01907928124999998 0.032566359374999986
1 0.4881664375 0.4781333671875 0.026645203124999975 0.04391524218749998
1 0.378954 0.537838359375 0.04079018750000003 0.054277265625000036
2 0.393098984375 0.5111931562499998 0.00953964062499999 0.024178054687499985
1 0.45198159375 0.4939231171874999 0.017105562499999987 0.01578974999999998
1 0.11381778125000001 0.5422792265624999 0.09967279687500001 0.07845532031250002
1 0.7967244687499999 0.51514059375 0.054935171874999966 0.06414585937500003
1 0.416783609375 0.5166208828125 0.029276828124999987 0.03996780468749996
2 0.43487603125 0.4870151015625 0.004605343750000005 0.011348882812499994
1 0.536522546875 0.5225420390625 0.01907928124999998 0.04835610937499997
1 0.462754774052981 0.48726136737625375 0.010526499999999987 0.017270039062499975
1 0.452968453125 0.4870151015625 0.017105562499999987 0.01578974999999998
1 0.536522546875 0.5166208828124998 0.03223740625000004 0.04391524218749998
1 0.471060875 0.472705640625 0.010526499999999987 0.011348882812499994
1 0.43882346875 0.5037917109375 0.006579062499999999 0.008388304687500004
1 0.433889171875 0.51514059375 0.011513359374999983 0.02861892187499997
1 0.46908715624999997 0.4781333671875 0.007565921874999996 0.009868593749999998
1 0.55264125 0.5294500546875 0.04572448437499996 0.05970499218749996
2 0.56514146875 0.4968836953124999 0.008552781250000053 0.01282917187499999
1 0.495732359375 0.5111931562499998 0.026645203124999975 0.032566359374999986
1 0.08750153125 0.5679375703125 0.07796189062499999 0.09671221875000002
1 0.384546203125 0.5008311328125 0.006579062499999999 0.01578974999999998
2 0.517443265625 0.49540340625 0.005592203125000002 0.01578974999999998
1 0.452968453125 0.51514059375 0.032237406249999975 0.03996780468749996
1 0.6437612656250001 0.6064250859374999 0.12533114062500003 0.125331140625
1 0.5157985 0.4741859296874999 0.027632062499999974 0.04391524218749998
1 0.675340765625 0.5294500546875 0.11381778125000004 0.05674441406249997
1 0.474679359375 0.48553481249999997 0.010526499999999987 0.019737187499999996
1 0.508890484375 0.4926893159638531 0.005592203125000002 0.01578974999999998
