1 0.5886616940685685 0.5220485255047433 0.02302667681487165 0.019983807989711267
1 0.08988644140625 0.6537943359375001 0.1797728828125 0.2881629375
1 0.566786234375 0.5077391484375001 0.026645203124999975 0.023684625000000015
1 0.455271125 0.510206296875 0.03782960937499998 0.055264124999999976
1 0.2883262672952721 0.5538753236173815 0.13569349699492098 0.12212434705488144
1 0.01307588671875 0.918058302734375 0.0261517734375 0.16388339453125003
1 0.4644818125 0.537838359375 0.032237406249999975 0.04835610937499997
2 0.69672271875 0.5674441406249999 0.024013578125000025 0.0873370546875
1 0.4949093767508811 0.5366038854388216 0.055098328851938425 0.05304315157579298
1 0.21195554540434802 0.5912932334164984 0.13037505638132754 0.13519969490549286
1 0.6047987056948153 0.5854817762059936 0.08859809770499089 0.09879564457999086
1 0.502311421875 0.496390265625 0.04769820312500001 0.0675998671875
1 0.63989592050698 0.5372217911145303 0.03199077894581208 0.03281368699568441
1 0.8289625947739426 0.6441733567486783 0.13289802219859023 0.127552114049207
1 0.92920158984375 0.6843869765625 0.14159682031249995 0.26053087500000005
2 0.589155046875 0.504285140625 0.005592203125000002 0.013816031250000017
1 0.578628546875 0.55856240625 0.05526412499999995 0.0675998671875
1 0.4735609606543958 0.5027061849654904 0.011085715477377415 0.019539830130367798
1 0.5355356874999999 0.5077391484375 0.02861892187500003 0.036020367187500034
1 0.5759969218749998 0.5131668750000001 0.02861892187499997 0.023684625000000015
1 0.3979236711396741 0.5102062968750001 0.010197546875000008 0.009375150905997654
1 0.41579674999999994 0.50329828125 0.03125054687499998 0.01924375781250003
2 0.7190915312499998 0.5412923671875 0.021052999999999975 0.032566359374999986
1 0.5381673125 0.48849539062499997 0.020395093749999958 0.02220433593750002
1 0.673367046875 0.5546149687499999 0.07829084375000003 0.10213994531249995
1 0.5821374416034004 0.5167853462189143 0.022697752468914225 0.012335742187500021
1 0.7378418593749999 0.5876747578125 0.07927770312499997 0.09523192968750002
1 0.35942635066951195 0.552596348963676 0.030413143526829365 0.06163380990117595
1 0.5427726562499999 0.5240223281249999 0.02861892187500003 0.03454007812500004
1 0.566786234375 0.5407989375 0.04046123437500005 0.04687582031249997
2 0.63619534375 0.52106175 0.010526500000000046 0.02220433593750002
1 0.504943046875 0.5847141796875001 0.08454095312500005 0.10756767187500005
1 0.35007198331671624 0.5116865859375 0.014342333686094595 0.015444356471433895
1 0.3697433125 0.52698290625 0.051645640624999996 0.05378383593749998
1 0.416783609375 0.6690906562499999 0.199674546875 0.21513534375
1 0.41579675 0.5411688784562818 0.07368549999999997 0.06340475190856738
1 0.6098790937499998 0.5299434843750002 0.035855890624999984 0.029112351562500027
