1 0.8434358125 0.597049921875 0.061514234375000025 0.0478626796875
1 0.046382390625000006 0.5768193046875 0.09276478125000001 0.09325821093749997
1 0.69014365625 0.7957708052827692 0.5950762031249999 0.40845838943446144
1 0.987188328125 0.5787930234374998 0.019737187500000055 0.029605781249999998
1 0.821395953125 0.589155046875 0.05690889062499996 0.04095466406249999
1 0.17105562500000002 0.5768193046875 0.173358296875 0.0843764765625
1 0.9619687318228486 0.5865233451172239 0.04638239062500003 0.035855859921889624
1 0.2079041605144836 0.8028021783296444 0.4158083210289672 0.39439564334071137
1 0.7546184687499999 0.5787930234375 0.07763293749999996 0.04342181250000001
1 0.8572518437499999 0.5787930234374998 0.03651379687499994 0.027138632812499973
1 0.933897921875 0.5812601718749999 0.034211124999999974 0.03552693749999998
1 0.9053260372089318 0.5864059416370824 0.056250984375 0.0405317309765814
1 0.5138798507468408 0.5526823794205129 0.3120393353175198 0.14876898910192224
