1 0.141599363276076 0.494102550038804 0.015131843749999992 0.020724046875000023
1 0.54145684375 0.4840545234375 0.02894787500000001 0.023684625000000015
1 0.17572651989712498 0.5232328129929374 0.03809261989865626 0.0485534536179375
1 0.8414620937499999 0.43125754687499995 0.118094171875 0.08635019531250002
1 0.1330849744878498 0.5449578697393112 0.07988861352032707 0.051387141102160874
1 0.38948053684392897 0.5110944592593214 0.06000102328815148 0.04055995209038876
1 0.5144006102021978 0.485904732725702 0.04736925000000003 0.036020367187500034
1 0.7458074433542828 0.4740096859177342 0.1551014278085245 0.09473849999999998
1 0.15998092644225 0.501653504660371 0.05592209155545967 0.039967788240556426
1 0.9403336108518942 0.48800196093750003 0.11933277829621171 0.08164017079401109
1 0.687183078125 0.496390265625 0.165463421875 0.05674441406249997
1 0.9026475230224917 0.49787051357014106 0.17588015935960483 0.06069181866861291
1 0.36382215625000003 0.504285140625 0.02203985937500003 0.022697765624999987
1 0.566128328125 0.476653078125 0.05822470312499999 0.04736925000000003
1 0.6158002499999999 0.4736925 0.056250984375 0.04440867187500004
1 0.017434543036572582 0.5133313460801855 0.03388221025120162 0.0327308633490726
1 0.862844046875 0.4880019609375001 0.07960665624999995 0.046382390625000006
1 0.358229953125 0.4889888203125 0.013816031250000017 0.020724046875000023
1 0.385862015625 0.48800196093750003 0.06381690625 0.036020367187500034
1 0.053224509702093754 0.5399108538667031 0.08677779753225 0.06908015625
1 0.3727038906249999 0.5324106328125 0.032895312499999996 0.06167871093750001
