1 0.5914577187499999 0.54672009375 0.021381953124999954 0.013816031250000017
2 0.028947875000000005 0.5620164140624999 0.010855453125000003 0.013322601562499958
1 0.9728701171874999 0.62961628125 0.05425976562500002 0.07993560937500002
1 0.04539553124999999 0.5807667421875001 0.037829609374999996 0.0379940859375
1 0.603628984375 0.549680671875 0.04177704687499997 0.023191195312499958
2 0.025987296874999996 0.5580689765625 0.007565921875 0.024671484375000042
1 0.563496703125 0.5995170703125 0.05657993749999998 0.06365242968749998
1 0.5529702031249999 0.544746375 0.005921156249999981 0.005921156249999981
1 0.52829871875 0.5605361249999999 0.021381953124999954 0.023191195312499958
1 0.5388252187500001 0.5477069531249998 0.00921068750000001 0.01282917187499999
1 0.5536281093750001 0.549680671875 0.00921068750000001 0.011842312499999962
1 0.5315882500000001 0.545733234375 0.004605343750000005 0.006908015625000008
1 0.945073578125 0.5926090546874999 0.10985284374999994 0.09769907812499996
4 0.38421724999999995 0.5753390156250001 0.020724046874999996 0.032072929687500015
