2 0.602971078125 0.4840545234375 0.007565921874999996 0.02861892187499997
1 0.7342233749999999 0.481587375 0.02203985937500003 0.010855453125000025
2 0.676327625 0.4554356015625 0.004605343749999946 0.011348882812499994
1 0.50000875 0.5797798828125 0.06908015625000002 0.08980420312500001
1 0.278623296875 0.5161274531250001 0.041338986615879376 0.029112351562500027
1 0.505600953125 0.48800123012711144 0.04890420218102479 0.01924375781250003
1 0.308139363554805 0.533890921875 0.06157404378941482 0.04427410001970742
2 0.56316775 0.46826477343749995 0.007565921874999996 0.021217476562499994
1 0.783237390625 0.460863328125 0.02203985937500003 0.026151773437500036
1 0.2380660918971669 0.520074890625 0.04243495312499999 0.03750065625000003
1 0.735210234375 0.5023114218750001 0.04144809374999999 0.03750065625000003
1 0.41758249146304277 0.48849539062499997 0.03125054687499998 0.010855453125000025
2 0.727315359375 0.5407989375 0.01907928124999998 0.04292838281250004
1 0.82830396875 0.5357241881283181 0.12927857812500002 0.04712290434607267
1 0.8072509687499999 0.47023849218749997 0.026645203124999975 0.026151773437500036
1 0.8266592031250002 0.4884953906250001 0.03125054687500004 0.029112351562500027
1 0.3486903125 0.636524296875 0.19276653124999996 0.21168133593750005
1 0.716788859375 0.47714650781250006 0.027632062500000033 0.023684625000000015
1 0.68619621875 0.5338909218749999 0.05065878125 0.041448093749999956
1 0.74540778125 0.48010708593750007 0.026645203124999975 0.026151773437500036
1 0.638498015625 0.5092194375 0.06546167187500002 0.06365242968749998
1 0.3943913980027126 0.492442828125 0.0453959875543258 0.020724046875000023
1 0.820080140625 0.5245157578125 0.08388373219058659 0.03059264062500002
2 0.859554515625 0.4327378359374999 0.004605343749999946 0.011348882812499994
1 0.5746811093749999 0.5245157578125 0.07467235937500002 0.09819250781250002
1 0.517443265625 0.5106997265625001 0.03782960937500004 0.023684625000000015
1 0.16944886014234506 0.5625668449010175 0.08260523514234504 0.07056044531249998
1 0.80988259375 0.447047296875 0.008223828124999954 0.010855453125000025
2 0.77303984375 0.5240223281249999 0.011513359374999983 0.02861892187499997
1 0.02565834375 0.57435215625 0.0513166875 0.0942450703125
1 0.8680493040988625 0.5570237970178075 0.14473937499999998 0.0669316406877
1 0.20658256249999998 0.516127453125 0.028618921874999998 0.041448093749999956
1 0.886528671875 0.4840545234375 0.026645203124999975 0.023684625000000015
1 0.092106875 0.57435215625 0.09203413691058625 0.07631549327736184
2 0.669419609375 0.46974506250000003 0.006579062500000058 0.02565834374999998
1 0.77040821875 0.48010708593750007 0.029605781250000025 0.029112351562500027
1 0.5327725001290586 0.6031684621365375 0.12664698009508382 0.10968945391810676
1 0.8246854843749999 0.45790275 0.011184406250000004 0.020724046875000023
1 0.43092859375000003 0.5659638515625 0.05888260937500001 0.08042903906249999
1 0.39954645467163313 0.5092194375 0.06223796411010056 0.03059264062500002
1 0.8273829213141164 0.5407989375 0.12829171874999995 0.04223751730765093
1 0.633892671875 0.5837273203125 0.11250196875 0.09276478125000001
1 0.755605328125 0.4263232500000001 0.007236968750000017 0.006908015625000008
1 0.25197809374999997 0.5521478203125 0.07353680935353776 0.0603349940109907
2 0.6345505781249999 0.4741859296875 0.007565921874999996 0.011348882812499994
1 0.799685046875 0.502311421875 0.04046123437500005 0.036020367187500034
1 0.7158019999999999 0.4909625390625 0.02203985937500003 0.02220433593750002
1 0.7960665625 0.447047296875 0.004605343749999946 0.01529632031250001
1 0.5023583783931278 0.4978705546875 0.058506699731872246 0.029112351562500027
2 0.5167853593749999 0.46678448437500003 0.006579062499999999 0.009868593749999998
2 0.5552718151450544 0.4733397776890854 0.006579062500000058 0.0107147457484146
2 0.628629421875 0.4741859296874999 0.006579062500000058 0.009868593749999998
1 0.2921100462112693 0.4939231171874999 0.02730278058626935 0.021711892616191886
2 0.656261484375 0.46382390625000003 0.006579062500000058 0.022697765624999987
2 0.761526484375 0.533890921875 0.01907928124999998 0.04292838281249996
1 0.5098733982852324 0.5322484577711144 0.06140710404693485 0.04605804054222888
1 0.7296505431647056 0.7174481362561732 0.540698913670589 0.33059686265162014
1 0.81383003125 0.533890921875 0.11459011085315443 0.04848483564729875
