1 0.4418139523675875 0.54672009375 0.20427989062500002 0.09769907812499996
1 0.7533026562499999 0.53487778125 0.05263249999999999 0.044902101562500005
1 0.16408175769703262 0.5185946015624999 0.029934734375000004 0.02852037330667656
1 0.05592203125 0.5077391484374999 0.018092421874999997 0.009868593749999998
1 0.06776434375 0.5195814609374999 0.03717170312499999 0.029157209801381347
1 0.201648265625 0.5215551796875 0.028618921874999998 0.024178054687499985
2 0.07138282812499999 0.6774789609374998 0.032895312499999996 0.14210775
1 0.134541828125 0.5195814609374999 0.031908453125 0.02171090624999996
1 0.34233060764004625 0.527969765625 0.055483482640046294 0.04194202344791673
1 0.275991671875 0.6863606953125 0.4138230312499999 0.2985249609375
1 0.566786234375 0.5329040625 0.07171178124999997 0.05970499218749996
1 0.5187588462165255 0.5348780131584745 0.05098719325522616 0.05970476027902549
2 0.05427726562500001 0.6227082656249999 0.04111914062500001 0.07944217968749996
1 0.04246485861758757 0.5224523225847373 0.01943813986758758 0.02610691519861863
1 0.669419609375 0.52698290625 0.055922031250000025 0.04687582031249997
1 0.2779655452306497 0.5333973762332628 0.05822478042782485 0.04638250657923724
1 0.6266958822160824 0.5387046814767528 0.05723784375000006 0.06886921602181753
1 0.374019703125 0.5146471640625 0.020724046874999996 0.01282917187499999
2 0.34803240625 0.528956625 0.00953964062499999 0.012335742187500021
1 0.7077470892037337 0.5388252187499999 0.05789575000000002 0.06365242968749998
1 0.23092509374999998 0.5225420390624999 0.042434953125000015 0.027138632812499973
1 0.3013210624999999 0.52698290625 0.029276828124999987 0.03898094531250003
1 0.9569981289062499 0.535864640625 0.08600374218750002 0.05970499218749996
1 0.8329093125 0.533890921875 0.09375164062500001 0.05970499218749996
2 0.045395531249999996 0.668103796875 0.05000087499999999 0.21118790625
1 0.135199734375 0.6133331015625 0.16020017187499996 0.13075886718750002
1 0.5688627361350391 0.5407989375 0.05263249999999999 0.051254993947539164
