1 0.7985336246136334 0.5551083984374999 0.05625099424058474 0.0313327444607129
1 0.7523157968749999 0.5600426953125 0.07565921874999997 0.02565834374999998
1 0.979293453125 0.5343843515625 0.017105562499999987 0.019737187499999996
1 0.11447568749999999 0.5664572812499999 0.052303546875000016 0.030099210937499964
1 0.579286453125 0.545733234375 0.037171703125000025 0.016283179687500038
1 0.8861997187499999 0.54277265625 0.030263687499999983 0.017270039062499975
1 0.276649578125 0.5551083984374999 0.04111914062500001 0.011348882812499994
1 0.6095501406249999 0.5486938125 0.021381953124999954 0.011348882812499994
1 0.8167906093749999 0.5437595156249999 0.03782960937499998 0.016283179687500038
1 0.6419519568448031 0.54277265625 0.027303109375000054 0.011842319899188603
1 0.5432661175909292 0.5425259383231238 0.02401356414816108 0.010855451891749546
1 0.373361796875 0.5551083984374999 0.06644853125000001 0.023684625000000015
1 0.8825812343749999 0.5333974921875001 0.010855453125000025 0.012335742187500021
1 0.5615229843749999 0.5639901328125001 0.06052737499999997 0.0379940859375
1 0.3088869843749999 0.5551083984374999 0.032895312499999996 0.003947437500000017
1 0.844751625 0.6498468984375 0.22434603125000005 0.16579237500000002
1 0.6719416929547771 0.5493517121727134 0.03695239665680887 0.03026367105678345
1 0.728960125 0.5437595156249999 0.032237406249999975 0.012335742187500021
1 0.33224265625 0.5496806718750001 0.020724046874999996 0.01529632031250001
1 0.054277265625 0.571391578125 0.05000087499999999 0.016283179687500038
1 0.531917203125 0.551654390625 0.024013578125000025 0.012335742187500021
1 0.418099421875 0.5649769921875 0.04868506250000001 0.036020367187500034
1 0.460534375 0.571391578125 0.030263687499999983 0.03996780468749996
1 0.2180955118962648 0.5600426953125 0.03980327989220764 0.012006777004301927
1 0.724683734375 0.5486938125 0.032237406249999975 0.03404664843749998
1 0.5267632343819251 0.5657994051454953 0.01184244514017904 0.03898094531250003
1 0.8945334001737912 0.5321638902200592 0.008223828124999954 0.012335742187500021
1 0.7516578906249999 0.54672009375 0.02828996874999999 0.01529632031250001
1 0.862844046875 0.5363580703125 0.017105562499999987 0.012335742187500021
1 0.43355990523684956 0.5519833558081981 0.009101020380735866 0.00805933950430191
1 0.8408041875 0.5363580703125 0.008223828124999954 0.012335742187500021
1 0.460534375 0.5570821171875 0.03157950000000002 0.016283179687500038
1 0.16348970312499997 0.5857010390624999 0.06875120312500001 0.06463928906250001
1 0.899028890625 0.54672009375 0.025987296875000017 0.023684625000000015
1 0.295728859375 0.5551083984374999 0.01842137500000002 0.012335742187500021
1 0.452310546875 0.54277265625 0.03914542187500002 0.02565834374999998
