1 0.08975719961719753 0.5206388255742038 0.013816031250000001 0.01529632031250001
1 0.25855715625 0.5171143125000001 0.02565834374999998 0.017763468750000032
1 0.6179713395723556 0.5447463749999999 0.06348795312500002 0.049836398437499964
1 0.30921593750000004 0.5131668750000001 0.013026543848686008 0.01529632031250001
2 0.18520063898018913 0.5188413386101418 0.004605343750000005 0.01578974999999998
2 0.806264109375 0.492442828125 0.006579062500000058 0.014309460937499985
2 0.15954226562499998 0.5181011718749999 0.006579062499999999 0.017270039062499975
1 0.30000525 0.5131668750000001 0.02203985937500003 0.017763468750000032
1 0.356914140625 0.5077391484375 0.0026316250000000116 0.010855453125000025
1 0.5168753881220756 0.5250974878256601 0.035855890625000046 0.044242466891084575
1 0.4046470568195403 0.50329828125 0.02203985937499997 0.029112351562500027
1 0.2990183906250001 0.5047785703125 0.011842312500000023 0.011391035421821006
1 0.9144896874999999 0.48742422603135793 0.029276828125000046 0.023243264916810613
1 0.8053053517395473 0.48660597709364206 0.01644765625000003 0.03454007812500004
1 0.112173015625 0.5171143125 0.03504615923289892 0.025696299529443144
1 0.354282515625 0.506258859375 0.01644765625000003 0.017763468750000032
1 0.15822645312499997 0.5234055148028937 0.007236968749999987 0.010855453125000025
1 0.8658046250000001 0.48421899780698646 0.04605343750000005 0.03514315081311707
1 0.39638851562499994 0.5240223281249999 0.03322426562499998 0.03157949999999996
1 0.5502339118332792 0.530369626666802 0.04763839509707785 0.05039711552069805
2 0.0106909765625 0.7060978828125 0.021381953125 0.03848751562499997
1 0.2809540704895474 0.513702457296821 0.013816031250000017 0.017763468750000032
1 0.13421287499999998 0.5246567394351198 0.011842312500000007 0.01529632031250001
1 0.2934261875 0.5102062968750001 0.0107458258404255 0.012335742187500021
