1 0.34211125 0.5482003828125 0.11579149999999998 0.08092246874999995
1 0.42862592187500004 0.5462266640625 0.013816031250000017 0.029112351562500027
1 0.40790302942344464 0.506258859375 0.03190960754844466 0.030097479302333065
1 0.491784921875 0.5333974921874999 0.043092859375 0.009868593749999998
2 0.031579499999999996 0.557575546875 0.0171055625 0.0774684609375
1 0.875578009217259 0.5854512635863758 0.1663574036276395 0.10041075524026839
1 0.46382390625 0.5304369140625 0.007236968750000017 0.008881734374999973
1 0.52435128125 0.5294500546875 0.016118703124999988 0.01578974999999998
1 0.6417846319870245 0.5923575302785905 0.0858532677594295 0.09547645836526844
2 0.5338909218750001 0.5368514999999999 0.013816031250000017 0.036020367187500034
1 0.7013280625 0.6301097109375 0.14506832812499995 0.1435880390625
1 0.570733671875 0.5363580703124999 0.024013578125000025 0.03404664843749998
1 0.49507445312500004 0.5255026171874999 0.012500218749999981 0.009868593749999998
2 0.602971078125 0.5255026171874999 0.003947437499999987 0.004440867187499986
1 0.4536263593749999 0.5343843515625 0.020066140624999975 0.023191195312499958
1 0.44441567187500003 0.5373449296875 0.009868593750000028 0.02220433593750002
1 0.42484414328127695 0.5259924998436691 0.012828698937489235 0.007400735906233802
1 0.57829959375 0.5383317890624999 0.022697765624999987 0.03108607031249999
1 0.492442828125 0.6113593828124999 0.11842312499999999 0.15296320312500003
2 0.6250580831798156 0.5391748114722082 0.007988633042776645 0.026430647639984973
1 0.430599640625 0.5432660859375 0.024671484374999983 0.03503350781250001
1 0.9460604375 0.674024953125 0.10787912500000006 0.23388567187499998
1 0.603628984375 0.5462266640625 0.035197984375000026 0.04194152343750002
1 0.83356721875 0.7381708125 0.29934734375000005 0.2546097187500001
1 0.5582334531249998 0.5363580703124999 0.009868593749999969 0.02516491406250001
1 0.484219 0.5255026171875 0.009868593750000028 0.006908015625000008
1 0.40527025 0.5432660859375 0.03519798437499997 0.05279697656249995
