1 0.9666200078124999 0.7154730468749999 0.06675998437500005 0.21760249218750002
1 0.6783015298293933 0.577806130229883 0.08717258940253897 0.07697498050107451
1 0.615471296875 0.6764921015625001 0.2766495781250001 0.17763468749999997
1 0.46592910520247127 0.5674441406249999 0.14691056667252872 0.09019883319653008
2 0.3799409558585899 0.6524785322087354 0.04210590351641006 0.19145071875
1 0.3779671406250001 0.5565886874999999 0.085198859375 0.04292838281249996
1 0.8164616562499999 0.5876747578125 0.09967279687499998 0.09276478125000001
1 0.22829346875000003 0.5028048515625 0.022039859375 0.019737187499999996
1 0.7092229375 0.54277265625 0.04375076562499996 0.03108607031249999
1 0.3819145781249999 0.636524296875 0.22829346874999998 0.1376668828125
1 0.33125579687500006 0.5106997265625 0.025329390625 0.019737187499999996
1 0.1437522524730261 0.5942127135071237 0.10604639113611238 0.08548670569462376
1 0.2702014905898274 0.6219190054819397 0.15835818594629317 0.12365363125879317
2 0.5713920155604794 0.5657172070208805 0.013158124999999998 0.02171090624999996
1 0.1159559765625 0.725341640625 0.231911953125 0.32418330468749995
1 0.7350693548206704 0.5876747578125 0.06499183919567031 0.07225223696597949
1 0.317439765625 0.5106997265625 0.031908453125 0.019737187499999996
1 0.5290879288900383 0.5959645234001268 0.1302659677469856 0.06286277087693541
1 0.4281173665499219 0.5219589697538474 0.019138911814326025 0.02018567626775889
1 0.9132337062174407 0.5961527546011192 0.1136682488105997 0.0908359222318201
1 0.18256876565726027 0.5368516874723482 0.03750081247695694 0.030099304673674165
1 0.21217476562499998 0.5057654296874999 0.027961015625000012 0.016776609375000008
1 0.2077883489648956 0.6143201829730881 0.09484811156867323 0.08717263733449014
1 0.9774754609374999 0.5837273203125 0.04504907812500001 0.0675998671875
1 0.335751262613621 0.5490229136487255 0.1173267724753071 0.045889049751735286
1 0.6329058125 0.5876747578125 0.146384140625 0.08783048437499996
2 0.17105562500000002 0.853172298828125 0.168752953125 0.2936554023437501
1 0.3330081642661617 0.5100418893892024 0.018201405175210007 0.012500149673297578
1 0.9121870156249999 0.5926090546874999 0.11513359374999996 0.09177792187499997
1 0.048027156249999994 0.545733234375 0.09506745312499999 0.05181011718750002
1 0.12039684374999998 0.5299434843750002 0.048685062499999994 0.026151773437500036
1 0.2117007063669701 0.5541762899067975 0.12134697853252753 0.060033833297696224
1 0.5643729904356344 0.5579043618465952 0.06052682238638063 0.03898032362217822
1 0.5654703593842173 0.5329042499723482 0.057895812490782815 0.039967992159848274
1 0.06250109375 0.5195814609375 0.039803328125 0.016776609375000008
