1 0.3855330625000001 0.46333047656249987 0.03059264062500002 0.041448093749999956
1 0.43438040782932663 0.44951444531249996 0.01578975000000001 0.01924375781250003
1 0.4200700536864345 0.47023849218749997 0.011512918383776357 0.02294348823849681
1 0.8477122031250001 0.47023849218749997 0.19835873437500004 0.11743626562500005
1 0.531259296875 0.45938303906249994 0.014802890625000013 0.04292838281250004
1 0.42698115625000005 0.47023849218749997 0.008223828125000015 0.01924375781250003
1 0.5404699843749999 0.45938303906249994 0.019408234374999958 0.04835610937499997
1 0.522048609375 0.46086332812499997 0.019408234375000017 0.03996780468749996
1 0.48717957812499996 0.3626708203125 0.007236968750000017 0.005427726562500013
1 0.473363546875 0.39425032031249996 0.013816031250000017 0.02220433593750002
1 0.5725434695347327 0.454571405269084 0.056828226181742755 0.06069185156249999
1 0.4539553125 0.39967804687499997 0.00921068750000001 0.009868593750000043
1 0.51119315625 0.46481076562499996 0.011184406250000004 0.026151773437500036
1 0.450994734375 0.4149743671875 0.007236968750000017 0.013816031250000017
1 0.556259734375 0.4455670078124999 0.045066578125 0.07204073437499998
1 0.487179578125 0.409546640625 0.010197546875000008 0.013816031250000017
2 0.277307484375 0.46382390625000003 0.02861892187500003 0.08684362500000002
1 0.487179578125 0.39721089843749996 0.010197546875000008 0.01776346874999999
1 0.50461409375 0.43865899218750004 0.011842312500000023 0.017763468750000032
1 0.505600953125 0.4662910546875 0.006579062499999999 0.01924375781250003
1 0.5092194375000001 0.45099473437499993 0.017434515625000025 0.020724046875000023
1 0.446389390625 0.423362671875 0.013816031250000017 0.01924375781250003
1 0.41415198437499995 0.46777134374999996 0.00921068750000001 0.026151773437500036
1 0.08223354059434589 0.4850387368651582 0.16446708118869177 0.10509655451648721
1 0.96407062109375 0.4302706875 0.07185875781249998 0.10806110156249997
1 0.43803404876887114 0.44467885036631155 0.012434417464125621 0.017171363785874406
1 0.439152421875 0.437178703125 0.013816031250000017 0.016776609375000008
1 0.40592815625000006 0.46777134374999996 0.01578975000000001 0.029112351562500027
1 0.3579009155504005 0.46727789596615726 0.040241954409418905 0.047533741642785635
1 0.30822907812499994 0.47023849218749997 0.05361935937499999 0.05279697656249995
