1 0.516127453125 0.5383317890624999 0.007565921874999996 0.010362023437499968
2 0.57829959375 0.5363580703124999 0.005921156249999981 0.01282917187499999
1 0.532575109375 0.5324106328125 0.010855453125000025 0.010362023437499968
1 0.5210617499999999 0.5409632852300413 0.008881734374999973 0.012335742187500021
1 0.5717205312500001 0.5600426953125 0.03914542187500002 0.03898094531250003
1 0.5072457187499999 0.5412923671875001 0.020066140624999975 0.011348882812499994
1 0.49145596875 0.5324106328125 0.010855453125000025 0.007401445312499977
1 0.5023114218749999 0.5363580703125 0.008881734374999973 0.003947437500000017
1 0.502311421875 0.5588091321957515 0.03273084333883431 0.03898094531250003
1 0.5096577843925285 0.5324106328125 0.010855453125000025 0.010362023437499968
