2 0.638498015625 0.5190880312500001 0.021052999999999975 0.06858672656250002
2 0.4009938382282853 0.48750853124999993 0.0039474304510951205 0.006414592986404876
1 0.555601828125 0.4939231171875 0.026645203124999975 0.01924375781250003
2 0.611523859375 0.49589683593749995 0.008552781250000053 0.03157949999999996
2 0.3753537913164069 0.504285140625 0.0055556517421863445 0.02609694636327946
2 0.618760828125 0.5412923671875001 0.026645203124999975 0.09079106250000005
2 0.6053102962048219 0.4949099765625 0.008296927113750149 0.03086676347758983
1 0.44704729687499994 0.5185946015624999 0.023026718750000025 0.02220433593750002
1 0.47566621875000004 0.4939231171875 0.01578975000000001 0.027632062500000033
1 0.44704729687499994 0.49947421885281074 0.020998166620973 0.020600671772189206
2 0.35592728125 0.4968836953124999 0.00625010937500002 0.01282917187499999
2 0.702314921875 0.5136603046875 0.02171090625000005 0.04440867187500004
2 0.6106356707400784 0.5036930332895027 0.00967122463816755 0.03488546025486894
2 0.6690906562500001 0.48948225 0.014802890625000013 0.01578974999999998
1 0.35592728125 0.49540340625 0.013816031250000017 0.023684625000000015
2 0.6012532103841469 0.4996797955957321 0.009649289960976167 0.03399182376951186
1 0.45823170312499995 0.492442828125 0.010197546875000008 0.012335742187500021
1 0.543759515625 0.506258859375 0.021053000000000033 0.031826313521793284
1 0.8493068929681091 0.5745078828125 0.3013862140637818 0.850984234375
2 0.7073314343130669 0.5269828982318175 0.0103620261102274 0.01578974999999998
1 0.6210634999999999 0.4825742343750001 0.010197546874999948 0.017763468750000032
2 0.5934314374999999 0.49463494943405395 0.008552781250000053 0.028966742279762946
2 0.6217871977960677 0.4867190465132035 0.006381685559126993 0.014408148256601727
2 0.6220503593749999 0.500337703125 0.006250109374999961 0.017763468750000032
2 0.5490227656250001 0.5664572812499999 0.035855890625000046 0.095725359375
2 0.102633375 0.6340571484375 0.05822470312499999 0.18947699999999995
1 0.518759078125 0.7998495234374999 0.29803153125000004 0.38487515624999996
2 0.22191190023508642 0.5164235510048721 0.021842479868119588 0.03009929679615455
1 0.46908715624999997 0.4978705546875 0.005592203125000002 0.01529632031250001
1 0.511522109375 0.52698290625 0.04769820312499995 0.049836398437499964
1 0.51053525 0.4889813061817766 0.05329040624999995 0.10335473420444163
1 0.5381673125 0.48010708593750007 0.010197546875000008 0.020724046875000023
2 0.6582781666413043 0.5090262518497071 0.009811375805183905 0.03855166055330193
2 0.37098863679010585 0.5087612509775823 0.005968149016505878 0.024953443793629404
2 0.5829049375000002 0.49293625781249994 0.004934296875000044 0.024178054687499985
1 0.40855978125 0.5324106328125 0.07269864062500003 0.09523192968750002
1 0.48948225 0.5768193046875 0.21908278124999997 0.11052825000000004
2 0.6033000312499998 0.48721827876582663 0.006250109374999961 0.01703783753956669
1 0.55856240625 0.501127197730416 0.023618836743471996 0.023684625000000015
2 0.3815856221216278 0.5032982726148834 0.00625010937500002 0.027385328227237514
2 0.6220503593750001 0.5003377031249999 0.00921068750000001 0.033553218750000016
