1 0.6852093593749999 0.5106997265625 0.10033070312500006 0.05082325781249999
1 0.446389390625 0.4812584265352081 0.027961015625000012 0.016776609375000008
1 0.52566709375 0.4810939453125 0.027303109374999992 0.006908015625000008
1 0.261517734375 0.5748455859374999 0.11118615625000003 0.13569316406249995
1 0.9872319136700636 0.49311569396700355 0.025536172659872847 0.0379940859375
1 0.5434305625 0.47566621875 0.017434515624999966 0.01282917187499999
1 0.4884953906250001 0.4810939453125 0.017434515625000025 0.006908015625000008
1 0.41908628125 0.481587375 0.022697765624999987 0.013816031250000017
1 0.9513324374999999 0.4988574263982114 0.06644853124999996 0.045888960937500035
1 0.311518609375 0.531917203125 0.025329390625 0.03404664843749998
1 0.69935434375 0.5250091875 0.11579150000000003 0.07105387499999996
1 0.922713515625 0.47566621875 0.022697765624999987 0.013816031250000017
1 0.9053089060257505 0.4747690774522518 0.022697765624999987 0.016776609375000008
1 0.8048073284441768 0.5008311328125 0.08026457142880415 0.06664827670661841
1 0.381914578125 0.539812078125 0.133226015625 0.10362023437499994
1 0.8820055678454451 0.49910413322383534 0.06792882319089025 0.058718132812500025
1 0.107896625 0.54672009375 0.18684537499999998 0.09375164062500004
