1 0.42073106990171877 0.5245157578125 0.008881711348281248 0.01036198889742188
1 0.18717435115171874 0.5452398046875 0.06315897697328125 0.06019842187500002
1 0.9019894687499999 0.5511609609375 0.18684537499999992 0.10115308593750001
1 0.8148442999359631 0.5063410873078898 0.005921156249999981 0.008881734374999973
1 0.12454166049354264 0.5583650316117965 0.05723784375000001 0.05358645439128775
1 0.10585712069084265 0.5314237734375 0.03289533782921331 0.01667793103626396
1 0.48027156249999997 0.5195814609374999 0.007236968750000017 0.009868593749999998
1 0.824017457153744 0.505272 0.012171265624999943 0.010825090211231814
1 0.354282515625 0.5304369140625 0.013487078124999977 0.014802890625000042
1 0.09421217684213566 0.5375423043257033 0.03388217187499999 0.021217476562499994
1 0.8495425313765064 0.5066890308704808 0.017434515624999966 0.009868593749999998
1 0.47045436527127715 0.5195814609375 0.006342628242907603 0.009513942364361405
1 0.8246854843749998 0.5092194375 0.011697574119754606 0.007894875000000034
1 0.4769820312499999 0.79334394921875 0.3335584687499999 0.4133121015625
1 0.52106175 0.5225420390624999 0.017434515625000025 0.01282917187499999
1 0.048027156249999994 0.5353712109375 0.03462347199944347 0.016345725093332587
1 0.676327625 0.5205683203125 0.017434515624999966 0.01282917187499999
1 0.450336828125 0.5294500546875 0.018750328125 0.026151773437500036
1 0.09539640625 0.5595492656250001 0.026645203125000006 0.04391524218749998
1 0.8485894149610972 0.5092194375 0.012171265624999943 0.003947437500000017
1 0.42303371875 0.5215551796875 0.007236968750000017 0.007894875000000034
1 0.04636377138159197 0.5644835625 0.06414585937499999 0.05082325781249999
1 0.1039491875 0.8442905644531249 0.20362198437499998 0.3114188710937501
1 0.43224440625 0.5225420390624999 0.007236968750000017 0.009868593749999998
1 0.463494953125 0.5225420390625 0.011184406250000004 0.013816031250000017
