1 0.040461234375 0.54672009375 0.046711343749999995 0.016283179687500038
1 0.9260030468749998 0.5570821171875 0.039803328124999975 0.03108607031249999
1 0.544417421875 0.569417859375 0.045395531249999975 0.04835610937499997
1 0.031579499999999996 0.5383317890624999 0.033553218749999995 0.02171090624999996
1 0.244412171875 0.62172140625 0.22039859375 0.12039684374999995
1 0.41316512499999997 0.5600426953125 0.04868506250000001 0.04835610937499997
1 0.4796136562499999 0.5333974921874999 0.012500218749999981 0.010362023437499968
1 0.46119228125 0.5383317890624999 0.01578975000000001 0.02171090624999996
1 0.32336092187500004 0.5817536015625 0.10296232812500002 0.054770695312500006
1 0.483232140625 0.5664572812499999 0.045395531249999975 0.058718132812500025
1 0.470074015625 0.5333974921875001 0.00953964062499999 0.00937516406250003
1 0.50987734375 0.54277265625 0.021381953125000012 0.02861892187499997
1 0.47435040625 0.5600426953125 0.03782960937499998 0.04736925000000003
1 0.00945740234375 0.5477069531249998 0.0189148046875 0.02171090624999996
1 0.340466484375 0.5580689765625001 0.039803328124999975 0.023684625000000015
1 0.43783660937499996 0.5600426953125 0.012500218749999981 0.04243495312499999
1 0.9872618164062499 0.5639901328125 0.02547636718750006 0.02861892187499997
1 0.24079368749999996 0.5570821171875 0.04736925 0.03108607031249999
1 0.466784484375 0.6547811953125 0.26908365624999997 0.15246977343749996
1 0.672709140625 0.5383317890624999 0.04243495312500004 0.054770695312500006
1 0.866791484375 0.5570821171875 0.033553218750000016 0.02565834374999998
1 0.00723696875 0.5373449296875 0.0144739375 0.011348882812499994
