1 0.427968015625 0.4899756796875 0.014802890625000013 0.020724046875000023
1 0.446389390625 0.47714650781250006 0.011184406250000004 0.012335742187500021
1 0.441126140625 0.492442828125 0.005592203125000002 0.013816031250000017
1 0.13388392187499998 0.6227082656249999 0.113488828125 0.12335742187500003
1 0.44375776562499997 0.4939231171875 0.0036184843750000084 0.010855453125000025
1 0.535864640625 0.5422792265624998 0.04144809374999999 0.04687582031249997
1 0.8506727812499999 0.82146944140625 0.29704467187499994 0.3570611171875001
1 0.624681984375 0.599023640625 0.10987034374999993 0.11644940625000003
1 0.4105335 0.4939231171875 0.01842137500000002 0.02220433593750002
1 0.512837921875 0.4870151015625 0.02203985937499997 0.023684625000000015
1 0.379282953125 0.5037917109375 0.05361935937499999 0.036020367187500034
1 0.45560007812500003 0.43717870312499996 0.00921068750000001 0.009868593749999998
1 0.49540340625 0.492442828125 0.005592203125000002 0.01529632031250001
1 0.454942171875 0.45099473437499993 0.0036184843750000084 0.010855453125000025
1 0.5111931562500001 0.47714650781250006 0.01578975000000001 0.012335742187500021
1 0.36250634374999996 0.5368514999999999 0.032237406249999975 0.04292838281249996
1 0.480600515625 0.45642246093749994 0.010197546875000008 0.012335742187500021
2 0.50329828125 0.492442828125 0.013158124999999998 0.030099210937499964
1 0.48257423437499997 0.43323126562500003 0.00921068750000001 0.013816031250000017
1 0.496390265625 0.48010708593749996 0.012829171875000019 0.013816031250000017
1 0.4509947343750001 0.45642246093749994 0.010197546875000008 0.013816031250000017
1 0.38092771875 0.5314237734375 0.026645203124999975 0.04292838281250004
1 0.27039946875 0.567444140625 0.21678010937500003 0.28224178125000005
1 0.349677171875 0.5422792265624998 0.039803328124999975 0.041448093749999956
1 0.35888785937499995 0.4993508437500001 0.027632062499999974 0.023684625000000015
1 0.4473762500000001 0.47171878125000005 0.008223828125000015 0.006908015625000008
1 0.448363109375 0.47023849218749997 0.011184406250000004 0.010855453125000025
1 0.43553393749999997 0.4899756796875 0.007236968750000017 0.017763468750000032
1 0.480600515625 0.44260642968749997 0.011842312500000023 0.010855453125000025
1 0.4223758125 0.4899756796875 0.013816031250000017 0.020724046875000023
