2 0.694749 0.51908803125 0.006908015625000038 0.03404664843749998
1 0.231911953125 0.5383317890624999 0.06579062499999999 0.045395531249999975
1 0.38948049999999995 0.51514059375 0.014144984374999996 0.01282917187499999
1 0.22467498437499997 0.5935959140625 0.21217476562499996 0.10707424218749999
1 0.442441018944834 0.5092215394053733 0.011184406250000004 0.010362023437499968
1 0.3065172175524284 0.5363580703124999 0.04684303600617632 0.046876028449080565
1 0.4669097086534346 0.5079670030485514 0.011184406250000004 0.010931659965128482
1 0.35987471875000004 0.5205683203125 0.024013578125000025 0.016776609375000008
1 0.157568546875 0.5491872421874999 0.05855365624999999 0.045395531249999975
1 0.4302706875 0.512180015625 0.013487078124999977 0.01282917187499999
2 0.671393328125 0.51908803125 0.010197546874999948 0.03898094531250003
