1 0.45724484374999996 0.5018179921874999 0.06908015625000002 0.04687582031249997
1 0.5745163441662354 0.4768999372918824 0.022368962168433506 0.011348850740692829
1 0.960872078125 0.5018179921875001 0.020066140625000038 0.020724046875000023
1 0.339479625 0.465797625 0.03322426562499998 0.011842312499999962
1 0.074672359375 0.4791202265625 0.06644853125000001 0.03404664843749998
1 0.862844046875 0.5136603046875 0.043092859375 0.019737187499999996
1 0.758676065634134 0.5539569627318521 0.0858567086146298 0.09638323711981496
1 0.617445015625 0.4736925 0.022697765624999987 0.011842312499999962
1 0.950016625 0.5817536015624999 0.095725359375 0.09769907812499996
1 0.0004111914062500036 0.49589683593749995 0.0008223828125000072 0.014802890625000042
1 0.8348830312500001 0.4909625390625001 0.03914542187500002 0.020724046875000023
1 0.9487008125 0.5195814609375 0.03388217187499999 0.029112351562500027
1 0.9062658593749998 0.5008311328125 0.024671484374999983 0.027138632812499973
1 0.20427989062500002 0.46185018749999995 0.020066140625000006 0.01282917187499999
1 0.83718599914433 0.537838359375 0.08289609869420099 0.06093852940383373
1 0.8888313437500001 0.5126734453124999 0.029276828125000046 0.024178054687499985
1 0.446389390625 0.46974506250000003 0.023355671875000004 0.011842312499999962
1 0.7944217968749998 0.5146471640625 0.031908453125 0.036020367187500034
1 0.2381620625 0.46382390625000003 0.017434515624999994 0.01578974999999998
1 0.93751640625 0.5047785703125001 0.025987296875000017 0.019737187499999996
1 0.688498890625 0.4791202265625 0.007894874999999975 0.008881734374999973
1 0.041119140625 0.4539553125000001 0.029276828125 0.020724046875000023
1 0.7783030937500002 0.4880019609375001 0.016776609375000008 0.020724046875000023
1 0.98594600390625 0.5486938125 0.02810799218750001 0.058718132812500025
1 0.11908103125000001 0.5146471640625 0.13454182812500004 0.06167871093750001
1 0.98972896484375 0.5008311328125 0.020542070312500015 0.0281254921875
1 0.04564224609374999 0.5975433515624999 0.09128449218749998 0.18158212499999998
1 0.914160734375 0.54277265625 0.10164651562499998 0.06365242968749998
1 0.64540603125 0.4880019609374999 0.021381953124999954 0.024178054687499985
1 0.143752515625 0.4539553125000001 0.046053437499999995 0.029112351562500027
1 0.7292890781249999 0.4791202265625 0.013816031249999956 0.008881734374999973
1 0.9838987968749999 0.52698290625 0.030592640624999962 0.02171090624999996
1 0.027303109375000006 0.45395531249999993 0.04802715625 0.024178054687499985
1 0.23881996875 0.46283704687499994 0.018750328125 0.01578974999999998
1 0.5855365625 0.535864640625 0.07927770312499997 0.08486990624999997
1 0.914160734375 0.49589683593749995 0.025987296875000017 0.024178054687499985
