1 0.268754703125 0.4712253515625 0.21283267187500005 0.11250196875
1 0.026645203125 0.45691589062500004 0.03125054687499999 0.019737187499999996
1 0.4240209926722651 0.6747650112922365 0.3256634226670017 0.22845788115637564
1 0.29539990625 0.5738587265625 0.080593515625 0.09276478125000001
1 0.686525171875 0.5052719999999999 0.11973893750000002 0.08092246875000005
1 0.0029605781249999997 0.5082325781249999 0.005592203124999999 0.030099210937499964
1 0.40362548437499995 0.5679375703125 0.18125317187499998 0.11250196875
1 0.607905375 0.5195814609375 0.13783135937499993 0.08536333593750003
1 0.048356109375 0.4810939453125 0.024671484375000004 0.024178054687499985
1 0.08256723437499999 0.4810939453125 0.048356109375 0.02861892187499997
1 0.302965828125 0.5240223281249999 0.09605431249999997 0.05970499218749996
1 0.140462984375 0.476653078125 0.048356109374999984 0.03996780468749996
