1 0.5490886657358918 0.5505686810836624 0.04079018750000003 0.04835610937499997
2 0.626655703125 0.5264894765625 0.008552781250000053 0.017270039062499975
2 0.3356643257199276 0.5473125362921314 0.009934239078497125 0.029507313257254263
1 0.487179578125 0.5565886874999999 0.05690889062500002 0.03996780468749996
2 0.6076587236886577 0.5188826155553634 0.006496845396219205 0.009868593749999998
1 0.11554722725848694 0.5887850902879019 0.07713853097160521 0.0680925256848199
1 0.471060875 0.6547811953125 0.14046298437499996 0.17812811718749993
2 0.320071390625 0.5482003828125 0.011513359374999983 0.03552693749999998
1 0.5840561623663935 0.5338911218029914 0.028454334241393653 0.030099210937499964
1 0.392112125 0.5398123808446182 0.013158124999999998 0.019737187499999996
1 0.46250809375 0.5257494319952457 0.01907928124999998 0.021217276634508585
1 0.6421165 0.610865953125 0.10921243749999997 0.13964060156249997
4 0.4253363906249999 0.5407989375 0.014144984374999996 0.021217476562499994
2 0.6219847806064055 0.5178050311621674 0.005592203125000002 0.008980378862333716
2 0.5592203125 0.5294500546875 0.00296057812500005 0.008388304687500004
1 0.6134975781249998 0.5407989375 0.032237406249999975 0.037007226562499974
1 0.446389390625 0.5407989375 0.017105562499999987 0.022697765624999987
2 0.04940682081146545 0.5877731680060491 0.014342306114736176 0.06138410704765089
1 0.40066490625 0.5437595156249999 0.022697765624999987 0.017270039062499975
