1 0.46842924999999996 0.5511609609375 0.069409109375 0.07944217968749996
1 0.3052685 0.442113 0.01546079687499997 0.012335742187500021
1 0.23980682812499998 0.45938303906249994 0.00921068750000001 0.010855453125000025
1 0.265465171875 0.45592903125 0.012171265624999972 0.01529632031250001
1 0.40527025 0.5126734453124999 0.04177704687499997 0.05032982812500002
1 0.2631625 0.442113 0.014144984374999996 0.012335742187500021
1 0.43586289062499994 0.5403055078125 0.05197459374999998 0.06562614843750003
1 0.250004375 0.4485275859375001 0.015460796875 0.01529632031250001
1 0.37566446875 0.508232578125 0.019408234375000017 0.036513796875000004
1 0.256254484375 0.46974506250000003 0.01940823437499999 0.021217476562499994
1 0.23585939062500003 0.50329828125 0.027632062500000002 0.033553218750000016
1 0.255267625 0.442113 0.010197546875000008 0.012335742187500021
1 0.364151109375 0.500337703125 0.02565834374999998 0.032072929687500015
1 0.35197984374999997 0.45938303906249994 0.01546079687499997 0.021217476562499994
1 0.35197984375 0.4791202265625 0.021381953125000012 0.023191195312499958
2 0.3486903125 0.44408671875000005 0.0029605781249999906 0.005921156249999981
1 0.6552746250000001 0.6167871093749999 0.208227328125 0.20378646093750002
1 0.244741125 0.49589683593749995 0.02565834375000001 0.033553218750000016
1 0.26414935937499995 0.48208080468750003 0.02236881249999998 0.024671484375000042
1 0.29276828125 0.442113 0.012171265625000002 0.012335742187500021
1 0.8000139999999999 0.7085650312499999 0.31118965625 0.2738534765624999
1 0.24704379687500003 0.46382390625000003 0.015460796875 0.018256898437500002
1 0.27566271875 0.442113 0.01546079687499997 0.01529632031250001
1 0.20724046875 0.51908803125 0.033553218750000016 0.04440867187500004
1 0.552970203125 0.5802733124999999 0.11118615625000003 0.13026543749999994
1 0.150989484375 0.549680671875 0.09605431249999997 0.11792969531250001
1 0.34803240625000004 0.4544487421875001 0.012171265625000002 0.01529632031250001
1 0.32566359375 0.447047296875 0.01546079687499997 0.013816031250000017
1 0.35197984374999997 0.49293625781249994 0.02236881250000001 0.029112351562500027
1 0.384546203125 0.5097128671875 0.027632062499999974 0.045888960937500035
1 0.244741125 0.442113 0.008223828125000015 0.00937516406250003
1 0.317439765625 0.44556700781250014 0.014144984374999996 0.01529632031250001
1 0.41316512499999997 0.5235288984375 0.04079018750000003 0.05032982812500002
1 0.284544453125 0.442113 0.011184406250000004 0.010855453125000025
