1 0.52435128125 0.5077391484374999 0.00953964062499999 0.013322601562499958
1 0.31908453124999997 0.5166208828125 0.00625010937500002 0.004934296875000044
1 0.08023595678595528 0.5418287243258384 0.024428335805619962 0.013451327275701174
1 0.4092176875 0.5250091874999999 0.020724046874999996 0.018750328124999972
1 0.38092771875 0.5106997265625 0.014254642726784835 0.013322601562499958
1 0.277965390625 0.5363580703124999 0.069409109375 0.075988171875
1 0.9662088164062499 0.5069990177222536 0.06758236718750013 0.08338961718749997
1 0.46053437500000005 0.5087260078125 0.008223828125000015 0.012335742187500021
1 0.11809417187499999 0.54672009375 0.060527375 0.03108607031249999
2 0.6174450254935938 0.5092194325657031 0.008881740954062542 0.029852483758007774
1 0.55856240625 0.5074307635562241 0.03799408131168048 0.046382390625000006
1 0.4996797968750001 0.5139070149054102 0.035897005910758575 0.03898094531250003
1 0.9449502232730135 0.7554408515625 0.11009955345397308 0.28816294983546464
1 0.32336092187500004 0.5324106328125 0.024671484374999983 0.027632062500000033
4 0.150989484375 0.5324106328125 0.014473937500000004 0.03898094531250003
4 0.12006789062499999 0.55066753125 0.020724046874999996 0.05970499218749996
1 0.43142203577318045 0.504285140625 0.01694110485221009 0.024671484375000042
2 0.530601390625 0.504285140625 0.003289531250000029 0.010362023437499968
1 0.4092176875 0.50329828125 0.020724046874999996 0.026645203125000006
1 0.06052737500000001 0.6197476875 0.118094171875 0.14408146874999997
2 0.528627671875 0.5050746174670891 0.0038816492434246303 0.010362023437499968
1 0.372703890625 0.52698290625 0.025987296875000017 0.03404664843749998
1 0.4569158856907278 0.5113576361020149 0.006908015624999978 0.012335742187500021
1 0.38224353124999993 0.5250091875 0.008881734374999973 0.020724046875000023
1 0.4178801197916666 0.5230354687500001 0.01600905208333335 0.018750328124999972
1 0.4516526362389291 0.5106997265625 0.011513359374999983 0.013980505619464534
1 0.44145509374999997 0.5106997265625 0.011513359374999983 0.012829169407863893
1 0.20099035937499998 0.5230354687500001 0.11612045312500001 0.12681142968749998
1 0.312834421875 0.520074890625 0.013158124999999998 0.011348882812499994
1 0.433889171875 0.51908803125 0.01644765625000003 0.016283179687500038
1 0.8118563125000001 0.496390265625 0.05000087500000004 0.03108607031249999
