1 0.41184931249999995 0.5314237734375 0.006908015624999978 0.007401445312499977
1 0.3956212903543619 0.5399768037032714 0.011513359374999983 0.017270039062499975
1 0.4043565033405611 0.5354808800108416 0.006542506142219473 0.011348882812499994
1 0.44408671875000005 0.5343843515625 0.008223828125000015 0.01529632031250001
1 0.44145509374999997 0.5304369140624999 0.006908015624999978 0.010362023437499968
1 0.0406257109375 0.6044513671874999 0.081251421875 0.08980420312500001
1 0.01768123046875 0.765802875 0.0353624609375 0.11644940625000003
1 0.37665132812499996 0.5479262616654609 0.020724046874999996 0.02565834374999998
1 0.4138230312499999 0.525996046875 0.006908015624999978 0.00937516406250003
1 0.7013280625 0.5425267374954897 0.12500218750000006 0.06167871093750001
1 0.3986911875 0.5363580703124999 0.009128449424344135 0.01393938836348374
1 0.369414359375 0.5564900161679018 0.008881734374999973 0.036020367187500034
4 0.277965390625 0.784553203125 0.26414935937499995 0.39622403906250003
1 0.38399811392718086 0.5434308115157713 0.01622802214563812 0.019737187499999996
1 0.450994734375 0.5393186484375 0.015131843749999992 0.02861892187499997
1 0.35197984374999997 0.5578222615645505 0.039803328124999975 0.04736925000000003
1 0.466126578125 0.547706953125 0.03157950000000002 0.0426827824936856
