1 0.543101609375 0.5008311328125 0.037171703125000025 0.037007226562499974
1 0.543101609375 0.52106175 0.03980332812500003 0.04292838281250004
1 0.333229515625 0.502311421875 0.054935171874999966 0.02861892187499997
1 0.3432462562009008 0.5580689765625 0.06842546240719981 0.07697984986079973
1 0.46908715624999997 0.48948225 0.023684624999999983 0.030099210937499964
1 0.371388078125 0.492442828125 0.04934296875000002 0.03996780468749996
1 0.44441567187500003 0.49836398437499996 0.017105562499999987 0.03108607031249999
1 0.41020454687499996 0.5166208828124998 0.035197984375000026 0.041448093749999956
2 0.23750415625 0.589155046875 0.01907928125000001 0.05279697656250004
1 0.3684275 0.5407989375 0.04736924999999997 0.05970499218749996
1 0.448363109375 0.4909625390625 0.02565834374999998 0.037007226562499974
1 0.502311421875 0.4998442734374999 0.011513359374999983 0.009868593749999998
1 0.6361953437500001 0.563496703125 0.21842487500000007 0.13964060156249997
1 0.39028762387830074 0.52722600713565 0.0379954244404999 0.04465418206605003
1 0.48257423437499997 0.4909625390624999 0.014144984374999996 0.024178054687499985
1 0.42499298166760063 0.5045282415106501 0.037008565065499904 0.04145050305539986
1 0.553628109375 0.4781333671875 0.02171090625000005 0.017270039062499975
1 0.6421165 0.46974506250000003 0.03782960937499998 0.01578974999999998
1 0.5521330967795007 0.49466205706604993 0.028124689085700063 0.041448093749999956
1 0.54803590625 0.5521478203125 0.052303546875000016 0.05970499218749996
1 0.49375864062499997 0.49540340625 0.00953964062499999 0.017270039062499975
