1 0.03347098046875 0.5674441406249999 0.0669419609375 0.06069185156249999
1 0.007894874999999999 0.522048609375 0.015789749999999998 0.016283179687500038
1 0.068751203125 0.5220486093749999 0.008223828125000006 0.010362023437499968
1 0.18750328125000001 0.5383317890624999 0.017763468750000004 0.016283179687500038
1 0.0037007226562499997 0.5383317890624999 0.007401445312499999 0.016283179687500038
1 0.33355846874999995 0.5383317890624999 0.03157950000000002 0.022697765624999987
1 0.006908015625 0.5304369140625 0.013158125 0.027632062500000033
1 0.216780109375 0.525996046875 0.022039859375 0.011348882812499994
1 0.12829171874999998 0.5363580703125 0.04243495312499999 0.01529632031250001
1 0.529285578125 0.5314237734375 0.008223828124999954 0.007401445312499977
1 0.535206734375 0.54672009375 0.022697765624999987 0.033059789062500046
1 0.054935171874999994 0.5393186484375 0.025329390625 0.016283179687500038
2 0.42895487499999996 0.5664572812499999 0.01644765625000003 0.05674441406249997
1 0.2723731875 0.547706953125 0.03157950000000002 0.024671484375000042
1 0.0960543125 0.547706953125 0.04046123437500001 0.016283179687500038
1 0.1934244375 0.5220486093750001 0.010855453124999996 0.012335742187500021
1 0.3618484375 0.54672009375 0.02203985937500003 0.026645203125000006
1 0.11250196875 0.5383317890624999 0.025329390625 0.014309460937499985
1 0.08289618749999998 0.5950762031250001 0.08980420312499998 0.08832391406250002
1 0.259544015625 0.5279697656250001 0.017105562500000015 0.012335742187500021
1 0.274017953125 0.5378443695489329 0.026644312728861794 0.014309460937499985
1 0.2381620625 0.5333974921875001 0.01907928125000001 0.003947437500000017
1 0.16677923437499997 0.5403055078125 0.04407971875 0.04243495312499999
2 0.444744625 0.568431 0.014473937499999975 0.05131668749999996
1 0.3088869843749999 0.54672009375 0.05756679687499998 0.0379940859375
1 0.262833546875 0.525996046875 0.02203985937500003 0.011348882812499994
2 0.6039579375 0.54672009375 0.005592203125000002 0.020724046875000023
1 0.23569847953767653 0.5652254897688384 0.10295947574485871 0.06167871093750001
1 0.2986894375 0.5600426953125 0.05000087499999998 0.04243495312499999
1 0.18750328125000001 0.5437595156249999 0.016447656249999998 0.012335742187500021
1 0.4092176875 0.5383317890624999 0.030263687499999983 0.019737187499999996
1 0.025329390625 0.5333974921875 0.010855453125 0.016283179687500038
2 0.356914140625 0.547706953125 0.010197546875000008 0.04736925000000003
1 0.2577930121435298 0.5460653038864838 0.011511133384654482 0.008878395389481764
1 0.343098109375 0.52698290625 0.006908015624999978 0.010362023437499968
1 0.054935171874999994 0.5314237734375 0.022039859375 0.016283179687500038
1 0.18881909374999997 0.5314237734375 0.007565921874999996 0.003947437500000017
1 0.081580375 0.527969765625 0.025987296875000003 0.027632062500000033
1 0.514811640625 0.5363580703124999 0.010855453125000025 0.016283179687500038
1 0.442113 0.5437595156249999 0.029605781250000025 0.019737187499999996
1 0.14276565624999998 0.571391578125 0.10164651562499998 0.05970499218749996
1 0.12895152658676082 0.5314237734375 0.021381953125 0.010362023437499968
1 0.09605431249999999 0.5240223281249999 0.010855453124999996 0.019737187499999996
1 0.485205859375 0.5333974921874999 0.010855453125000025 0.010362023437499968
1 0.3829014375 0.5447463750000001 0.025329390625 0.026645203125000006
1 0.30132106250000007 0.527969765625 0.017763468750000004 0.0029605781249999906
1 0.44606043749999996 0.5415437171489795 0.010855453125000025 0.014309460937499985
