1 0.377967140625 0.508232578125 0.039803328124999975 0.03898094531250003
1 0.07837308203125 0.5960630625000001 0.1567461640625 0.095725359375
1 0.484219 0.5363580703124999 0.008552781249999994 0.01282917187499999
1 0.4996797968750001 0.5363580703124999 0.019408234375000017 0.02220433593750002
1 0.8814211484375001 0.82492344921875 0.23715770312499995 0.3501531015625
2 0.6552746250000001 0.5664572812499999 0.016118703125000047 0.06463928906250001
1 0.42500743750000003 0.5422792265625 0.03256635937500001 0.014802890625000042
1 0.32796626562500003 0.5393186484375 0.019408234375000017 0.02516491406250001
1 0.6062606093749999 0.571391578125 0.006579062500000058 0.029112351562500027
1 0.2980308997357817 0.5620162561839454 0.050330091255924296 0.057731273437499994
1 0.5755364664455923 0.5462266640625 0.03361916726618439 0.04194152343750002
1 0.4565869375 0.5376738828125001 0.027522411458333333 0.028783398437500017
2 0.61514234375 0.539812078125 0.008552781250000053 0.02565834374999998
1 0.26085982812499997 0.575339015625 0.06710643750000003 0.05674441406249997
1 0.4437577656250001 0.5314237734375 0.009868593750000028 0.01282917187499999
1 0.4292836603631003 0.5363580703124999 0.022697765624999987 0.019243883633924774
1 0.41250721875 0.5393186484374999 0.013816031250000017 0.01282917187499999
1 0.39474359212144544 0.5348777023107227 0.021053052626184864 0.013816031250000017
1 0.5888260937500001 0.5501741015625 0.03454007812499995 0.04194152343750002
1 0.41579675000000005 0.6261622734374999 0.152963203125 0.158884359375
2 0.6426100608421479 0.5361113018145758 0.009046175168050515 0.00863482279927812
1 0.39397595735077107 0.5429368806436832 0.03212782245335113 0.01990148754432832
1 0.629287328125 0.5644835624999999 0.05329040624999995 0.057731273437499994
1 0.5584527895614229 0.5426080766282314 0.016995945811422785 0.03404664843749998
1 0.4755347322006197 0.536160722112655 0.013092263349535217 0.021020069174767553
1 0.34803240625 0.5644835625 0.0618431875 0.07302759375000001
1 0.383230390625 0.5393186484374999 0.013816031250000017 0.018750328124999972
