1 0.952977203125 0.568431 0.05427726562500001 0.07352102343749997
1 0.7187625781250001 0.5146471640625 0.08750153125000004 0.06365242968749998
1 0.87830484375 0.5797798828125 0.18454270312499996 0.1618449375
1 0.5730363437499999 0.57435215625 0.20197721875000005 0.09819250781250002
1 0.5230354687500001 0.492442828125 0.05625098437500006 0.04835610937499997
1 0.5802733124999999 0.5008311328125 0.07829084375000003 0.06365242968749998
1 0.500995609375 0.4939231171874999 0.035855890624999984 0.033059789062499956
2 0.0171055625 0.5521478203125 0.027632062500000002 0.04835610937499997
1 0.5644835625 0.6764921015625 0.3467165937500001 0.2585571562499999
1 0.63751115625 0.5131668749999999 0.08585676562500003 0.06069185156249999
1 0.05534636328125 0.677972390625 0.1106927265625 0.20181274218750006
