1 0.4423023972386844 0.54672009375 0.20427989062500002 0.09769907812499996
2 0.054277265625 0.5166208828125 0.011513359374999999 0.02861892187499997
1 0.16250284375 0.5146471640625 0.026645203125000006 0.029112351562500027
1 0.06776434375 0.5195814609375 0.03717170312499999 0.029889877108026576
1 0.13508531391929965 0.5195814609374999 0.031908453125 0.024178054687499985
1 0.34803240625 0.52698290625 0.04868506250000001 0.044902101562500005
1 0.278623296875 0.6863606953125 0.41250721875 0.29309723437499996
1 0.51777221875 0.5329040625 0.05000087499999998 0.05082325781249999
1 0.04295330348868442 0.5209869879714468 0.019926584738684413 0.0253742478919734
1 0.6696545805921875 0.5250091875 0.055922031250000025 0.045888960937500035
1 0.6270377112339904 0.5379975243269712 0.055922031250000025 0.06779085596167081
1 0.5680422440125045 0.5270726105437432 0.06842224999999995 0.03916035389998651
2 0.754947421875 0.5314237734375 0.01644765625000003 0.05970499218749996
1 0.7066644051532875 0.5379479983549315 0.058480563596712304 0.06716131126777417
1 0.8355409374999998 0.5486938125 0.16020017187499996 0.08783048437499996
1 0.09572535937500001 0.6103725234375 0.13454182812500004 0.1208902734375
1 0.393756890625 0.5195814609375 0.029934738980352964 0.022944489103786835
