1 0.4549421718750001 0.54672009375 0.036513796875000004 0.023684625000000015
1 0.9600409453125001 0.575339015625 0.07991810937499993 0.075988171875
1 0.6986964375 0.5486938125 0.06579062499999999 0.030099210937499964
1 0.750342078125 0.6167871093749999 0.17171353125000005 0.12039684374999995
1 0.8868576250000001 0.54672009375 0.08783048437500002 0.037007226562499974
1 0.42632325 0.55264125 0.04736925000000003 0.024671484375000042
1 0.8825812343749999 0.5886616171875 0.118094171875 0.09079106249999995
1 0.069409109375 0.55264125 0.02894787500000001 0.022697765624999987
1 0.7769872812499999 0.5477069531250001 0.08026456250000003 0.0379940859375
1 0.21752025390625002 0.795441025390625 0.43504050781250003 0.40911794921875
