1 0.444744625 0.5314237734375 0.017105562499999987 0.020724046875000023
1 0.5730363437499999 0.5363580703124999 0.07138282812499999 0.03404664843749998
1 0.47895574999999996 0.520074890625 0.010855453125000025 0.012335742187500021
1 0.51053525 0.61382653125 0.14769995312499998 0.10312680468749998
2 0.7875136924228853 0.5255022174654836 0.010197546874999948 0.045888960937500035
2 0.7044526693967003 0.5139063478450503 0.009704266451099978 0.027262549972874785
2 0.8635034631859504 0.5857002396184674 0.026644758989426382 0.0986856710186558
1 0.21842487500000002 0.6310965703125 0.43684975000000004 0.5630032734375
1 0.7434340625 0.525996046875 0.08519885937499995 0.05032982812500002
1 0.828961875 0.520074890625 0.06710643750000003 0.046382390625000006
2 0.86251509375 0.5748455859374999 0.019408234374999958 0.04243495312499999
1 0.581260171875 0.8201125097656249 0.547049046875 0.3597749804687501
1 0.43849451562499997 0.5156340234375 0.00953964062499999 0.013322601562499958
1 0.502969328125 0.52698290625 0.06513271874999997 0.032072929687500015
