1 0.9539640625 0.5324106328125 0.010197546874999948 0.012335742187500021
1 0.519090161268736 0.561029022182816 0.05943056874739779 0.028782777182035348
1 0.3945821467655578 0.574844901811772 0.08963922487029942 0.064885661843386
1 0.974030203125 0.528956625 0.03289531250000006 0.019737187499999996
2 0.040461234375 0.597049921875 0.025987296875000003 0.08536333593750003
1 0.8319224531249998 0.5886616171875 0.14473937499999998 0.08338961718749997
1 0.994425296875 0.6735315234375 0.010855453125000025 0.08980420312500001
1 0.9806827539062499 0.55264125 0.03863449218750006 0.011348882812499994
1 0.152305296875 0.5817536015624999 0.09144896874999998 0.049342968749999994
1 0.9620146640624999 0.8926466738281251 0.07597067187500008 0.21470665234374992
1 0.9108712031249999 0.527969765625 0.01578974999999995 0.019737187499999996
1 0.0144739375 0.6054382265625 0.028947875 0.08980420312500001
1 0.9197529375 0.5324106328125 0.013158124999999998 0.016283179687500038
1 0.0776329375 0.5763258749999999 0.089146296875 0.06069185156249999
1 0.5832354881390519 0.556094725307816 0.05690853562187736 0.03503297530781602
1 0.03182621484375 0.7692568828125 0.0636524296875 0.22154992968750004
2 0.07006701562500002 0.6167871093749999 0.015131843750000007 0.03404664843749998
