1 0.14276565624999998 0.804322759765625 0.28553131249999997 0.39135448046875004
1 0.4346989028259009 0.55066753125 0.02178681860045047 0.003947437500000017
1 0.5299438268321316 0.549681699246395 0.011184406249999945 0.013818085992790241
1 0.52303546875 0.5699112890625 0.03125054687500004 0.03108607031249999
1 0.4520575061004504 0.555601828125 0.016928434075900965 0.0029605781249999906
1 0.29276828125 0.5565886874999999 0.03125054687499998 0.024178054687499985
1 0.4410336306360983 0.545733234375 0.009806920424065583 0.005828646261098402
1 0.7674388906249999 0.7554408515625 0.46512221875000004 0.2585571562499999
1 0.32336092187500004 0.5738587265625 0.05789575000000002 0.03108607031249999
1 0.41250721875 0.5718850078125 0.03322426562499998 0.03404664843749998
1 0.12884388456193743 0.53882521875 0.25768776912387487 0.2071700008147502
1 0.506916765625 0.5556018281249999 0.027303109374999992 0.01578974999999998
1 0.4824645950297174 0.5638256737945759 0.04693062244056527 0.033059789062499956
1 0.30066315624999995 0.7450788281249999 0.20691151562499996 0.22428622639143453
1 0.01568259156085383 0.599666591259877 0.03136518312170766 0.047025341259876986
4 0.517443265625 0.5580689765625 0.008223828125000015 0.014309460937499985
1 0.30649175684810587 0.5537688209816052 0.013534608036789682 0.011912668303302532
1 0.6678981723470424 0.911520359375 0.6642036553059154 0.1769592812499999
1 0.45658693749999996 0.5510850485173011 0.014473937499999975 0.007894875000000034
