1 0.563496703125 0.45592903125 0.025987296875000017 0.053268962961533536
1 0.37730923437499997 0.4041189140625 0.021381953125000012 0.029112351562499982
1 0.5881681875000001 0.46777134374999996 0.06513271875000003 0.07500131249999997
2 0.5065878125 0.3646445390625 0.0026316250000000116 0.010362023437500012
1 0.35329565625 0.4218823828125 0.029276828124999987 0.03996780468749996
1 0.4796136562499999 0.3659647136737293 0.008552781249999994 0.006988072850635296
1 0.38267960420380426 0.4013190156807065 0.021060593638587 0.028951671819293524
1 0.4880841560533645 0.3615605387675468 0.006579062499999999 0.006908015625000008
1 0.5561742986715675 0.43566637567371275 0.033224265625000034 0.045888960937500035
1 0.46382390625 0.37895399999999996 0.014008588671954373 0.016776609375000008
1 0.46119228125 0.37599342187499996 0.011842312500000023 0.01776346874999999
1 0.558891359375 0.45494217187499986 0.024693160149751137 0.04687582031249997
1 0.47829784375 0.35724309375 0.006579062499999999 0.00789487499999999
1 0.547706953125 0.422941451621395 0.030592640624999962 0.03890873587860488
1 0.46382390625 0.37698028125 0.013752360007355987 0.01738144129413608
1 0.5113205000410247 0.36316424999999997 0.009009078166024705 0.011842312500000007
1 0.47961365624999996 0.36513796874999993 0.016776609375000008 0.00789487499999999
1 0.4947674198429676 0.3638879546490243 0.011842312500000023 0.012566017149024323
1 0.447502814695328 0.36415110937499995 0.00921068750000001 0.01282917187499999
1 0.4871795781249999 0.46974506250000003 0.04243495312499999 0.05082325781249999
1 0.365795875 0.4139875078125 0.027632039473050974 0.036020367187500034
1 0.48717957812499996 0.40707949218749995 0.029934734375000004 0.03996780468749996
1 0.23618834375 0.6755052421875 0.4723766875 0.42681667968750003
1 0.452310546875 0.39721089843749996 0.019408234375000017 0.019737187499999996
1 0.46382390625 0.36415110937499995 0.008633336116190193 0.00789487499999999
1 0.30000525 0.43816556249999994 0.11315987499999997 0.13668002343750002
1 0.266123078125 0.4019657666614644 0.03047302152430964 0.032072929687499974
