1 0.99145596875 0.5324106328125 0.017088062499999997 0.012335742187500021
1 0.7592238125 0.6177739687500001 0.16250284374999993 0.10213994531250004
2 0.941792796875 0.5551083984374999 0.008223828124999954 0.032072929687500015
1 0.850343828125 0.5437595156249999 0.01578974999999995 0.010362023437499968
1 0.38421724999999995 0.6197476875 0.24013578124999999 0.1337194453125
1 0.9787912734374999 0.5866878984375 0.04241745312500005 0.07006701562500002
1 0.82567234375 0.5876747578125 0.10921243749999997 0.09276478125000001
2 0.929950484375 0.5600426953125 0.006908015625000038 0.03898094531250003
1 0.921069092138621 0.5378384235259914 0.016776481073017043 0.0069080797759914605
1 0.595076203125 0.5363580703124999 0.01842137500000002 0.019737187499999996
2 0.848370109375 0.54672009375 0.007565921874999996 0.010362023437499968
1 0.98620146875 0.5333974921874999 0.01578974999999995 0.010362023437499968
1 0.96778009375 0.5333974921875 0.005592203125000002 0.004934296875000044
2 0.883239140625 0.5664572812499999 0.011513359374999983 0.058718132812500025
1 0.968438 0.576325875 0.05690889062499996 0.06167871093750001
1 0.78093471875 0.54277265625 0.020724046874999996 0.008388304687500004
1 0.7006701562499998 0.5437595156249999 0.017105562499999987 0.00937516406250003
1 0.737183953125 0.5403055078125 0.004276390624999967 0.006414585937500039
1 0.960214171875 0.5580689765625 0.04473762500000002 0.03108607031249999
1 0.995083203125 0.545733234375 0.00953964062499999 0.01529632031250001
2 0.9223845625 0.569417859375 0.010197546874999948 0.058718132812500025
2 0.7720529843749999 0.5610295546875 0.008223828124999954 0.017270039062499975
