1 0.41645465625 0.5462266640625 0.09704117187500003 0.08092246874999995
1 0.41250721875 0.502311244263402 0.031689229980154644 0.022862627012628957
1 0.502311421875 0.5353712109375 0.04671134375000001 0.009868593749999998
2 0.07565921874999999 0.55264125 0.0171055625 0.07302759375000001
1 0.8204090937499999 0.57829959375 0.13092334375000003 0.102633375
1 0.471060875 0.5304369140625 0.007894874999999975 0.011842312499999962
1 0.9062571093749999 0.8218395136718749 0.18748578125 0.35632097265625007
1 0.5329040625 0.5294500546875 0.018092421875000042 0.019737187499999996
1 0.625339890625 0.57829959375 0.07171178124999997 0.08388304687500003
2 0.5134958281249999 0.52698290625 0.006579062499999999 0.011348882812499994
1 0.47829784375 0.5324106328125 0.019408234375000017 0.013816031250000017
1 0.38388829687500003 0.5274763359374999 0.009868593750000028 0.01282917187499999
1 0.970074015625 0.65724834375 0.05985196875000002 0.08783048437499996
1 0.6690879753316505 0.6042008543760882 0.1141452449759169 0.11644717215137543
1 0.37007226562499995 0.5412923671875001 0.029934734375000004 0.0379940859375
1 0.5702952255853094 0.532081265260438 0.022697765624999987 0.032072929687500015
1 0.500337703125 0.5255026171874999 0.017434515625000025 0.01282917187499999
2 0.5986946875 0.52106175 0.00296057812500005 0.004440867187499986
1 0.350006125 0.5482003828125 0.039803328124999975 0.036020367187500034
1 0.57829959375 0.5363580703124999 0.02203985937500003 0.033059789062499956
1 0.492442828125 0.6172805390625001 0.12237056249999997 0.16381865625000006
1 0.016776609374999998 0.5580689765625 0.033224265625000006 0.04687582031249997
2 0.625339890625 0.533890921875 0.006579062500000058 0.01924375781250003
1 0.9090532109375 0.6320834296874999 0.181893578125 0.18158212499999998
1 0.5996806532355501 0.5417835627763754 0.033224265625000034 0.0414476469302751
1 0.75067103125 0.674024953125 0.206253609375 0.18355584374999995
1 0.5575749511153668 0.5333965985480502 0.008552185490366782 0.024670143915825272
1 0.0314150234375 0.5452398046875 0.062830046875 0.05970499218749996
1 0.485863765625 0.5245157578125 0.007894874999999975 0.007894875000000034
