1 0.446389390625 0.4998442734375 0.037171703125000025 0.04292838281249996
1 0.44688406838248884 0.5225418098251551 0.042763906250000025 0.04391524218749998
1 0.21283267187500002 0.5008311328125 0.07204073437499998 0.03108607031249999
1 0.36941537820764386 0.4870151015625 0.02565834374999998 0.030592564212551743
1 0.26118878124999995 0.4870151015625 0.05789574999999999 0.04292838281250004
1 0.341782296875 0.4939231171874999 0.017105562499999987 0.032566359374999986
1 0.30197896875 0.5166208828124998 0.037171703125000025 0.04391524218749998
2 0.08256723437499999 0.5837273203125 0.018092421874999997 0.01578974999999998
1 0.34622441213248883 0.48948225 0.02894782405836782 0.03848751562499997
1 0.40461234375 0.49540340625 0.011513359374999983 0.005921156249999981
1 0.189805953125 0.6005039296875 0.27829434375 0.18947699999999995
1 0.27533376562499995 0.5097128671875 0.036184843749999994 0.011348882812499994
1 0.386519921875 0.4880019609374999 0.016118703124999988 0.024178054687499985
1 0.31908453124999997 0.5008311328125 0.042763906250000025 0.04391524218749998
1 0.45691589062499993 0.4712253515624999 0.02171090624999999 0.01282917187499999
1 0.551654390625 0.46530419531249995 0.04079018750000003 0.01578974999999998
1 0.4569170622825406 0.49318285803757755 0.030756887950155114 0.04983616920015512
1 0.4539553125 0.5580689765625 0.060856328125000005 0.06957358593749996
1 0.39605956249999996 0.492442828125 0.00953964062499999 0.017270039062499975
