1 0.9743591562499998 0.5225420390625 0.04375076562499996 0.02861892187499997
1 0.446389390625 0.5664572812499999 0.12927857812500002 0.08684362500000002
1 0.2460569375 0.576325875 0.24013578124999999 0.11792969531250001
1 0.8954104062499998 0.5294500546875 0.069409109375 0.04292838281250004
1 0.6552641193137734 0.5573301213654688 0.11875379723729165 0.058224703124999964
1 0.34276915625000004 0.5368514999999998 0.03618484375000002 0.01578974999999998
1 0.3950727031249999 0.54672009375 0.075988171875 0.058224703124999964
1 0.75666567578125 0.8365190468750001 0.48666864843749996 0.32696190625000005
1 0.5542043919956229 0.5488171514082643 0.1062518100053716 0.0647625835380988
1 0.9833966171875 0.54672009375 0.033206765625000044 0.06562614843750003
1 0.9069237656250001 0.576325875 0.14342356250000007 0.11792969531250001
