1 0.92031985546875 0.5482003828125 0.15936028906250002 0.10115308593750001
1 0.5197467812842493 0.4904665780222519 0.010855453125000025 0.013322601562499958
1 0.2630036597418307 0.525996046875 0.03174059477990158 0.04243495312499999
1 0.2355304375 0.5333974921875 0.033224265625000006 0.04243495312499999
1 0.5513254375 0.5102062968750001 0.03125054687500004 0.036513796875000004
1 0.824027578125 0.5407989375 0.057566796875000034 0.07450788281250001
1 0.419415234375 0.48948225 0.010855453125000025 0.016283179687500038
1 0.6391559218750001 0.5511609609375 0.06842225000000006 0.0675998671875
1 0.34113115419019685 0.528952276993802 0.03766271725350112 0.04095321472710065
1 0.5414568437499999 0.48948225 0.013816031249999956 0.007401445312499977
1 0.48290318749999994 0.4820808046874999 0.008881734374999973 0.010362023437499968
1 0.5394831249999998 0.5102062968750001 0.005921156249999981 0.03059264062500002
1 0.607905375 0.5422792265625 0.05361935937500005 0.06019842187500002
1 0.43882346875 0.486521671875 0.006908015624999978 0.007401445312499977
1 0.5121819480721991 0.48577790400525167 0.008881734374999973 0.013322601562499958
1 0.5681020468750001 0.48948225 0.008881734375000032 0.010362023437499968
1 0.437836609375 0.48948225 0.010855453125000025 0.010362023437499968
1 0.32171615625 0.5146471640625 0.024342531250000004 0.036513796875000004
1 0.522048609375 0.48948225 0.012829171875000019 0.008881734374999973
1 0.407572921875 0.49540340625 0.010855453125000025 0.016283179687500038
1 0.44375776562499997 0.481338486153151 0.010855453125000025 0.017763468750000032
2 0.5641546093750002 0.4870151015625 0.005592203125000002 0.014309460937499985
1 0.7526447499999999 0.5921156249999999 0.16710818749999998 0.15691064062499996
1 0.262833546875 0.664156359375 0.1934244375 0.18898357031249996
1 0.29803153125000004 0.513166875 0.025329390625 0.01924375781250003
1 0.4046133099735995 0.4983610857042013 0.005922122473599541 0.014804339960399293
1 0.9064215859374999 0.719420484375 0.18715682812500004 0.2684257499999999
1 0.35395356250000004 0.5146471640625 0.025329390625 0.032072929687500015
1 0.5131668749999999 0.486521671875 0.004934296874999984 0.013322601562499958
1 0.28355759375 0.5245157578125001 0.024342531250000004 0.0379940859375
2 0.5329040625 0.492442828125 0.00296057812500005 0.01282917187499999
1 0.39836448889673226 0.5013245625 0.013323084674299797 0.014801441289600703
1 0.17895049999999998 0.5496806718749999 0.051645640624999996 0.049836398437499964
1 0.44573148437499993 0.4820808046874999 0.0029605781249999906 0.007401445312499977
1 0.516127453125 0.520074890625 0.04704029687500005 0.06019842187500002
1 0.578628546875 0.48948225 0.016776609375000008 0.017763468750000032
1 0.4947454999999999 0.48356109375 0.006908015624999978 0.010362023437499968
1 0.21168761639089706 0.5444960368177517 0.03421402367079865 0.04317147431775163
1 0.43882346875 0.5333974921875 0.042106000000000005 0.05279697656250004
