1 0.133226015625 0.5866878984375 0.02960578125000001 0.036020367187500034
1 0.8724835330608234 0.7649823375314908 0.2550329338783531 0.42270770139953084
1 0.17763468750000003 0.5551083984374999 0.01250021875000001 0.010362023437499968
1 0.42566534375000004 0.575339015625 0.08026456249999997 0.045395531249999975
1 0.3549400863579108 0.5727070551079108 0.06228134431054772 0.04013173603473001
2 0.34934821875 0.6197476875 0.011513359374999983 0.017270039062499975
1 0.02828996875 0.5704042351598908 0.02368446380329695 0.024671484375000042
1 0.27541599465377253 0.5674441480269818 0.05945828166157282 0.048109392680754495
1 0.14193969443942997 0.9706913641458369 0.28387938887885994 0.05861727170832616
2 0.6148133906250001 0.5664572812499999 0.01578974999999995 0.06266557031249995
1 0.2169988032625829 0.5827404609375 0.08991446236241712 0.07105387500000004
1 0.07138282812499999 0.5787930234374999 0.038487515624999996 0.02861892187499997
2 0.3473745 0.6044517856133643 0.022697765624999987 0.08783069358793219
2 0.32796626562500003 0.6083988046875 0.01578975000000001 0.03108607031249999
2 0.31974243750000003 0.6009973593749999 0.020724046874999996 0.08338961718749997
2 0.38092771875 0.549680671875 0.014473937499999975 0.027632062500000033
1 0.1200676952315332 0.55846377893054 0.029342579671306622 0.02269747253479979
