2 0.6129630276692511 0.5621397712273819 0.008223828124999954 0.032072929687500015
1 0.49079806249999997 0.544746375 0.020724046874999996 0.03108607031249999
1 0.41744151562500004 0.5383317890624999 0.01578975000000001 0.023684625000000015
1 0.44803415625 0.5393186484374999 0.013158124999999998 0.018750328124999972
1 0.4732538936402905 0.5389896986020641 0.010855453125000025 0.014309460937499985
1 0.5061492024851998 0.5380028315513998 0.012500218749999981 0.01529632031250001
1 0.20658256381580725 0.5600426953125 0.12552851171051568 0.15404874804275784
1 0.8363398211096272 0.5568001535394411 0.03402314923462733 0.04736925000000003
1 0.7659633417745912 0.5599704868766106 0.07143096708225964 0.04546773968588944
1 0.422046859375 0.54672009375 0.02203985937500003 0.030099210937499964
4 0.05361935937499999 0.6177739687500001 0.027303109374999992 0.07697503125000002
4 0.011595597656250001 0.5807667421875 0.023191195312500003 0.06463928906250001
