1 0.562180890625 0.5077391484375001 0.017434515624999966 0.01529632031250001
1 0.0784553203125 0.5985302109374999 0.156910640625 0.208227328125
1 0.548364859375 0.4963902656250001 0.021052999999999975 0.017763468750000032
1 0.437836609375 0.5008311328125 0.03782960937499998 0.05378383593749998
1 0.31842662499999996 0.529943484375 0.09210687499999999 0.09917936718749995
1 0.4208955160349813 0.5420325524326027 0.03898093790998131 0.06217214062499998
1 0.404941296875 0.50329828125 0.011184406250000004 0.01529632031250001
2 0.6355374375 0.5264894765625 0.01842137500000002 0.029605781249999998
1 0.47566621875 0.5338909218749999 0.08289618749999998 0.055264124999999976
1 0.239148921875 0.5585624062500001 0.11052825000000001 0.10213994531250004
1 0.48542515634048294 0.4940876014267756 0.06611957812499997 0.1113506300707944
1 0.5992293405771352 0.5236521195337465 0.01677663075941235 0.027076909996212085
1 0.6954069062500001 0.58224703125 0.05789575000000002 0.07993560937500002
1 0.7736987706740344 0.5987769782131354 0.1366806316473698 0.14827611395347207
1 0.9468007769554689 0.6852093347010483 0.10639844608906207 0.19918131457911414
1 0.6210635 0.5906353359375001 0.10033070312500006 0.11299539843749998
1 0.525338140625 0.5023114218749999 0.025658343750000038 0.03848751562499997
2 0.6467218437500002 0.520074890625 0.00921068750000001 0.018750328124999972
1 0.55461496875 0.49935084375 0.025658343750000038 0.016776609375000008
1 0.16842399999999996 0.551654390625 0.06250109374999999 0.0675998671875
1 0.412178265625 0.4978705546875 0.01842137500000002 0.02220433593750002
1 0.52435128125 0.48553481249999997 0.018421374999999962 0.024671484375000042
1 0.622050359375 0.5171143124999998 0.056250984375 0.05230354687499998
1 0.562180890625 0.5047785703125001 0.020395093750000017 0.013816031250000017
1 0.6625115937499999 0.5491872421874999 0.05164564062499994 0.057731273437499994
1 0.11513359375 0.5324106328125 0.03223740625000001 0.04835610937499997
1 0.97566621875 0.7297825078125001 0.04866756250000002 0.17516753906250004
1 0.4098756450712551 0.5047783586123227 0.021546590066422174 0.016036493711956014
1 0.5381673125 0.5240223281249999 0.033224265625000034 0.041448093749999956
1 0.566786234375 0.5432660859375 0.05164564062500006 0.06217214062499998
1 0.47665307812499996 0.6192542578125 0.12598904687500004 0.15592378125
1 0.364151109375 0.49540340625 0.004605343750000005 0.008388304687500004
1 0.3855330625000001 0.49935084375 0.04407971875 0.024671484375000042
1 0.266780984375 0.5077391484375001 0.012829171875000019 0.023684625000000015
1 0.16932862109375 0.7519868437499999 0.3386572421875 0.33405189843749994
1 0.36875645312500005 0.5585624062499999 0.100330703125 0.11990341406249998
1 0.5819180583849501 0.5158807789951027 0.027632062500000033 0.02220433593750002
