1 0.862844046875 0.5551083984374999 0.017105562499999987 0.014309460937499985
1 0.5773127343750001 0.5674441406249999 0.07401445312500006 0.018750328124999972
1 0.52435128125 0.7268219296874999 0.452310546875 0.3251701640625001
1 0.6931042343749999 0.5551083984374999 0.04868506250000001 0.01529632031250001
1 0.6480376562499999 0.5664572812499999 0.08519885937499995 0.018750328124999972
1 0.26776784374999996 0.600997359375 0.133226015625 0.07006701562500002
2 0.36119053125000006 0.5817536015625 0.011842312500000023 0.045888960937500035
1 0.8092246874999999 0.55066753125 0.06644853124999996 0.02565834374999998
1 0.833238265625 0.5412923671875001 0.020724046874999996 0.012335742187500021
1 0.19638501562500002 0.5960630625000001 0.00953964062499999 0.04440867187500004
4 0.39408584375 0.6098790937499999 0.05493517187500003 0.08388304687500003
1 0.7592238125 0.5526412500000001 0.034211124999999974 0.020724046875000023
1 0.7097162875212065 0.5482004306122761 0.014473810033930334 0.006167751594309756
1 0.737183953125 0.551654390625 0.007565921874999996 0.011348882812499994
1 0.21752025390625002 0.7218876328124999 0.43504050781250003 0.3602036718749999
