1 0.4891532968749999 0.5146471640625 0.008552781249999994 0.008881734374999973
1 0.8809640854619407 0.8118475625 0.23807182907611862 0.37630487500000004
1 0.32474983328254653 0.545733234375 0.058553656249999975 0.06310417581934011
1 0.46448181250000004 0.5486938125 0.04177704687500003 0.04687582031249997
1 0.4123756393421301 0.5342856739145857 0.015000268947455453 0.014802890625000042
1 0.4368497467104688 0.533890921875 0.025329392818020817 0.026151776727031263
1 0.5368514999999999 0.614813390625 0.21480639062500007 0.15543035156249996
1 0.9029763281250001 0.6103725234375 0.06908015625000002 0.058718132812500025
1 0.903634234375 0.5718850078125 0.058553656249999975 0.04292838281250004
1 0.5223775625000001 0.535864640625 0.026645203125000034 0.019737187499999996
1 0.37431210679622673 0.545733234375 0.014437384025706438 0.030099210937499964
1 0.3565851875 0.54672009375 0.021645125888327264 0.047467920542509125
1 0.501653515625 0.52698290625 0.013158124999999998 0.014802890625000042
1 0.4013228125 0.551654390625 0.045395531249999975 0.05378383593749998
1 0.38150034116332365 0.5364859960675143 0.017020278663323653 0.015351146523728243
1 0.6661300781249999 0.561522984375 0.07730398437499998 0.06167871093750001
