1 0.279939109375 0.5250091875 0.07894874999999998 0.06167871093750001
2 0.7871848281249999 0.539812078125 0.009649283747283969 0.047533728938314826
1 0.16677923437499995 0.4957558597023203 0.015178844404640509 0.014379961919460805
1 0.12483771299341079 0.4958968297697677 0.02713863486841078 0.02220432976976765
1 0.7672280954761861 0.5009955326174798 0.02598737363252018 0.012993571679979787
1 0.778961 0.5230354687500001 0.10559395312499996 0.05674441406249997
1 0.211516859375 0.5314237734375 0.081580375 0.07401445312500003
2 0.9204108437499999 0.506258859375 0.007236968750000017 0.019737187499999996
1 0.029605781250000004 0.5003377031249998 0.029605781250000004 0.018750328124999972
1 0.4128121101357279 0.5373449296875 0.11523791596431993 0.039053130530316074
1 0.16776621710927225 0.5314237734375 0.04671204278587616 0.048356232734272274
1 0.41941523437500006 0.504285140625 0.04934296875000002 0.03108607031249999
1 0.7269864062500001 0.5250091875 0.06875120312500003 0.05032982812500002
2 0.9158054999999999 0.50329828125 0.003947437499999987 0.019737187499999996
1 0.9237003749999999 0.5412923671875001 0.09737012500000002 0.049624933203539626
1 0.18151633674340092 0.497377125 0.01605291486840092 0.01993457003280419
1 0.864817765625 0.5314237734375 0.07072492187500004 0.046382390625000006
1 0.7069202656250001 0.5116865859375 0.03157950000000002 0.023684625000000015
2 0.90462109375 0.5694178593749999 0.03157950000000002 0.102633375
1 0.08289618749999998 0.49293625781249994 0.0171055625 0.014309460937499985
1 0.6431033593750002 0.52698290625 0.08388304687500003 0.04736925000000003
1 0.5579044999999999 0.5156340234375 0.06579062500000005 0.03996780468749996
2 0.5450753281249999 0.59014190625 0.04177704687499997 0.14309460937500001
1 0.0030428164062500005 0.49737712500000003 0.006085632812500001 0.01529632031250001
2 0.6197476875 0.504285140625 0.008223828124999954 0.012335742187500021
1 0.05822470312499999 0.500337703125 0.025329390625 0.01529632031250001
1 0.22039859375 0.497377125 0.022039859375 0.011348882812499994
