2 0.6842225 0.54672009375 0.013158124999999998 0.036020367187500034
2 0.63751115625 0.54672009375 0.013158124999999998 0.036020367187500034
1 0.291781421875 0.5333974921875 0.07631712500000001 0.03108607031249999
1 0.6158002499999999 0.5106997265625001 0.023355671874999945 0.012335742187500021
1 0.548364859375 0.5146471640625 0.027303109375000054 0.011348882812499994
1 0.595076203125 0.5324106328125 0.04177704687499997 0.0379940859375
1 0.45428426562499996 0.5126734453124999 0.01578975000000001 0.016283179687500038
1 0.154279015625 0.5383317890624999 0.021381953125000012 0.05032982812500002
1 0.596392015625 0.5126734453124999 0.011513359374999983 0.013322601562499958
1 0.52698290625 0.5166208828125001 0.021381953125000012 0.012335742187500021
1 0.424020578125 0.5314237734375 0.021381953125000012 0.02565834374999998
1 0.499679796875 0.5230354687500001 0.011513359374999983 0.013322601562499958
1 0.40041875279760475 0.5368512754434581 0.03643114690675648 0.04662899319047904
1 0.36826331951307706 0.5183477978960769 0.016447577296512784 0.016283179687500038
1 0.39540165624999996 0.5126734453124999 0.011513359374999983 0.004934296875000044
1 0.30132106249999996 0.5176077421875 0.030263687499999983 0.018750328124999972
1 0.645077078125 0.5343843515625 0.07631712500000004 0.046382390625000006
