1 0.489153296875 0.5136603046875 0.003947437499999987 0.004934296875000044
1 0.8809293718312006 0.8118475625 0.23814125633759897 0.37630487500000004
1 0.3246219072550903 0.545733234375 0.058553656249999975 0.06299453303195816
1 0.4625903347040008 0.55066753125 0.04111914062500001 0.04971303700649878
1 0.430599640625 0.5368514999999999 0.029934734375000004 0.03404664843749998
1 0.368756453125 0.7001767265624999 0.28355759375 0.21858935156249998
1 0.6134975781249999 0.5546149687499999 0.08190932812500004 0.06069185156249999
1 0.5062588681469371 0.5352067387609686 0.02094335188231238 0.02582281592653146
1 0.375335515625 0.545733234375 0.01455617817986455 0.03610260786736452
1 0.3565851875 0.545733234375 0.022697765624999987 0.051430544794562924
1 0.492442828125 0.5195814609375 0.00921068750000001 0.008881734374999973
1 0.44309985937499996 0.5352067387609686 0.009868593750000028 0.016776609375000008
1 0.4013228125 0.55264125 0.04375076562500002 0.05575755468750003
1 0.8269881562499999 0.5817536015625 0.15954226562499998 0.07401445312500003
1 0.3825237491527899 0.534950884083315 0.018043686652789978 0.017653814500027475
1 0.5789575 0.544746375 0.026645203124999975 0.03108607031249999
