1 0.5917866718749999 0.5425990877427248 0.07204073437499996 0.09671221875000002
2 0.555601828125 0.4855348124999999 0.003947437499999987 0.01578974999999998
1 0.508232578125 0.492442828125 0.02171090624999999 0.022697765624999987
2 0.401651765625 0.492442828125 0.004605343750000005 0.021217476562499994
1 0.5355356874999999 0.4880019609374999 0.01907928124999998 0.03552693749999998
1 0.5440884687499999 0.4999676108136436 0.026645203124999975 0.030407554377859025
1 0.18421375000000004 0.5052719999999999 0.048356109375 0.019737187499999996
2 0.41316512499999997 0.492442828125 0.008552781249999994 0.022697765624999987
1 0.470074015625 0.4781333671875 0.011513359374999983 0.004440867187499986
2 0.39128981620787473 0.4867682756881878 0.004605343750000005 0.01282917187499999
1 0.255596578125 0.5097128671875 0.04638239062499997 0.03404664843749998
1 0.5013245625 0.5195814609375 0.08454095312500005 0.04112823256977531
1 0.48675309655136706 0.579286453125 0.146384140625 0.11514268569477526
2 0.4065860624999999 0.5136603046874999 0.008552781249999994 0.032566359374999986
1 0.38092771875 0.5422792265625 0.0718985738504557 0.09671221875000002
1 0.47204773437499997 0.4796136562500001 0.005592203125000002 0.006908015625000008
1 0.46053437499999994 0.4855348124999999 0.010526499999999987 0.01578974999999998
1 0.49112701562499994 0.4840545234375 0.004901398009777817 0.011792964202166712
1 0.44441567187500003 0.4855348124999999 0.00953964062499999 0.01578974999999998
1 0.43783660937499996 0.4880019609374999 0.016118703124999988 0.021217476562499994
2 0.51382478125 0.492442828125 0.011513359374999983 0.022697765624999987
2 0.500337703125 0.4781333671875 0.004605343750000005 0.01578974999999998
1 0.43224440624999994 0.48800196093750003 0.014144984374999996 0.017270039062499975
1 0.11973893749999999 0.5008311328125 0.062830046875 0.03996780468749996
1 0.528956625 0.4968836953125001 0.007829084199558464 0.024967541661175385
1 0.470074015625 0.4880019609374999 0.015131843749999992 0.021217476562499994
1 0.360861578125 0.5738587265625 0.084540953125 0.10115308593750001
1 0.289807703125 0.5181011718749999 0.058882609374999985 0.05279697656249995
1 0.47303459375000007 0.8111074179687499 0.36480901562500007 0.3777851640625
1 0.30197896875 0.6133331015625 0.1468998863504557 0.1459088948270506
1 0.1476375509835206 0.727315359375 0.2952751019670412 0.28470892968749995
1 0.5194169843750001 0.4741859296874999 0.04736925000000003 0.024178054687499985
1 0.446389390625 0.4840545234375 0.008552781249999994 0.019737187499999996
1 0.0513166875 0.5052719999999999 0.024671484375000004 0.01282917187499999
1 0.6276425625 0.5638165643052246 0.09671221875000005 0.12945214663227525
1 0.4876086460380017 0.4817375471820025 0.00503441166300167 0.014116375614004983
2 0.39704642187499994 0.48553481249999997 0.006579062499999999 0.017270039062499975
1 0.4217179062499999 0.492442828125 0.02171090624999999 0.021217476562499994
1 0.539483125 0.4968836953125001 0.022451051089643195 0.03194957303660795
1 0.016290330815574475 0.9286777677077367 0.03258066163114895 0.14264446458452654
1 0.47961365624999996 0.482574234375 0.013158124999999998 0.017270039062499975
