1 0.355269375 0.5482003828125 0.11447568749999999 0.08092246874999995
1 0.4296110939398191 0.5477044221597286 0.013816031250000017 0.029112351562500027
1 0.40855978125000003 0.506258859375 0.03256635937500001 0.029112351562500027
1 0.496390265625 0.5363580703124999 0.043092859375 0.009868593749999998
2 0.0381585625 0.557575546875 0.018421375000000004 0.0774684609375
1 0.8682715173055946 0.5837272598768819 0.16036443835177985 0.09917932401920133
1 0.46645553125 0.5304369140625 0.007236968750000017 0.008881734374999973
1 0.526325 0.5304369140624999 0.016776609375000008 0.01578974999999998
1 0.6401427236922683 0.589648381592243 0.0838829778057221 0.09424502714420138
2 0.53158825 0.533890921875 0.013816031249999956 0.02565834374999998
1 0.6967305928641776 0.6266616087106331 0.14112763986572371 0.14013993683563325
1 0.5710620625632731 0.5363580703124999 0.023356796748453944 0.03404664843749998
1 0.49638801587809217 0.5255026171874999 0.013157000126546059 0.009868593749999998
2 0.602971078125 0.5255026171874999 0.003947437499999987 0.004440867187499986
1 0.45428426562499996 0.5353712109375 0.020066140624999975 0.02220433593750002
1 0.445073578125 0.5393186484375 0.009868593750000028 0.02220433593750002
1 0.42566534375000004 0.5235288984375 0.012500218749999981 0.006908015625000008
1 0.57829959375 0.5412923671875001 0.021381953124999954 0.03108607031249999
1 0.493100734375 0.6143199609375 0.11579150000000003 0.15691064062500004
2 0.625151911235113 0.5374155354353775 0.007847890959830177 0.024530629520207636
1 0.43257335937499997 0.5442529453125001 0.024013578125000025 0.03503350781250001
1 0.941784046875 0.6690906562499999 0.11643190625000012 0.2264842265625
1 0.604286890625 0.5462266640625 0.035197984375000026 0.04194152343750002
1 0.8223828125 0.7278087890624999 0.2828996875 0.2378331093749999
1 0.5582334531249998 0.5368506563449096 0.009868593749999969 0.02516491406250001
1 0.484219 0.5264894765625 0.009868593750000028 0.006908015625000008
1 0.41250721875 0.5442529453125001 0.025329390625 0.04884953906250002
