1 0.010279785156249999 0.50329828125 0.020559570312499997 0.019737187499999996
1 0.14210774999999998 0.576325875 0.21743801562499995 0.12977200781249998
1 0.16546342187500002 0.5240223281249999 0.020724046874999996 0.012335742187500021
1 0.07697503124999999 0.505272 0.03092159375 0.01529632031250001
1 0.05065878125 0.504285140625 0.025987296874999996 0.016283179687500038
1 0.15255201171875 0.7465591171874999 0.3051040234375 0.3922766015625
1 0.8893160234375 0.7307693671875 0.22136795312500002 0.34688107031249993
1 0.025329390625 0.50329828125 0.010855453125 0.012335742187500021
1 0.027303109375000002 0.5240223281249999 0.025329390625 0.007401445312499977
1 0.034869031249999995 0.504285140625 0.013158124999999998 0.013322601562499958
1 0.19210862499999998 0.527969765625 0.025329390625 0.036020367187500034
1 0.0802645625 0.5116865859375 0.037171703125000004 0.013322601562499958
