1 0.4460604375 0.5639901328125001 0.03092159375 0.012335742187500021
1 0.9108712031249998 0.5704047187499999 0.05131668749999996 0.018750328124999972
1 0.4996797968750001 0.5827404609375 0.05888260937500001 0.04342181250000001
1 0.8223828125 0.5600426953125 0.010197546874999948 0.011348882812499994
1 0.9444244218750001 0.5649769921875001 0.024013578125000025 0.020724046875000023
1 0.210858953125 0.593102484375 0.09967279687500001 0.05131668750000005
1 0.6651432187499999 0.5536281093750001 0.01907928124999998 0.012335742187500021
1 0.581260171875 0.5733652968749998 0.022697765624999987 0.018750328124999972
1 0.136515546875 0.592115625 0.046053437499999995 0.03404664843749998
1 0.44902101562499996 0.577312734375 0.03486903124999999 0.02861892187499997
1 0.15526587500000003 0.59408934375 0.03223740625000001 0.046382390625000006
1 0.73356546875 0.5733652968749999 0.03782960937499998 0.02565834374999998
1 0.641129640625 0.5600426953125 0.027303109375000054 0.018750328124999972
1 0.2565834375 0.599023640625 0.05888260937500001 0.04342181250000001
1 0.8470542968749998 0.5649769921875001 0.020724046874999996 0.020724046875000023
1 0.8908050624999999 0.5580689765625 0.021381953124999954 0.013322601562499958
1 0.7322496562499999 0.5600426953125 0.024013578125000025 0.012335742187500021
1 0.3121765156250001 0.5807667421875 0.05296145312500003 0.024671484375000042
1 0.833238265625 0.57040471875 0.04046123437500005 0.022697765624999987
1 0.6837277403000399 0.5652232320268 0.02171128625355993 0.024671104371440045
1 0.75988171875 0.5580689765625 0.033553218750000016 0.016283179687500038
1 0.7062610926964669 0.5600426953125 0.0388163420821467 0.021710526246440053
1 0.787842734375 0.5580689765625 0.013816031249999956 0.013322601562499958
1 0.25954401562499996 0.5763258749999999 0.013816031249999987 0.013322601562499958
1 0.639155921875 0.571391578125 0.022697765624999987 0.024671484375000042
1 0.6615247343750001 0.567444140625 0.03157950000000002 0.023684625000000015
1 0.8005594755616178 0.5650600948710822 0.036678985298244156 0.029853258801690253
1 0.799685046875 0.5496806718749999 0.021381953124999954 0.007401445312499977
1 0.113159875 0.6074119453125 0.008223828124999999 0.05674441406249997
1 0.373361796875 0.569417859375 0.013158124999999998 0.014309460937499985
1 0.35494042187499997 0.59408934375 0.030263687499999983 0.0379940859375
1 0.7013280625 0.5817536015625 0.05427726562500001 0.027632062500000033
1 0.315795 0.6000105 0.08783048437500002 0.0379940859375
1 0.7825794843750001 0.5600426953125 0.01250021875000004 0.014309460937499985
