1 0.24901751562499996 0.5314237734375 0.13968171942329508 0.066119578125
2 0.7875983693253238 0.5393186484375001 0.011842312499999962 0.04767940590024287
1 0.03217153457159843 0.4967850062170752 0.020987207269716847 0.01292784518080108
1 0.16803782863174632 0.49737712499999986 0.019179413175693938 0.015253406630059719
1 0.12401529852158702 0.49466319511107076 0.025000407896587026 0.0185035022684513
1 0.7622047518248696 0.5041541477531739 0.04151211924047828 0.022571185589478127
1 0.7253416406250001 0.5116865859375 0.02532939062500006 0.023684625000000015
1 0.012500218750000002 0.49836398437499996 0.024013578125 0.01529632031250001
1 0.10544661237423542 0.500337703125 0.03318761236767287 0.023684625000000015
1 0.14704204687499994 0.50329828125 0.03355321874999998 0.018750328124999972
1 0.38421724999999995 0.5116865859375 0.032237406249999975 0.02565834374999998
1 0.029605781250000004 0.500337703125 0.030263687500000004 0.01529632031250001
1 0.41316512499999997 0.5373449296875 0.11612045312500001 0.0401236269124496
1 0.7769872812499999 0.520074890625 0.04868506250000001 0.023684625000000015
1 0.17993735937500002 0.5314237734375 0.07087112151760519 0.049562268213907766
1 0.17993735937500002 0.50329828125 0.021381953125000012 0.012335742187500021
2 0.9197230316509369 0.504195423077811 0.0027512483962521374 0.017270039062499975
1 0.9217266562499998 0.5403055078125 0.09605431249999997 0.049342968749999994
1 0.18191107812500001 0.497377125 0.01578975000000001 0.017270039062499975
1 0.79540865625 0.5141538675903584 0.03782966858182597 0.021217698588097366
2 0.7125124687500001 0.57435215625 0.03914542187500002 0.12730485937500005
1 0.419415234375 0.5116865859375 0.04868506250000001 0.03108607031249999
1 0.08223828125 0.49540340625 0.020724046874999996 0.01529632031250001
1 0.7674476406250001 0.5353712109375 0.09144896875000003 0.04736925000000003
2 0.38586201562500005 0.6123462421875001 0.05131668750000002 0.1223705625
2 0.8674493906249999 0.5245157578125 0.008223828124999954 0.04736925000000003
1 0.62040559375 0.5230354687500001 0.07072492187500004 0.0379940859375
