1 0.597049921875 0.6898147031249999 0.13848926562500002 0.1731938203125
1 0.34375601562499997 0.54672009375 0.02828996874999999 0.0379940859375
1 0.13651554687500003 0.5343843515625 0.030263687500000015 0.020724046875000023
1 0.375335515625 0.55066753125 0.043092859375 0.046382390625000006
1 0.23388567187500003 0.55066753125 0.03223740625000001 0.04835610937499997
1 0.5069142022258541 0.5551083984374999 0.021711290759871875 0.03355418002467969
1 0.038487515624999996 0.8186322207031249 0.07697503124999999 0.3627355585937499
1 0.013980507812499997 0.6370177265624999 0.027961015624999995 0.057731273437499994
1 0.019079281249999993 0.5403055078125 0.022697765624999994 0.027632062500000033
1 0.5641546093750001 0.5600426953125 0.037171703125000025 0.04835610937499997
1 0.27039946875 0.5797798828125 0.07829084375000003 0.06908015625
2 0.7020935953029462 0.6190903333832873 0.014254819461095754 0.06776503391660924
2 0.512180015625 0.551654390625 0.017105562499999987 0.049342968749999994
1 0.312834421875 0.549680671875 0.033553218750000016 0.05032982812500002
1 0.48323214062500003 0.5580689765625 0.036513796875000004 0.05032982812500002
1 0.28355759375 0.544746375 0.04605343750000002 0.03108607031249999
1 0.42073104687499996 0.55066753125 0.033553218750000016 0.0379940859375
2 0.7118545624999998 0.6227082656249999 0.020724046874999996 0.06908015625
1 0.3608615781250001 0.6340571484375 0.12434428125000002 0.12582457031250005
1 0.0776329375 0.5343843515625 0.04671134374999999 0.02565834374999998
1 0.128949625 0.5763258749999999 0.085198859375 0.06908015625
1 0.400993859375 0.54672009375 0.013158124999999998 0.02861892187499997
2 0.68488040625 0.6064250859374999 0.022697765624999987 0.10065965624999995
1 0.58422075 0.54672009375 0.011513359374999983 0.01529632031250001
1 0.47007401562499995 0.5817536015625 0.05559307812499999 0.066119578125
1 0.0486850625 0.5723784375000001 0.0828961875 0.06463928906250001
1 0.19210862499999995 0.5600426953125 0.06250109374999999 0.06809329687499996
