1 0.5157985 0.6005039296874999 0.013158124999999998 0.030099210937499964
1 0.366981245767621 0.627442955417359 0.07861892032298391 0.08565880207738914
1 0.4162355715311013 0.6205683748699097 0.04298233887559473 0.05674441406249997
1 0.523364421875 0.6034645078125 0.008552781249999994 0.02861892187499997
1 0.45790274999999997 0.6034645078124999 0.010526499999999987 0.01578974999999998
1 0.5804525546839057 0.6200600257492616 0.07518055468390573 0.08576693906034345
1 0.508890484375 0.5921156249999999 0.008552781249999994 0.01282917187499999
1 0.49770607812499995 0.6036622207454178 0.012500218749999981 0.01578974999999998
1 0.54145684375 0.610865953125 0.033224265625000034 0.054277265625000036
1 0.470074015625 0.5965564921875 0.007565921874999996 0.011348882812499994
2 0.6628405468749998 0.604944796875 0.021052999999999975 0.06118528125000004
1 0.45263962283516684 0.6082319942568312 0.004605343750000005 0.018257082690250125
1 0.43224440624999994 0.6005039296874999 0.008552781249999994 0.01578974999999998
1 0.463494953125 0.604944796875 0.007565921874999996 0.017270039062499975
1 0.468100296875 0.603262948596296 0.007565921874999996 0.01578974999999998
1 0.478626796875 0.6019833016402714 0.015131843749999992 0.019243452109257132
1 0.52698290625 0.6034645078125 0.013158125000000057 0.037007226562499974
2 0.4407971875 0.61777396875 0.03618484375000002 0.10658081250000002
1 0.478626796875 0.5807667421875001 0.0029605781249999906 0.006908015625000008
1 0.5003377031249999 0.5965564921875 0.010526499999999987 0.011348882812499994
