1 0.42632325 0.51119315625 0.011184406250000004 0.016776609375000008
1 0.4947455 0.5008311328125 0.015131777958717112 0.010855453125000025
1 0.5151406515531672 0.508232578125 0.010197546875000008 0.013816031250000017
1 0.45592903125 0.5008311328125 0.007236968750000017 0.007894875000000034
1 0.668103796875 0.6098790937499999 0.11480464062499998 0.12138370312499998
1 0.46941610937499995 0.49737712500000003 0.00625010937500002 0.00937516406250003
1 0.324676734375 0.5403055078125 0.045066578125 0.05378383593749998
1 0.44499129697592055 0.505272 0.003947437499999987 0.012335742187500021
1 0.6085632812499999 0.5605361249999999 0.06875120312500003 0.07993560937500002
1 0.28191282812499996 0.5496806718749999 0.049342968749999994 0.06118528124999996
1 0.4975413844498188 0.5336438813622284 0.033881737649637894 0.03848686428695682
1 0.49046932220940415 0.47763993749999994 0.00625010937500002 0.005921156249999981
1 0.4361508265519219 0.508232578125 0.005263250000000023 0.013816031250000017
1 0.42303371874999995 0.5146471640625 0.014473937499999975 0.016776609375000008
1 0.4095475375735107 0.518593928851117 0.0222594604411702 0.02417839104319146
1 0.484547953125 0.496636767592579 0.00773054035494732 0.009375589814842034
1 0.054277265624999994 0.62172140625 0.10855453124999999 0.11694283593749999
1 0.5144826874999999 0.5052719999999999 0.011184406250000004 0.016776609375000008
1 0.5799443593749999 0.5541215390625001 0.035855890624999984 0.07056044531249998
1 0.46415285937500006 0.49984383921213793 0.00625010937500002 0.010855453125000025
1 0.5467196680811917 0.5353710513116968 0.023245559692124235 0.03898062606089372
1 0.486850625 0.47763993749999994 0.005263250000000023 0.007894875000000034
1 0.489811203125 0.5269828199313109 0.028125405868811033 0.04033781221410822
1 0.47435040625 0.5008311328125 0.007236968750000017 0.00937516406250003
1 0.35132193749999996 0.535864640625 0.01842137500000002 0.037007226562499974
1 0.247043796875 0.5620164140624999 0.06875120312499998 0.06118528124999996
1 0.47961365624999996 0.48060051562499995 0.005263250000000023 0.007894875000000034
1 0.47961365624999996 0.48504138281250003 0.003947437499999987 0.005921156249999981
1 0.5136601357272639 0.51887612691475 0.007236968750000017 0.017410801738625015
2 0.393098984375 0.5158808826101553 0.0036184843750000084 0.020230617187499966
1 0.9692554334736713 0.9043693814577862 0.061489133052657505 0.19126123708442755
1 0.4671134375 0.497377125 0.003947437499999987 0.007894875000000034
1 0.5210613986250049 0.5179036418812523 0.016842189175002947 0.024671484375000042
1 0.5466262239579539 0.5324811578123863 0.030404792013484123 0.036020448958067684
1 0.5202028467166454 0.5127282626852331 0.02115354740527901 0.024287762765868682
1 0.5529695469540672 0.5450418028884046 0.016315655050602965 0.05121748974917244
1 0.5722690499815056 0.5444997872120652 0.04429922788725437 0.06858689597025354
1 0.41612570312499997 0.502311421875 0.011184406250000004 0.010855453125000025
1 0.6197476875 0.5866878984375001 0.07171178124999997 0.09079106250000005
1 0.431257546875 0.5082325781249999 0.013158124999999998 0.019144987765815902
2 0.35888785937499995 0.5230354687500001 0.007236968750000017 0.02565834374999998
1 0.46020542187499996 0.5008311328125 0.008223828125000015 0.00937516406250003
1 0.41766033523892526 0.5185945028755756 0.008663112134923405 0.018421703956414605
1 0.43553393749999997 0.5013246611869244 0.01644765625000003 0.02565854112384871
1 0.5286272831595762 0.5202126078019168 0.021776541388830496 0.0233687600312237
1 0.5490222219314165 0.5391947813028903 0.017187596896156166 0.041448093749999956
1 0.5275727805036569 0.5130818067597122 0.01903391717081823 0.010855453125000025
1 0.86176619921875 0.7386642421875 0.2764676015625001 0.2531294296875001
1 0.42155357160494733 0.5176077421875 0.00921068750000001 0.020723763040105325
1 0.4486920625 0.502311421875 0.007236968750000017 0.010855453125000025
