1 0.40362548437499995 0.5077391484375 0.007565921874999996 0.014309460937499985
1 0.49408759374999994 0.5240223281249999 0.046053437499999995 0.03108607031249999
1 0.5315881244763075 0.515851215345637 0.021763684357483135 0.030789899528676834
1 0.9916204453125 0.520074890625 0.01675910937500002 0.032072929687500015
1 0.516127453125 0.5116865859375 0.021381953125000012 0.01529632031250001
1 0.41184931250000006 0.5087260078125 0.004276390625000026 0.012335742187500021
1 0.6266557228593754 0.5795331846196292 0.08207384785644614 0.09251812745947374
1 0.5677730937500002 0.5442533747895929 0.050330687079185664 0.066119578125
1 0.3618484375 0.52106175 0.020724046874999996 0.023684625000000015
1 0.48405361656320406 0.5230354687500001 0.030593003374718344 0.03108607031249999
1 0.47895574999999996 0.520074890625 0.021381953125000012 0.03503350781250001
1 0.14276565624999998 0.5630032734375 0.09144896875000001 0.09473849999999998
1 0.406915015625 0.5087260078125 0.00625010937500002 0.014309460937499985
1 0.7927770312499999 0.4889888203125 0.12894962500000004 0.046382390625000006
1 0.89014715625 0.504285140625 0.03782960937499998 0.022697765624999987
1 0.96909590625 0.5116865859375 0.05427726562500001 0.032072929687500015
1 0.6595510156249998 0.5126734453124999 0.04736924999999997 0.021710047295814404
1 0.677972390625 0.620734546875 0.133226015625 0.13174572656250003
2 0.5971898882894334 0.5126734453124999 0.00812996075271369 0.019737187499999996
2 0.5916221224008763 0.5123033183631571 0.006414513025876308 0.01258228516813702
1 0.378954 0.5146471640625 0.01578975000000001 0.017270039062499975
1 0.5074337061954862 0.6545705686450569 0.15235301596979578 0.1758028558997448
1 0.547049046875 0.5357942823708605 0.031297657246320415 0.0560396023097403
1 0.3052684999999999 0.5324106328125 0.032895312499999996 0.03404664843749998
1 0.787842734375 0.5146471640625 0.06381690625 0.022697765624999987
2 0.945082328125 0.5003377031249999 0.007565921874999996 0.014309460937499985
1 0.9513324374999999 0.4939231171875 0.021381953124999954 0.011348882812499994
1 0.3444139218749999 0.5230354687500001 0.027303109374999992 0.03108607031249999
1 0.39244107812499995 0.5116865859375 0.014473937499999975 0.01529632031250001
1 0.4004994275742834 0.5116865859375 0.007895161318061858 0.012335742187500021
1 0.5079036249999999 0.5447480929083712 0.05559307812499999 0.05304605353026046
1 0.41382303125 0.504285140625 0.011513359374999983 0.014309460937499985
1 0.48665324602063553 0.5676415462457312 0.08079090644497194 0.07026441236527567
1 0.5890458258116094 0.5593854340299138 0.06294055787321859 0.0789511686278022
1 0.4760316000777683 0.5018728406104185 0.00625010937500002 0.008388304687500004
