1 0.14144984375 0.8048161894531249 0.2828996875 0.39036762109375
1 0.435564978305971 0.5506675312499999 0.021940555268657035 0.005623243930971089
1 0.5312412253128801 0.55092779976534 0.012153194062880068 0.015529481484660046
1 0.45560007812500003 0.5644835624999999 0.029934734375000004 0.02171090624999996
1 0.43939913241417405 0.545733234375 0.008717254942782719 0.004194148039174017
1 0.47763993750000006 0.5595492656250001 0.017434515625000025 0.016776609375000008
1 0.7614946646741624 0.7544539921875 0.47647269171208123 0.25209484076124367
1 0.12865592104851925 0.5392481559646385 0.2573118420970385 0.20385695341036153
1 0.5023114218749999 0.5556018281250001 0.03322426562499998 0.019765393648712593
1 0.3273083593750001 0.5718850078125 0.055264125000000004 0.04095466406249999
1 0.30066315624999995 0.7450788281249998 0.20691151562499996 0.22190878046957563
1 0.01541843090286952 0.6012515552077828 0.03083686180573904 0.048610305207782825
1 0.30592641666690973 0.5565886874999999 0.025768019097789363 0.018750328124999972
1 0.668426493663011 0.911520359375 0.663147012673978 0.1769592812499999
1 0.460534375 0.5556018281249999 0.022490996673633627 0.01282917187499999
