2 0.6319189531249999 0.504285140625 0.021052999999999975 0.04194152343750002
2 0.36768736951782494 0.4972536874983984 0.00625010937500002 0.021217358550271383
4 0.47698203125 0.4949099765625 0.011842312500000023 0.03157949999999996
2 0.49014015624999996 0.5412923671875 0.027961015625000012 0.09177792187499997
2 0.5949116996065141 0.4949099765625 0.006250109374999961 0.028865660979137342
1 0.44704729687499994 0.5324106328125 0.021052999999999975 0.055264124999999976
1 0.47665307812499996 0.492442828125 0.01526547921267749 0.029112351562500027
1 0.44600062354548037 0.5006965514148306 0.020454907704519697 0.019378339210169314
2 0.359545765625 0.502311421875 0.00625010937500002 0.02516491406250001
2 0.6751762430104441 0.49441652713840456 0.011842312499999962 0.02220433593750002
2 0.6164581562499999 0.5032983231901603 0.010033063322473269 0.04144811472008021
2 0.660866828125 0.502311421875 0.014802890625000013 0.04194152343750002
1 0.35592728125 0.49540340625 0.019408234375000017 0.03157949999999996
1 0.3697570024838896 0.5023114218750001 0.020312810751516905 0.020724046875000023
2 0.6016463825522297 0.5008178082033444 0.008552781250000053 0.03397996551333016
1 0.45823170312499995 0.492442828125 0.00921068750000001 0.012335742187500021
1 0.541785796875 0.50329828125 0.01589942845333058 0.029112351562500027
1 0.8492961482339058 0.5745078828125 0.3014077035321884 0.850984234375
2 0.702314921875 0.5136603046875 0.009868593749999969 0.04194152343750002
1 0.5904708593749999 0.4840545234375 0.07368549999999997 0.049836398437499964
2 0.5934314374999999 0.49421431989852493 0.008552781250000053 0.02497076169223682
2 0.6200766406249999 0.48553481249999997 0.006250109374999961 0.013816031250000017
2 0.6230371811554108 0.5014655746346479 0.00474628069546957 0.017974817776320595
1 0.52435128125 0.7973823750000001 0.2898077031249999 0.38339486718750004
2 0.19737187499999997 0.5368515 0.02598729687499999 0.06858672656250002
1 0.46908715624999997 0.49540340625 0.005592203125000002 0.016776609375000008
1 0.514153734375 0.52698290625 0.04144809374999999 0.05378383593749998
1 0.51053525 0.48885106041433257 0.05329040624999995 0.10302911978583174
1 0.5381673125 0.482574234375 0.008223828124999954 0.01924375781250003
2 0.6477087162827303 0.5065054854040707 0.00921068750000001 0.03725383285497532
2 0.233885671875 0.6370177265625 0.04144809374999999 0.18947699999999995
1 0.6098790937499998 0.5768193046875 0.22434603124999994 0.11052825000000004
2 0.36875645312500005 0.5097128671875 0.00625010937500002 0.027138632812499973
1 0.40954664062499996 0.5324106328125 0.07006701562500002 0.09523192968750002
2 0.5539570625000001 0.49293625781249994 0.004934296875000044 0.024178054687499985
1 0.5934314374999999 0.4963902656250001 0.035855890624999984 0.023684625000000015
2 0.3830659287010166 0.5009298011837802 0.005855377335813235 0.021710862334450364
2 0.35230880378307783 0.5102063072371166 0.003947416775766636 0.03059261990076658
2 0.6246819975327303 0.5032982417768093 0.007401399260444089 0.0340466287009046
