2 0.7434340625 0.5136603046875 0.024671484374999983 0.03898094531250003
1 0.596392015625 0.5137121376277818 0.020862539183704242 0.012335742187500021
1 0.28684712500000004 0.544746375 0.06381690625 0.08240275781249995
1 0.740473484375 0.5774296037398094 0.08297410040987312 0.09473849999999998
1 0.189477 0.5393186484375001 0.10625185937500001 0.066119578125
2 0.8092246875 0.5106997265625 0.006908015625000038 0.015510099634418139
2 0.040461234375 0.5343843515625 0.015131843750000004 0.06266557031249995
2 0.7957881794360928 0.5136603046875 0.006908015625000038 0.01220923445880242
1 0.6097381063875063 0.5580689765625001 0.04906099402501276 0.07944217968750004
1 0.500337703125 0.6631694999999999 0.22039859375000007 0.33158474999999993
1 0.5020012190618649 0.47055552070074347 0.17763468750000003 0.08980420312500001
1 0.8321417580948665 0.5931024843749999 0.15142808565513352 0.1514829205571994
1 0.9204108437499999 0.671064375 0.15789749999999997 0.17960848642851576
