1 0.8510017343749998 0.5204696577971886 0.08039619059437714 0.03286246403187718
1 0.68619621875 0.5165118168997528 0.07973669972588932 0.04835610937499997
1 0.960214171875 0.5008113930670615 0.019934563638230783 0.010362023437499968
1 0.176318875 0.5817536015625 0.09868593750000001 0.1041136640625
1 0.2610255246985024 0.52056847944437 0.013652456434762665 0.012335742187500021
1 0.4592185624999999 0.741131390625 0.2669077151406185 0.35006949038280927
1 0.6094185259445369 0.5250091875 0.056250984375 0.03937578935388943
1 0.8829102969143885 0.5116865859375 0.008223828124999954 0.006414585937500039
1 0.7569211406249998 0.520074890625 0.06644853124999996 0.037007226562499974
1 0.7940928437500001 0.525996046875 0.01644765625000003 0.02171090624999996
1 0.3386609925800189 0.5314230475550769 0.045724726335807674 0.03996853056992302
1 0.5174432656249999 0.5781549059524924 0.11567228906765355 0.10835047715751508
1 0.971069625 0.5206668801291195 0.04697459033058694 0.03404664843749998
1 0.49770607812499995 0.5156340234375 0.021381953125000012 0.012335742187500021
1 0.9891610950722315 0.4919493984375 0.013049584394896504 0.010362023437499968
1 0.9599674520969529 0.4956192909900879 0.01979885757591795 0.013569301603359386
1 0.33158474999999993 0.5876747578125 0.06825780078654879 0.09276478125000001
1 0.09666286324482631 0.7581054220206946 0.19332572648965263 0.27464291391680523
1 0.27171528125 0.624681984375 0.126318 0.14506832812499998
1 0.09539640625 0.6110108668506611 0.150989484375 0.10881561696294062
1 0.5434305625 0.5304369140625 0.05000087499999998 0.02565834374999998
1 0.905279 0.520074890625 0.032237406249999975 0.026645203125000006
1 0.630603140625 0.52698290625 0.084540953125 0.04342181250000001
1 0.555272875 0.5156340234375 0.024013578125000025 0.02171090624999996
1 0.98620146875 0.5060126889430674 0.020724046874999996 0.012335742187500021
