1 0.41941523437499995 0.5343843515625 0.006908015624999978 0.007401445312499977
1 0.40259992851943255 0.544746375 0.012239000986081312 0.017270039062499975
1 0.41184931250000006 0.5393186484375001 0.006381693980315184 0.012730496003445512
1 0.4509947343750001 0.5395650701981995 0.007730203048799744 0.014555882698199607
1 0.44803415625000004 0.5343843515625 0.00625010937500002 0.00937516406250003
1 0.033553218749999995 0.6093856640624999 0.06644853125000001 0.08980420312500001
1 0.26842574999999996 0.7307693671874999 0.5368514999999999 0.32220958593749993
1 0.38224353125 0.5532813883570796 0.020724046874999996 0.02565834374999998
1 0.422046859375 0.5304369140625 0.006908015624999978 0.00937516406250003
1 0.5875102812499999 0.6710643749999999 0.32467673437500005 0.17911497656249997
1 0.7166789443456707 0.5477069531249998 0.12916866309567077 0.06431073191899381
1 0.4057307877303151 0.5403055078125 0.00953964062499999 0.014309460937499985
1 0.3766513281249999 0.5600426953125 0.008881734374999973 0.036020367187500034
1 0.39112526562500005 0.547706953125 0.01578975000000001 0.019737187499999996
1 0.45987646875 0.5442533452905305 0.013158124999999998 0.029853496038825967
1 0.3569004557607424 0.5600426953125 0.039803328124999975 0.04736925000000003
1 0.4728707838175507 0.55066753125 0.03157950000000002 0.03898094531250003
