1 0.7286311718749999 0.5881681875 0.07763293749999996 0.03750065625000003
1 0.09317597265625001 0.5787930234375 0.18635194531250002 0.09128449218750001
1 0.69014365625 0.7958600693552629 0.5950762031249999 0.40827986128947436
1 0.982582984375 0.5723784375 0.024342531250000004 0.010362023437499968
1 0.831264546875 0.589155046875 0.06447481249999995 0.036513796875000004
1 0.350992984375 0.58224703125 0.135199734375 0.08092246874999995
1 0.70198596875 0.5689244296875 0.01907928124999998 0.012335742187500021
1 0.9741537507219495 0.5857010390624999 0.04580671237651626 0.0342316614409115
1 0.20787109974689338 0.8028914424021378 0.41574219949378677 0.3942171151957242
1 0.7674476406249998 0.5812601718749999 0.06217214062499998 0.04095466406249999
1 0.870738921875 0.581260171875 0.04111914062500001 0.03059264062500002
1 0.9403454339148893 0.578595697747334 0.030592623519505934 0.03680992653057515
1 0.9189855509514013 0.5873458164358762 0.056250984375 0.0425994555339277
1 0.54935171875 0.5541215390625001 0.29474200000000006 0.1366800234375
