1 0.41974418750000003 0.5363580703124999 0.04013228125000001 0.024178054687499985
1 0.5950762031249999 0.5556018281249999 0.11151510937499995 0.04687582031249997
1 0.53224615625 0.5245157578125 0.03454007812500001 0.03108607031249999
1 0.4692529898934195 0.5940894177725956 0.16316070065160287 0.09325821093749997
1 0.34638764062499994 0.5294500546875 0.07993560937499998 0.037007226562499974
1 0.36480901562500007 0.5472135234375001 0.04934296875000002 0.026151773437500036
1 0.57172053125 0.5294500546875 0.06019842187499999 0.013816031250000017
1 0.3434270625 0.513166875 0.022697765624999987 0.008881734374999973
1 0.211516859375 0.5111931562500001 0.07796189062499999 0.026151773437500036
1 0.18224003124999996 0.6715578046874999 0.3615194843749999 0.23832653906250006
1 0.29408409374999994 0.5812601718749999 0.14013403125000004 0.10608738281249996
1 0.1881611875 0.49935084374999994 0.03947437499999999 0.024178054687499985
1 0.14802890625 0.49935084374999994 0.04407971875 0.024178054687499985
1 0.57829959375 0.50329828125 0.016118703125000047 0.021217476562499994
2 0.575996921875 0.51908803125 0.006908015625000038 0.008388304687500004
1 0.7189285104652136 0.6064250859375001 0.19868758880320586 0.17072674589759568
1 0.587181328125 0.6074119453125 0.11875207812500002 0.11891655468749995
1 0.004769820312500001 0.4934296875000001 0.009539640625000002 0.003947437500000017
1 0.922713515625 0.581260171875 0.09079106249999995 0.059211562499999995
1 0.9923605898437501 0.5294500546875 0.015278820312499993 0.009868593749999998
1 0.862845083156792 0.636524296875 0.18344587286827405 0.14375224695935024
1 0.03684275 0.514153734375 0.072698640625 0.059211562499999995
1 0.316123953125 0.5111931562500001 0.011184406250000004 0.014802890625000042
1 0.43948137499999995 0.5363580703124999 0.03684274999999999 0.03108607031249999
1 0.450994734375 0.50329828125 0.011184406250000004 0.010855453125000025
1 0.5223775625 0.5393186484375 0.011184406250000004 0.020230617187499966
1 0.09819250781249998 0.577312734375 0.19638501562499996 0.1041136640625
1 0.6371822031250001 0.5141537343749999 0.024013578125000025 0.027138632812499973
1 0.22006964062499995 0.5393186484375 0.086843625 0.03108607031249999
2 0.39474374999999995 0.5373449296875 0.008881734374999973 0.014309460937499985
1 0.548364859375 0.5072457187499999 0.054606218750000046 0.03404664843749998
1 0.9748438359375 0.5482003828125 0.050312328125000035 0.04687582031249997
1 0.39079631249999996 0.581260171875 0.07993560937499998 0.08486990624999997
1 0.13410473167523343 0.5215551796875001 0.07642666638952847 0.014802890625000042
1 0.44375776562499997 0.5235288984375 0.026645203124999975 0.024178054687499985
1 0.554943921875 0.5595492656250001 0.07993560937499998 0.04687582031249997
1 0.5944182968750001 0.5245157578125001 0.04605343750000005 0.014802890625000042
1 0.7338947179653824 0.5178550122007171 0.049342968749999966 0.01603709403581268
1 0.5950762031250001 0.5072457187499999 0.038816468750000034 0.024178054687499985
1 0.43750765625 0.5393186484375 0.03684274999999999 0.036020367187500034
1 0.9167929350871066 0.5472135234375001 0.07335608630531461 0.03240180605088581
1 0.6537398302567259 0.5166211706685532 0.04868506250000001 0.033059789062499956
1 0.9735280234375 0.6005039296874999 0.052943953124999985 0.10016622656249999
