1 0.219411734375 0.5807667421875001 0.061185281250000015 0.03503350781250001
1 0.7819215781250002 0.5447463749999999 0.024013578125000025 0.02171090624999996
2 0.8161327031249999 0.5551083984374999 0.010197546874999948 0.0379940859375
1 0.06644853125 0.5644835625 0.020066140624999992 0.013816031250000017
1 0.547049046875 0.5787930234374999 0.04736925000000003 0.05082325781249999
1 0.046711343749999995 0.61580025 0.030592640624999997 0.07500131249999997
1 0.71053875 0.537838359375 0.025987296875000017 0.006908015625000008
1 0.32665045312499996 0.6296162812499999 0.10987034374999999 0.13470630468750003
1 0.6559325312500001 0.5787930234374999 0.06250109374999996 0.0478626796875
2 0.804290390625 0.5551083984374999 0.013816031249999956 0.037007226562499974
1 0.214806390625 0.638498015625 0.09835698437499998 0.102633375
1 0.4144809375 0.55066753125 0.03125054687499998 0.013816031250000017
1 0.495732359375 0.555601828125 0.021381953125000012 0.02516491406250001
1 0.7125786218988746 0.5556018281250001 0.06710614911618044 0.0379940859375
1 0.8158037499999999 0.537838359375 0.024671484374999983 0.01578974999999998
2 0.8408041875 0.5437595156249999 0.008881734375000032 0.0379940859375
1 0.9276478125 0.53487778125 0.013158124999999998 0.019737187499999996
1 0.10592290625 0.6325768593749999 0.11118615624999999 0.11990341406249998
1 0.2355304375 0.557575546875 0.010526499999999987 0.009868593749999998
1 0.4585606562499999 0.5718850078125 0.027303109374999992 0.0281254921875
1 0.6240240781250002 0.5595492656250001 0.027303109375000054 0.014802890625000042
1 0.5217196562499999 0.5486938125 0.007894874999999975 0.006908015625000008
1 0.675998671875 0.539812078125 0.017434515624999966 0.009868593749999998
1 0.6220503593749999 0.5486938125 0.031908453125 0.01282917187499999
1 0.37401970312499994 0.5486938125 0.016118703124999988 0.019737187499999996
1 0.6506692812500001 0.561522984375 0.05065878125 0.03108607031249999
1 0.75264475 0.555601828125 0.037171703125000025 0.03108607031249999
1 0.025987296874999996 0.6093856640624999 0.029276828124999994 0.04687582031249997
1 0.372703890625 0.5955696328125 0.024013578125000025 0.07006701562500002
1 0.592115625 0.5708981484375 0.06250109374999996 0.03898094531250003
1 0.506258859375 0.5718850078125 0.04243495312499999 0.04095466406249999
1 0.270728421875 0.5605361249999999 0.017434515624999994 0.020724046875000023
1 0.7513289375 0.54672009375 0.04868506250000001 0.0281254921875
1 0.52435128125 0.5728718671875 0.016118703124999988 0.03503350781250001
1 0.94212175 0.541785796875 0.024013578125000025 0.03404664843749998
1 0.41777046874999996 0.5827404609375 0.03914542187500002 0.05181011718750002
1 0.672709140625 0.551654390625 0.018092421875000042 0.019737187499999996
1 0.64540603125 0.54672009375 0.03388217187499999 0.01282917187499999
1 0.47566621875 0.5477069531250001 0.025987296875000017 0.014802890625000042
