1 0.199016640625 0.5205683203125 0.08848839062499998 0.05082325781249999
1 0.500337703125 0.4899756796875 0.024753756577590557 0.010855453125000025
1 0.866791484375 0.508479369137483 0.017598941408344615 0.015296472649966208
1 0.928963625 0.5126734453124999 0.055922031250000025 0.024178054687499985
1 0.197042921875 0.4791202265625 0.028618921874999998 0.014802890625000042
1 0.16842400000000002 0.476653078125 0.007894875000000004 0.007894875000000034
1 0.6164754504370743 0.5319690856862235 0.058553656249999975 0.02869674571683518
1 0.2923298276506882 0.5942539332380162 0.17763468750000003 0.14753547656250002
1 0.99540340625 0.5166208828124998 0.009193187500000023 0.01282917187499999
1 0.01554303515625 0.4791202265625 0.0310860703125 0.011842312499999962
1 0.9487008125 0.5018179921874999 0.018750328125 0.01578974999999998
1 0.47040296875 0.64540603125 0.20633588157759053 0.18158212499999998
1 0.8648177656250001 0.54672009375 0.05789575000000002 0.05970499218749996
1 0.537349346953724 0.491949733926074 0.016118703124999988 0.012335909931787015
1 0.757908 0.5017750972153054 0.04046123437500005 0.02171090624999996
1 0.787184828125 0.52698290625 0.03848751562500006 0.014802890625000042
1 0.801439538825344 0.5133314644880163 0.02445203172431173 0.03569152698801616
1 0.380598765625 0.4870151015625 0.029276828124999987 0.014802890625000042
1 0.9932652109374999 0.5087260078125 0.013469578125000107 0.011842312499999962
1 0.560865078125 0.555601828125 0.09835698437499994 0.07105387499999996
1 0.7127364215574173 0.5355077831554954 0.04475855325837834 0.03734315577362608
1 0.9938737761758195 0.527969765625 0.01225244764836096 0.010164639820082932
1 0.617445015625 0.5166208828125 0.037171703125000025 0.011842312499999962
1 0.5429350639662938 0.489975008710352 0.019409352670246644 0.016775602909278042
1 0.9397989623255775 0.5708641446189827 0.1204020753488449 0.10021723229027586
1 0.7723819375000001 0.49885741406249995 0.019408234374999958 0.01282917187499999
1 0.783895296875 0.5215551796875 0.037171703125000025 0.0281254921875
1 0.603628984375 0.4880019609374999 0.009868593749999969 0.009868593749999998
1 0.685867265625 0.49885741406249995 0.016118703125000047 0.02171090624999996
1 0.787184828125 0.5797796089665542 0.18849004934301813 0.09227121463952707
1 0.9023184218750001 0.5106997265625 0.016118703125000047 0.0281254921875
1 0.64540603125 0.5701932962064087 0.12434428124999997 0.08486990624999997
1 0.5368514999999999 0.5008311328125 0.025987296875000017 0.02516491406250001
1 0.7220521093750001 0.4909625390625001 0.027303109375000054 0.014802890625000042
2 0.21554681998025824 0.5511606593591384 0.025905712013533637 0.06229582475676683
1 0.19228291782612209 0.4805624309208002 0.030238669134332773 0.012753281044449949
1 0.9615299843749999 0.5127689466107329 0.023886243060689576 0.019737187499999996
1 0.8131721249999998 0.547706953125 0.084540953125 0.03898094531250003
1 0.312176515625 0.48602824218749985 0.029934734375000004 0.01578974999999998
1 0.14704204687499994 0.561522984375 0.15888435937499998 0.12187713281249994
1 0.8322514062499998 0.5025307254811494 0.039803328124999975 0.024178054687499985
