1 0.52435128125 0.5052719999999999 0.00953964062499999 0.013322601562499958
1 0.3197424309210033 0.5161274580592475 0.0059211595394983736 0.004934296875000044
1 0.0802645625 0.5412923671875 0.024671484374999997 0.013322601562499958
1 0.4105335 0.5250091875 0.017763468750000004 0.019737187499999996
1 0.38092771875 0.5106997265625 0.013158124999999998 0.013322601562499958
1 0.28355759375 0.5363580703124999 0.06710643750000003 0.07204073437499998
1 0.9662088164062499 0.5066536176318037 0.06758236718750013 0.08338961718749997
1 0.46053437500000005 0.5087260078125 0.008223828125000015 0.012335742187500021
1 0.11809417187499999 0.5452398194902426 0.060527375 0.03108607031249999
2 0.6169515958060937 0.5094661474094531 0.008552787829062443 0.030469270867382825
1 0.55856240625 0.5072765695736463 0.03807631810238874 0.046382390625000006
1 0.4996797968750001 0.5136603034539428 0.035691413034535616 0.03898094531250003
1 0.9447446321956877 0.7554408515625 0.11051073560862458 0.287176112664301
1 0.3233609218750001 0.5324106328125 0.021381953125000012 0.02565834374999998
4 0.152963203125 0.5363580703124999 0.015131843749999992 0.05575755468750003
4 0.12368637499999999 0.5477069531249998 0.017763468750000004 0.057731273437499994
1 0.433889171875 0.504285140625 0.020724046874999996 0.024671484375000042
2 0.5306233202850918 0.504285140625 0.003289531250000029 0.010362023437499968
1 0.41250721875 0.5003377031249999 0.017763468750000004 0.024671484375000042
1 0.06899791796875 0.6113593828124999 0.1379958359375 0.14210775
2 0.5286276718749999 0.5041864582401369 0.004079017960525159 0.010362023437499968
1 0.369414359375 0.52698290625 0.025987296875000017 0.03404664843749998
1 0.4574093129110916 0.5110286846217722 0.006908015624999978 0.012335742187500021
1 0.3842172499999999 0.5190880312499999 0.004934296874999984 0.010362023437499968
1 0.4183187195723355 0.5230354687500001 0.01622835197366778 0.018750328124999972
1 0.452310546875 0.5106997265625 0.011513359374999983 0.014309460937499985
1 0.44145509374999997 0.5106997265625001 0.011513359374999983 0.012335742187500021
1 0.20658256249999998 0.520074890625 0.11118615625 0.12434428124999997
1 0.3171108125 0.520074890625 0.005592203125000002 0.008388304687500004
1 0.433889171875 0.5176077421875 0.01644765625000003 0.016283179687500038
1 0.8167906093749999 0.496390265625 0.06052737499999997 0.03108607031249999
