1 0.12631799999999999 0.5077391484375001 0.024013578125000008 0.012335742187500021
1 0.675340765625 0.5333974921875 0.024671484374999983 0.027632062500000033
1 0.046711343749999995 0.522048609375 0.027303109375 0.024671484375000042
1 0.01644765625 0.5190880312500001 0.0328953125 0.05131668750000005
1 0.09342268749999999 0.5126734453124999 0.0302636875 0.014309460937499985
1 0.8167906093749999 0.5314237734375 0.030263687499999983 0.019737187499999996
1 0.039803328124999995 0.5077391484375001 0.013158124999999998 0.003947437500000017
1 0.0828961875 0.5126734453124999 0.018421374999999993 0.012335742187500021
1 0.10855453125 0.5077391484375001 0.018421374999999993 0.012335742187500021
1 0.12829171875 0.5240223281249999 0.028289968750000005 0.02171090624999996
1 0.16118703125 0.520074890625 0.014473937500000004 0.01529632031250001
