1 0.489153296875 0.6286294218749999 0.04177703134143466 0.02960581620052194
1 0.20743793299716204 0.6715578046874999 0.07667912354226332 0.04401403204368233
1 0.0031250546874999996 0.6804395390625 0.006250109374999999 0.016776609375000008
1 0.025987296875 0.6893212734375 0.007894874999999997 0.010855453125000025
1 0.8406327623355457 0.5847141796875001 0.038978629111848545 0.018236052631637367
1 0.9556295601553492 0.7748242546983113 0.08874087968930186 0.2615177343750001
1 0.2223723125 0.6784658203125 0.053290406249999984 0.020724046875000023
1 0.5341852528749943 0.6197476875 0.03454007812499995 0.010647720374966063
1 0.090462109375 0.6982030078125 0.033224265625000006 0.04095466406249999
1 0.4203497585039698 0.8452549965517102 0.8406995170079395 0.3094900068965797
1 0.2850926790928606 0.6562616159571272 0.025768024032139358 0.014802890625000042
2 0.36513796875 0.6424454531249999 0.00953964062499999 0.023684625000000015
1 0.5407989375 0.636524296875 0.07927770312499997 0.03898094531250003
1 0.12829171874999998 0.7001767265625001 0.06118528124999999 0.04884953906250002
2 0.35494042187499997 0.6428155201479214 0.008635023026385665 0.01597476254064656
1 0.17778651435493512 0.6715578046874999 0.030592640624999994 0.019737187499999996
1 0.20910452183712222 0.6982030078125 0.17368720613636662 0.046546856221591694
1 0.9908429212310642 0.5595492656250001 0.018314157537871505 0.02626391208805705
1 0.5108642031249999 0.6666235078125 0.03914542187500002 0.058718132812500025
1 0.05855365625 0.6903081328124999 0.04111914062500001 0.036020367187500034
1 0.8940945937499999 0.5748455859374999 0.036542404634854246 0.03404664843749998
1 0.2203227361477581 0.6572483437500001 0.016675281689751978 0.01859853397097675
1 0.5961669340694812 0.6044513671874999 0.030696512194481093 0.011790376715259399
1 0.135199734375 0.6794526796874999 0.03454007812499998 0.018750328124999972
1 0.9574761250271095 0.5595492656250001 0.018963171820781236 0.025963116525330322
1 0.43915268503925436 0.650669237389291 0.05043906980004866 0.020230419814309196
1 0.11447559977858184 0.6712288954232091 0.03761024881072124 0.0194082782357091
1 0.7558214955168929 0.5964719028876697 0.03794239510810703 0.025898005538009094
1 0.3232951364475165 0.6554719812824503 0.053553547959933806 0.029408385986175567
1 0.34474287499999995 0.6636629296875001 0.058553656249999975 0.026151773437500036
1 0.4592185624999999 0.6656366484375 0.10592290625 0.04884953906250002
1 0.08437647793314487 0.6755052339636306 0.026974158991289757 0.01603645456391343
1 0.29276828125 0.6565082140218873 0.02384913116877468 0.024301449117218342
1 0.392756605960538 0.6434323124999999 0.04133396512790662 0.01883088731358997
1 0.694749 0.7144861875 0.36941435937499995 0.25658343750000007
1 0.43783660937499996 0.6325768593750001 0.04243495312499999 0.026151773437500036
1 0.982582984375 0.5664572812499999 0.007894874999999975 0.018750328124999972
1 0.383230390625 0.6853738359375 0.26414935937499995 0.058718132812500025
