1 0.333229515625 0.4998442734375 0.09967279687499998 0.05082325781249999
1 0.8842260000000001 0.48208080468750003 0.03914542187500002 0.03108607031249999
1 0.3434270625 0.46974506250000003 0.02203985937500003 0.010855453125000025
1 0.4013228125 0.47073192187499996 0.017434515625000025 0.009868593749999998
1 0.792448078125 0.48306766406250007 0.049342968749999966 0.03503350781250001
1 0.743105109375 0.4880019609375001 0.05526412499999995 0.03503350781250001
1 0.972714390625 0.4791202265625 0.03388217187499999 0.026151773437500036
1 0.34098458641619894 0.4662205901070043 0.009492664238002864 0.011137429863002878
1 0.9960613125 0.47566621875 0.007877374999999987 0.019737187499999996
1 0.7410803671716775 0.46974506250000003 0.0018725073476585882 0.008881734374999973
1 0.679946109375 0.4899756796875 0.06250109374999996 0.0379940859375
1 0.21217476562499998 0.4978705546875 0.06842225 0.045888960937500035
1 0.156910640625 0.5008311328125 0.09440954687499997 0.04884953906250002
1 0.81514584375 0.4687582031249999 0.00921068750000001 0.0019737187499999642
1 0.806922015625 0.46974506250000003 0.011842312499999962 0.008881734374999973
1 0.5003377031249999 0.4899756796875 0.07730398437499998 0.04884953906250002
1 0.027303109375000002 0.5106997265625 0.0539483125 0.08092246875000005
1 0.5993525937499999 0.4899756796875 0.06052737499999997 0.04687582031249997
1 0.07039596875 0.5008311328125 0.090462109375 0.04884953906250002
1 0.9260030468749999 0.4791202265625 0.04046123437500005 0.03108607031249999
1 0.8355409374999998 0.4850413828124999 0.04375076562499996 0.033059789062499956
