1 0.302965828125 0.5442529453125001 0.04342181249999998 0.045888960937500035
1 0.48356109375 0.5255026171875 0.0026316250000000116 0.006908015625000008
1 0.33026893749999997 0.5432660859375 0.025157786388188677 0.032072929687500015
1 0.655274625 0.5264894765625 0.02532939062500006 0.013816031250000017
1 0.2565103361354647 0.5483922716328486 0.041703945510464725 0.03599295191424279
1 0.356914140625 0.5324106328125 0.012829171875000019 0.013816031250000017
1 0.15068684223680265 0.5531346796874999 0.046053437499999995 0.04095466406249999
1 0.48396596381914425 0.6561096809361494 0.06733418833243299 0.15964351359172424
1 0.495732359375 0.5304369140624999 0.017434515625000025 0.021217476562499994
4 0.5664572680914804 0.5363580703125 0.009868606908519813 0.0379940859375
1 0.3380393352053146 0.762135511413042 0.3424846818840562 0.4096399985960139
1 0.15395006249999998 0.5314237734375 0.017434515624999994 0.016776609375000008
1 0.400993859375 0.5245157578125 0.00921068750000001 0.008881734374999973
2 0.55593078125 0.5363580703125 0.008223828124999954 0.032072929687500015
1 0.27697853125 0.5393186484375 0.02739880355290293 0.03404664843749998
1 0.36612482812499997 0.5264894765625 0.008552781249999994 0.010855453125000025
1 0.47698203125 0.5442529453125001 0.031908453125 0.03503350781250001
1 0.8164616562499999 0.557575546875 0.12927857274212579 0.0579555567229777
1 0.4829031875 0.5185946015624999 0.003947437499999987 0.0029605781249999906
2 0.550996484375 0.5432660661997204 0.007236955591480291 0.027878866163758342
2 0.385204109375 0.5314237734375 0.007565921874999996 0.022697765624999987
1 0.2023267260484388 0.6424454531249999 0.12557786472053353 0.1442048307977668
1 0.47895574999999996 0.5255026171874999 0.00921068750000001 0.005921156249999981
2 0.562838796875 0.5353712109375 0.007565921874999996 0.03404664843749998
1 0.3461564848411551 0.5396653821132673 0.024244733908844948 0.029112351562500027
1 0.4038134044193395 0.5387547952570755 0.02871300596037738 0.024883127043396326
1 0.449021015625 0.5248446773101344 0.011842346127365625 0.010855453125000025
1 0.05178270620892167 0.6374289233142649 0.10356541241784334 0.14358807113559005
1 0.09105075702304767 0.5579650886595715 0.05105699297695234 0.03957826290292852
1 0.405599203125 0.5501741015625 0.06875120312499998 0.03404664843749998
1 0.126646953125 0.5304369140625 0.012171265625000002 0.010855453125000025
1 0.018421375 0.5393186484375001 0.03684275 0.045888960937500035
1 0.43356021875 0.5314237734375 0.018750328125 0.023191195312499958
1 0.505600953125 0.5225420390624999 0.007236968750000017 0.009868593749999998
1 0.536522546875 0.5215551796875 0.029276828125000046 0.059211562499999995
1 0.3250056875 0.5284631953125001 0.014144984374999996 0.003947437500000017
2 0.555272875 0.5393186484375001 0.008223828124999954 0.032072929687500015
1 0.46513971875 0.5264894765625 0.016776609375000008 0.01924375781250003
1 0.028865636718749997 0.7746846093749999 0.057731273437499994 0.18799671093749995
1 0.4509947343750001 0.5403055078125 0.021381953125000012 0.027138632812499973
