1 0.5917866718749999 0.5432164955942724 0.07204073437499996 0.09671221875000002
2 0.555601828125 0.4855348124999999 0.004605343749999946 0.01282917187499999
1 0.46760692146422295 0.4840545234375 0.010033016035777168 0.013939347964332872
1 0.508232578125 0.492442828125 0.02171090624999999 0.022697765624999987
2 0.40362548437499995 0.492442828125 0.004605343750000005 0.01282917187499999
1 0.5355356874999999 0.4880019609374999 0.02171090625000005 0.03552693749999998
1 0.5440884687499999 0.5008311328125 0.027632062499999974 0.032566359374999986
1 0.18717432812500004 0.5052719999999999 0.038816468750000006 0.019737187499999996
2 0.41217826562500004 0.4855348125000001 0.004605343750000005 0.006908015625000008
2 0.40080593530270436 0.48729703067018476 0.004605343750000005 0.011983255554221727
1 0.24013578124999999 0.5097128671875 0.04473762499999999 0.032566359374999986
1 0.5013245625 0.5195814609374999 0.08454095312500005 0.040510824718227575
1 0.48592988608263676 0.579286453125 0.14638414062499994 0.11452527784322761
2 0.18224003125 0.5407989375 0.02171090624999999 0.06414585937500003
1 0.311518609375 0.4998442734375 0.11019929687499998 0.06414585937500003
1 0.38092771875 0.5422792265625 0.07162417036087891 0.09671221875000002
1 0.471060875 0.4810939453125 0.010526499999999987 0.014309460937499985
1 0.4911270156249999 0.482574234375 0.005263237390088152 0.013322620477367764
1 0.11776521875000001 0.4998442734374999 0.0960543125 0.03552693749999998
1 0.446389390625 0.4840545234375 0.004605343750000005 0.008388304687500004
1 0.43684975000000004 0.4840545234375 0.015131843749999992 0.019737187499999996
1 0.433889171875 0.4855348125000001 0.014144984374999996 0.006908015625000008
1 0.528956625 0.4968836953125 0.00818269294791018 0.023252898078134798
1 0.427310109375 0.5052719999999999 0.05888260937500001 0.03996780468749996
1 0.460534375 0.4855348124999999 0.013158124999999998 0.01578974999999998
1 0.360861578125 0.5738587265625 0.084540953125 0.10115308593750001
1 0.27829434375 0.537838359375 0.0618431875 0.05279697656249995
1 0.47303459375000007 0.8111074179687499 0.36480901562500007 0.3777851640625
1 0.30197896875 0.6133331015625 0.14662548286087898 0.14467407912395522
1 0.14829173891736316 0.727315359375 0.2960247522711816 0.28470892968749995
1 0.446389390625 0.482574234375 0.008552781249999994 0.019737187499999996
2 0.36744064062500004 0.4880019609374999 0.006579062499999999 0.01282917187499999
1 0.6276425625 0.5644339721567724 0.09671221875000005 0.1288347387807276
1 0.045724484375 0.49540340625 0.069409109375 0.032566359374999986
1 0.487179578125 0.482574234375 0.006907990405176356 0.01677659046013229
2 0.41217826562499993 0.4840545234375 0.006579062499999999 0.019737187499999996
1 0.42171790624999994 0.4855348124999999 0.013158124999999998 0.004440867187499986
1 0.5387429576479121 0.4968836953124999 0.02171090625000005 0.032566359374999986
1 0.01606775087823115 0.9283438978017218 0.0321355017564623 0.14331220439655645
1 0.4796136562499999 0.4840545234375 0.014144984374999996 0.017270039062499975
