2 0.6949463798357213 0.521949959260746 0.007829068453557278 0.039770385048171875
1 0.19145000578084656 0.558069511289365 0.07697503124999999 0.07105387500000004
1 0.41612570312499997 0.5205683203125 0.024013578125000025 0.03059264062500002
1 0.24737274999999995 0.5472135234375001 0.04671134374999998 0.05181011718750002
1 0.2993470060157854 0.5505031029352448 0.06173356862349664 0.057895846495489865
1 0.11085720312499998 0.5549186072763204 0.04625587330701618 0.047483112549344675
1 0.021299714843749998 0.5778061640625001 0.042599429687499996 0.06562614843750003
4 0.1153935371391798 0.5352154050873565 0.010370694149856533 0.01955543625585543
1 0.38290129275676515 0.519910462310245 0.02445224662199325 0.02286233868298986
1 0.07565921874999999 0.5694178593750001 0.09539640624999998 0.06562614843750003
1 0.27697853125 0.5363580703124999 0.021052999999999975 0.02861892187499997
1 0.501653515625 0.513166875 0.014802890625000013 0.020230617187499966
2 0.6282689897322539 0.513437558123088 0.007417424165391987 0.030720232104116896
