1 0.3927527094714538 0.5323846501446806 0.03060996240354618 0.05279697656250004
1 0.7618554375 0.6167871093749999 0.15066053124999995 0.08536333593750003
1 0.18895421412859809 0.7637586343728315 0.37790842825719617 0.34339185742458567
1 0.37416590131916094 0.5644835624999999 0.03824384238388128 0.04095466406249999
1 0.7743556562500001 0.5637434067784655 0.07993560937500005 0.0379940859375
1 0.59014190625 0.5718850078125 0.06579062499999999 0.095725359375
1 0.6391559218750001 0.6182673984375 0.11348882812500007 0.05970499218749996
1 0.866791484375 0.5644835625 0.042763906250000025 0.033553218750000016
1 0.243096359375 0.628629421875 0.08552781250000002 0.09029763281249999
1 0.26480726562499995 0.561522984375 0.18158212499999996 0.09029763281249999
1 0.532575109375 0.5531346796874999 0.05075429493776043 0.029605781249999998
1 0.03534022773345745 0.568431 0.061229747658085094 0.06371912929962767
