1 0.065461671875 0.61777396875 0.112173015625 0.1381603125
1 0.28421550000000007 0.5116865859375 0.017434515625000025 0.023684625000000015
1 0.091120015625 0.506258859375 0.04769820312500001 0.02220433593750002
1 0.31086070312499997 0.5570821171875 0.18487165625000002 0.07993560937500002
1 0.66883519140625 0.8562562343749999 0.6623296171875 0.28748753125000004
1 0.28618921875000003 0.5102062968750001 0.019408234375000017 0.020724046875000023
1 0.26118878124999995 0.5092194375 0.01282917187499999 0.017763468750000032
1 0.06710643749999999 0.5353712109375 0.074672359375 0.057731273437499994
1 0.1960560625 0.5240223281249999 0.03486903124999999 0.03454007812500004
1 0.150002625 0.520074890625 0.046053437499999995 0.03996780468749996
1 0.10493604687499998 0.5422792265624999 0.04769820312499999 0.06217214062499998
1 0.190463859375 0.516127453125 0.038487515624999996 0.03157949999999996
