1 0.005619615337161458 0.6116883392270313 0.011239230674322916 0.07006701562500002
1 0.04902619957946234 0.5373083778241128 0.097370125 0.061715262800886975
1 0.08487635715610689 0.5087260078125 0.016434754437786213 0.006414585937500039
1 0.5936945977631097 0.5175090528946646 0.06579062499999999 0.037007226562499974
1 0.10789661842093749 0.5130963794054464 0.044549643326919644 0.017481496240379445
1 0.6897708443457932 0.5126734453124999 0.049825439883172964 0.03411243660631014
1 0.036513796875 0.5133486657459783 0.0302636875 0.01399782199597821
1 0.5604082039119381 0.5208972642085117 0.01251850110171316 0.01529632031250001
4 0.13454188404703124 0.5616874477793748 0.035855897204062494 0.07960661348609373
1 0.36555082282097745 0.7754309568239695 0.7311016456419549 0.4491380863520612
1 0.6322479062499998 0.5166208828125 0.03390291580376766 0.02861892187499997
1 0.015480148014949697 0.5119187874262877 0.030573289485050302 0.023684625000000015
