1 0.5917866718749999 0.5429858972847711 0.07204073437499996 0.09671221875000002
2 0.54803590625 0.4781333671875 0.003947437499999987 0.009868593749999998
1 0.49671921875 0.49836398437499996 0.09408059375000004 0.05131668749999996
1 0.51382478125 0.4825742343749999 0.004605343750000005 0.004440867187499986
2 0.40362548437499995 0.492442828125 0.004605343750000005 0.022697765624999987
1 0.536522546875 0.4796136562499999 0.020066140624999975 0.021217476562499994
1 0.5460621875000001 0.4998442734374999 0.023684625000000046 0.032566359374999986
1 0.18421374999999998 0.5052719999999999 0.04736925 0.019737187499999996
2 0.41316512499999997 0.4909625390624999 0.005592203125000002 0.021217476562499994
2 0.39753986143109377 0.4880019609374999 0.004605343750000005 0.01282917187499999
1 0.26118878125 0.5097128671875 0.05888260937500001 0.03404664843749998
1 0.5013245625 0.5195814609375 0.08454095312500005 0.040741423027728804
1 0.48623735049530514 0.579286453125 0.14638414062500005 0.11475587615272884
2 0.264149359375 0.5264894765625 0.014144984374999996 0.04391524218749998
1 0.38092771875 0.5422792265625 0.07172665849843506 0.09671221875000002
1 0.446389390625 0.482574234375 0.004605343750000005 0.011348882812499994
1 0.43684975000000004 0.4855348124999999 0.016118703124999988 0.021217476562499994
2 0.6345505781249999 0.492442828125 0.010526500000000046 0.02565834374999998
1 0.43027068749999997 0.48800196093750003 0.018092421874999983 0.017270039062499975
1 0.529943484375 0.48800196093750003 0.005592203125000002 0.008388304687500004
1 0.459547515625 0.482574234375 0.007565921874999996 0.008388304687500004
1 0.360861578125 0.5738587265625 0.084540953125 0.10115308593750001
1 0.29145246875 0.5225420390624999 0.051316687499999986 0.049836398437499964
1 0.47303459375000007 0.8111074179687499 0.36480901562500007 0.3777851640625
1 0.30197896875 0.6133331015625 0.14672797099843507 0.14513527574295768
1 0.6855383124999999 0.4968836953124999 0.07401445312499995 0.049836398437499964
1 0.1479842745046949 0.727315359375 0.29587102006484745 0.28470892968749995
1 0.446389390625 0.4840545234375 0.010526499999999987 0.019737187499999996
1 0.051164860761807436 0.5052719999999999 0.025506517011807433 0.01442333099114439
2 0.36283529687500005 0.4880019609374999 0.004605343750000005 0.01282917187499999
1 0.6276425625 0.5642033738472712 0.09671221875000005 0.12906533709022883
1 0.7026438749999999 0.4796136562499999 0.035197984375000026 0.032566359374999986
2 0.4065860625 0.492442828125 0.004605343750000005 0.022697765624999987
1 0.4217179062499999 0.492442828125 0.020066140624999975 0.019737187499999996
1 0.5404699843749999 0.48553481249999997 0.01907928124999998 0.014309460937499985
1 0.016150883214743547 0.9284685963064903 0.032301766429487094 0.14306280738701957
