1 0.13243124505175607 0.742611253681843 0.26486249010351215 0.3837232320189735
2 0.876331125 0.672051234375 0.025987296875000017 0.17516753906250004
1 0.48623972615085764 0.5028753626637865 0.0038534720387864616 0.005780208058179692
2 0.7713950781249999 0.5496806718750001 0.024671484374999983 0.08536333593750003
1 0.5169647980302463 0.5093540164914347 0.008223828125000015 0.012335742187500021
1 0.261517734375 0.551654390625 0.06381690624999997 0.057731273437499994
2 0.8983709843750002 0.6764921015625001 0.027303109375000054 0.17812811718749993
1 0.42829696874999995 0.5126734453124999 0.010197546875000008 0.012335742187500021
1 0.46828825558874343 0.7214295912955333 0.240323892219437 0.3543884771290082
1 0.372045984375 0.5126734453124999 0.013158124999999998 0.012335742187500021
1 0.5052719999999999 0.5087260078125 0.008223828125000015 0.011348882812499994
1 0.3867830954275155 0.5204696509537732 0.021381953125000012 0.024671484375000042
1 0.341124390625 0.5437595156249999 0.06381690625 0.06463928906250001
1 0.4102046307634996 0.5136602207990004 0.013816031250000017 0.01529632031250001
1 0.46941611200663724 0.5077391484374999 0.005460624769800996 0.010362023437499968
1 0.529285578125 0.5116865859375 0.013816031250000017 0.01529632031250001
1 0.4608633151504556 0.5065056228732913 0.006908015624999978 0.007237001186360814
1 0.406915015625 0.52106175 0.00953964062499999 0.014309460937499985
1 0.45296845312500006 0.5116865859375 0.008223828125000015 0.012335742187500021
1 0.401651765625 0.5220486093750001 0.008223828125000015 0.01529632031250001
1 0.46053437500000005 0.5126734453124999 0.008223828125000015 0.006414585937500039
1 0.4757674385996726 0.50329828125 0.005592203125000002 0.006718245486517916
