1 0.361519484375 0.47714650781250006 0.025987296875000017 0.029112351562500027
1 0.6809329687500001 0.63356371875 0.16316075 0.18108869531250002
1 0.870738921875 0.82344316015625 0.25822820312499994 0.35311367968749996
1 0.47668596751581077 0.5002883492998198 0.038520405015810805 0.03587233532040539
1 0.36250634374999996 0.4870151015625 0.024013578125000025 0.029112351562500027
1 0.278623296875 0.5644835625000001 0.08848839062499998 0.13026543750000003
1 0.46069819685484686 0.4939211530645407 0.024999128084693765 0.0352792405947703
1 0.32566359375000004 0.5437595156249999 0.051645640624999996 0.08289618750000001
1 0.38092771875 0.47023849218749997 0.011184406250000004 0.012335742187500021
1 0.5268160290927719 0.5272260202016579 0.04144678433469373 0.05748357653227032
1 0.3276373125 0.46333047656250004 0.011184406250000004 0.01529632031250001
1 0.18618746875000003 0.6044513671874999 0.18256898437500002 0.18552956250000002
1 0.39474375000000006 0.46777134374999996 0.019408234375000017 0.016776609375000008
1 0.608892234375 0.585207609375 0.1013175625 0.11496911718750003
1 0.33026893749999997 0.46777134374999996 0.007236968750000017 0.01529632031250001
1 0.3528015718548469 0.47319710618954075 0.01578975000000001 0.024919835987882787
1 0.34967717187499997 0.5353712109375 0.027632062499999974 0.06365242968749998
1 0.4452373999798469 0.48281931244961723 0.024013578125000025 0.029851514032270286
1 0.339479625 0.4662910546875 0.014802890625000013 0.01924375781250003
1 0.343098109375 0.4694165286057729 0.015460964567309136 0.01924375781250003
1 0.37369074999999996 0.47023849218749997 0.007236968750000017 0.013816031250000017
1 0.5424410842943875 0.5375886983468108 0.06513097286292506 0.06365242968749998
1 0.061267519531249995 0.7307693671875 0.12253503906249999 0.28520235937499994
1 0.6721552934063695 0.5299410491447093 0.016335479784328182 0.020228993700639554
1 0.30724221874999996 0.4633304765625 0.026645203124999975 0.02220433593750002
1 0.4115203593750001 0.47171878125 0.01578975000000001 0.01924375781250003
1 0.4261576822580781 0.4766504592943875 0.02203985937499997 0.02220433593750002
1 0.45198159375 0.4884953906250001 0.024013578125000025 0.029112351562500027
