1 0.2597171457232709 0.5509272263974065 0.05756679687499998 0.0552900856073129
1 0.6838934876776449 0.5235289872335327 0.01644765625000003 0.023684625000000015
1 0.200332453125 0.5560952578125 0.053948371697355134 0.05131668750000005
1 0.49204085502712996 0.520074890625 0.008589291236435 0.011897077479652473
1 0.855994774436059 0.5166208828125 0.010197546874999948 0.011348882812499994
1 0.6997052329017142 0.5230354687500001 0.016842417455142568 0.020329329307713806
1 0.8131721249999998 0.5209383560380105 0.009375115342347466 0.012212348225510627
1 0.4983639843749999 0.5166208828124998 0.006908015624999978 0.007401445312499977
1 0.7220521093749999 0.5213542254135545 0.013158124999999998 0.012335742187500021
1 0.44737625 0.525996046875 0.013158124999999998 0.012335742187500021
1 0.8228527053268365 0.52106175 0.011513359374999983 0.014732280043009638
1 0.35757204687499994 0.545733234375 0.06315899999999998 0.0843764765625
1 0.5134958281249999 0.5156340234375 0.004934296874999984 0.006414585937500039
1 0.8061325364141791 0.5223446796212692 0.013158124999999998 0.015592390558769154
1 0.98356109375 0.5733652968749999 0.03287781250000007 0.09276478125000001
1 0.7934349375 0.5100132859268727 0.01885046770479093 0.039410091863310015
1 0.50592990625 0.5230354687500001 0.010197546875000008 0.012335742187500021
1 0.420073140625 0.5333974921874999 0.027303109374999992 0.033059789062499956
1 0.4697451216973551 0.5205682315164673 0.011513359374999983 0.00986850495396734
1 0.8216343051699437 0.5168250211752425 0.014224307975485217 0.010157885074757367
1 0.523693375 0.5240223281249999 0.01578975000000001 0.019737187499999996
