1 0.048685062499999994 0.577312734375 0.041119140624999995 0.063159
1 0.39638851562499994 0.5420818756095255 0.021381953125000012 0.02516491406250001
1 0.5296743322092036 0.5450604018098892 0.016118703125000047 0.011842312499999962
2 0.98989344140625 0.624681984375 0.020213117187500036 0.10707424218749999
1 0.24539903124999995 0.569417859375 0.05592203124999999 0.06167871093750001
1 0.19452097313691066 0.5782995838812088 0.07664607812500002 0.07204073437499998
1 0.36513796875 0.58422075 0.07105387500000002 0.07105387499999996
1 0.54145684375 0.5324106328125 0.03256631003425164 0.022697876641683924
1 0.3001149110932299 0.5567531585798291 0.04671134375000001 0.049836398437499964
1 0.43059964062499995 0.520074890625 0.016118703124999988 0.009868593749999998
2 0.852975453125 0.6631695 0.056250984375 0.22154992968750004
1 0.40834048696436864 0.5406344843306059 0.013816031250000017 0.024178054687499985
1 0.485863765625 0.6449126015625 0.13651554687499998 0.18158212499999998
1 0.25164919325948837 0.5363580878573295 0.023136377589368647 0.013816013705170516
1 0.027961109197423846 0.5363580703125 0.038487515624999996 0.014802890625000042
1 0.37862510279805645 0.5398121759903489 0.014144993695509396 0.0219575581803114
1 0.21161095339786334 0.5321287736933094 0.01940823437499999 0.021076547002904712
1 0.1924375366766575 0.5375423264315055 0.02401360575722829 0.020724046875000023
1 0.23729859985549331 0.5283707195455852 0.014782326782011582 0.00530436401341392
2 0.7040564251924956 0.5553986837890287 0.009230041462858433 0.03462717095786285
2 0.6986964375 0.54672009375 0.017763468749999945 0.046382390625000006
1 0.52106175 0.5393186484375 0.007236968750000017 0.011842312499999962
1 0.6916474832511416 0.6078348880656324 0.1928135577844555 0.09248283351252926
1 0.022697765624999998 0.58422075 0.045395531249999996 0.08486990624999997
2 0.624024073190592 0.5353712109375 0.006908015625000038 0.010362023437499968
1 0.5321521736708431 0.5369219869343678 0.022697765624999987 0.020724046875000023
1 0.4477052031249999 0.5092194375 0.006579062499999999 0.010855453125000025
1 0.3096390316422411 0.5421383674944713 0.025987296875000017 0.0281254921875
1 0.60066840625 0.5664572812499999 0.09835698437499994 0.063159
1 0.0041119140625 0.5353712109375 0.008223828125 0.011842312499999962
1 0.18816118749999997 0.5442529453125 0.01940823437499999 0.004934296875000044
1 0.029652685265401758 0.5418563009284891 0.033412276434304514 0.011842312499999962
1 0.36850692748904085 0.5405778036019872 0.019816583453945866 0.014802890625000042
1 0.30987384128279605 0.525749330180847 0.022697765624999987 0.009868593749999998
1 0.5404699991778906 0.5373449148846093 0.019408234374999958 0.014802890625000042
1 0.3523558438864317 0.5373450706706332 0.022227765454460407 0.03094507026133808
2 0.7110869514820093 0.5541215736008511 0.011951879114585987 0.03437562458806749
1 0.06381690625 0.5412923671875001 0.025987296874999996 0.014802890625000042
1 0.11329136230042379 0.569023148783674 0.09283059398078265 0.09237007065867395
1 0.552970203125 0.5570821171875 0.08125142187500002 0.05970499218749996
1 0.277307484375 0.5442529453125001 0.026645203124999975 0.029112351562500027
2 0.9850413828125 0.718433625 0.029917234375000015 0.19342443749999996
1 0.5553386586509915 0.5387265432735127 0.06223792427599146 0.026151773437500036
1 0.3458792846223892 0.5411129643098892 0.027303109374999992 0.029112351562500027
1 0.47829784375 0.513166875 0.027303109374999992 0.011842312499999962
2 0.862844046875 0.6764921015625001 0.04868506250000001 0.1771412578125
2 0.06200789843105497 0.528956625 0.008223828124999999 0.01332267557362261
1 0.23676400370037723 0.5435127952300688 0.0408724263980479 0.024178054687499985
