1 0.37040121875000004 0.5536281093750001 0.05131668750000002 0.054277265625000036
2 0.437836609375 0.49836398437499996 0.007565921874999996 0.01578974999999998
1 0.46250809375 0.49836398437499996 0.013158124999999998 0.01578974999999998
1 0.43783660937499996 0.5240223281249999 0.018092421874999983 0.02565834374999998
1 0.49375864062499997 0.4889887314982646 0.02171090624999999 0.04391524218749998
1 0.4177704687499999 0.5279697656249999 0.027632062499999974 0.032566359374999986
2 0.41777046874999996 0.5082325781249999 0.007565921874999996 0.009868593749999998
1 0.09975503515625 0.675998671875 0.1995100703125 0.21908278125000002
1 0.4605344638142352 0.5023114218749999 0.016118703124999988 0.01578974999999998
1 0.2828996875 0.527969765625 0.018092421874999983 0.04835610937499997
1 0.43783660937499996 0.5166208828125 0.02171090624999999 0.02861892187499997
2 0.4434288125 0.49540340625 0.003947437499999987 0.006908015625000008
1 0.4671134375 0.4939231171874999 0.008552781249999994 0.01578974999999998
1 0.525338140625 0.5181011718749999 0.026645203124999975 0.032566359374999986
1 0.474679359375 0.4825741998353824 0.010526499999999987 0.011348882812499994
1 0.4524750456410588 0.5173609940384118 0.011513359374999983 0.019737187499999996
1 0.450007875 0.5181011718749999 0.007565921874999996 0.017270039062499975
1 0.279281203125 0.5980367812499999 0.09868593750000001 0.102633375
1 0.318097671875 0.5679375703125 0.06743539062500001 0.09276478125000001
1 0.47402145312499994 0.4855348124999999 0.010526499999999987 0.009868593749999998
1 0.5329040625 0.5240223281249999 0.027632062499999974 0.03996780468749996
1 0.495732359375 0.5181011718749999 0.026645203124999975 0.02861892187499997
1 0.688498890625 0.63751115625 0.157568546875 0.18799671093750003
1 0.281254921875 0.5422792265624999 0.011513359374999983 0.017270039062499975
1 0.468100296875 0.51514059375 0.01907928124999998 0.02861892187499997
1 0.56119403125 0.54672009375 0.052303546875000016 0.05674441406249997
1 0.6210634999999999 0.5240223281249999 0.054935171874999966 0.03552693749999998
1 0.4796136562499999 0.4909625390624999 0.010526499999999987 0.01578974999999998
1 0.5077391706410588 0.49959750308485285 0.005592203125000002 0.01578974999999998
