1 0.4659950252946743 0.5443022953861687 0.02986893427677521 0.044606001120488514
1 0.3434270625 0.5264894765625 0.02861892187500003 0.01578974999999998
1 0.4697450625 0.5434179246457527 0.02097709089350056 0.03677949924300172
1 0.37264907291651034 0.5142359646383182 0.0035088267545175357 0.0026316200658881963
1 0.5651414687499999 0.5105108926453944 0.007894874999999975 0.009868593749999998
1 0.6289583750000001 0.5205683203125 0.016118703125000047 0.026151773437500036
1 0.42434953124999997 0.5225420390624999 0.03388217187499999 0.021217476562499994
1 0.4756662187499999 0.6202411260687282 0.12875225549332747 0.1193112966612544
1 0.5865234218750001 0.5314237734375 0.022697765624999987 0.02516491406250001
2 0.34605868749999996 0.5319171833911672 0.006908015624999978 0.03108607031249999
1 0.554943921875 0.5134360407303614 0.017434515624999966 0.009868593749999998
1 0.56777309375 0.5452398046875 0.04407971874999994 0.04884953906250002
1 0.5646151399345214 0.5125747765446533 0.007894874999999975 0.009868593749999998
1 0.448363109375 0.5235288984375 0.017434515625000025 0.020230617187499966
1 0.556968252184718 0.5198092129562306 0.013487078124999977 0.009868593749999998
1 0.5463911406249998 0.5146471443286672 0.013816018094111489 0.011842312499999962
1 0.5710626249999999 0.512180015625 0.010526500000000046 0.009868593749999998
1 0.37698028125 0.5235288984375 0.03454007812500001 0.020230617187499966
1 0.554943921875 0.5250092134037911 0.01907932154478627 0.009868593749999998
1 0.35494042187499997 0.5225420390624999 0.019408234375000017 0.01578974999999998
1 0.4003359531250001 0.5235288984375 0.019408234375000017 0.020230617187499966
1 0.6057343001631712 0.5440556089608851 0.04079018750000003 0.050033793994756784
1 0.3256635937499999 0.5264894765625 0.03881646874999998 0.020230617187499966
1 0.47237668749999995 0.5161274531250001 0.011184406250000004 0.003947437500000017
1 0.5802733124999999 0.510206296875 0.025987296875000017 0.01282917187499999
1 0.513166875 0.5644836130724655 0.09539640625000002 0.1287851863668492
1 0.49836398437499996 0.7861979292791773 0.24539903125 0.3284597347833226
