1 0.600997359375 0.64935346875 0.22467498437500003 0.11792969531250001
2 0.713170375 0.5876747578125 0.016118703125000047 0.05575755468750003
2 0.8118563124999999 0.5723784375000001 0.00953964062499999 0.05885902209534315
1 0.024013578124999994 0.6523140468749999 0.03138213947391118 0.05082325781249999
2 0.752973703125 0.579286453125 0.011513359374999983 0.05674441406249997
1 0.36744064062500004 0.8028101015625 0.473363546875 0.35181536718750006
2 0.7901454062499998 0.5754376399814897 0.01394763302700343 0.060889254228005195
1 0.9498433392212002 0.6747650088318002 0.10031332155759962 0.35576292312009966
1 0.21908278125000002 0.6380045859375 0.0960543125 0.05019998618959391
1 0.592115625 0.8442905644531251 0.7187625781250001 0.31141887109374994
2 0.754947421875 0.6005039296875001 0.033224265625000034 0.09967279687500001
1 0.048849539062499996 0.8013298125 0.09769907812499999 0.18503613281250003
1 0.0969611659023614 0.6429388828125001 0.11546254687499999 0.058878144757777216
2 0.92304246875 0.5482003828125 0.008552781250000053 0.02565834374999998
