2 0.5355356874999999 0.6005039296875001 0.022697765624999987 0.14506832812499998
2 0.8585676562500001 0.656261484375 0.052303546875000016 0.227964515625
2 0.5639078877466088 0.6071652101148263 0.029605763157623362 0.1498792370472394
1 0.6200766406249999 0.5610295546875 0.23750415625000004 0.11546254687499999
2 0.6174450156250001 0.6192542578125 0.035197984375000026 0.15246977343749996
2 0.534548828125 0.5250091874999999 0.01907928124999998 0.041448093749999956
2 0.40362548437499995 0.5950762031250001 0.034211124999999974 0.1337194453125
4 0.5917866718750001 0.59803678125 0.05032982812500002 0.12977200781249998
2 0.8299487343749999 0.5595492656250001 0.022697765624999987 0.09671221875000002
2 0.381914578125 0.604944796875 0.01907928124999998 0.12681142968749998
2 0.5565886875 0.6320834296874999 0.052303546875000016 0.17911497656249997
