1 0.596392015625 0.5176077421875 0.02203985937500003 0.012335742187500021
2 0.6024773700602221 0.5106997265625 0.005920599495444042 0.007401445312499977
1 0.7406927035100587 0.577312734375 0.08289618749999998 0.09473849999999998
2 0.8091368258574108 0.5097787634194418 0.006908015625000038 0.018750328124999972
2 0.798014986519519 0.5136603046875 0.006908015625000038 0.011466965430993703
1 0.596392015625 0.5314237734375 0.01644765625000003 0.023684625000000015
1 0.500337703125 0.6631694999999999 0.22039859375000007 0.33158474999999993
1 0.6431033593750002 0.571391578125 0.09539640625000002 0.12878514843750005
1 0.5017012376610543 0.4694305904477038 0.17763468749999997 0.08980420312500001
1 0.406915015625 0.5240223281249999 0.025329390625 0.03404664843749998
1 0.8312645468750001 0.5931024843749999 0.15134371256620452 0.15193843115069328
1 0.9209466912514339 0.6718318922090101 0.15810661749713203 0.18108869531250002
