1 0.44704729687499994 0.5324106328125 0.046053437499999995 0.04884953906250002
1 0.28355759375 0.45938303906249994 0.01546079687499997 0.012335742187500021
1 0.39605956249999996 0.5156340234375 0.03157950000000002 0.03996780468749996
1 0.24276740624999998 0.45592903125 0.012171265625000002 0.010855453125000025
1 0.42434953124999997 0.5309303437499999 0.03256635937500001 0.041448093749999956
1 0.8164616562500001 0.691788421875 0.28586026562500005 0.322703015625
1 0.369414359375 0.5126734453124999 0.017434515625000025 0.029112351562500027
1 0.25000437499999995 0.48208080468750014 0.016447656249999998 0.018256898437500002
1 0.23832361754667292 0.45765944359138155 0.00575570584889098 0.012335742187500021
1 0.358229953125 0.508232578125 0.02236881250000001 0.024671484375000042
1 0.33158474999999993 0.472705640625 0.014144984374999996 0.018256898437500002
1 0.33783485937499996 0.49293625781249994 0.017434515625000025 0.023191195312499958
2 0.34013753125 0.4613567578125 0.003947437499999987 0.011348882812499994
1 0.53356196875 0.5432660859375 0.07861979687500001 0.08240275781250003
1 0.2539518125 0.49589683593749995 0.02236881250000001 0.010855453125000025
1 0.2631625 0.4899756796875 0.015460796875 0.013816031250000017
1 0.27039946875 0.45938303906249994 0.011184406250000004 0.012335742187500021
1 0.5641546093750001 0.5570821171875 0.07039596875000005 0.07944217968749996
1 0.256254484375 0.45592903125 0.015460796875 0.013816031250000017
1 0.4947455 0.5403055078125 0.055264125000000004 0.06414585937500003
1 0.255267625 0.5316690275233364 0.04950257611945486 0.07056044531249998
1 0.6368532499999998 0.5708981484375 0.11118615624999997 0.1238508515625
1 0.3279583033221615 0.46826989206075337 0.012171265625000002 0.01529632031250001
1 0.30296582812499995 0.46382390625000003 0.014144984374999996 0.012335742187500021
1 0.34375601562499997 0.5018179921875 0.021381953125000012 0.024671484375000042
1 0.380598765625 0.5126734453124999 0.023355671875000004 0.033553218750000016
1 0.29704467187499994 0.45938303906249994 0.014144984374999996 0.01529632031250001
1 0.40527025 0.51908803125 0.033553218750000016 0.036513796875000004
1 0.264149359375 0.45938303906249994 0.010197546875000008 0.010855453125000025
