1 0.19465801171875 0.7505065546874999 0.3893160234375 0.24523455468749997
2 0.714157234375 0.5871045701638339 0.015702031398666112 0.05490227321450085
2 0.8120840233517302 0.5723784375 0.009919214886634838 0.057883136847404607
1 0.024013578124999997 0.6523140468749999 0.030592640625 0.05082325781249999
2 0.754947421875 0.5778061640625 0.01395601078943803 0.058949097845252305
1 0.0228622421875 0.916578013671875 0.045724484375 0.16684397265625
2 0.79014540625 0.5778061640625001 0.015131843749999992 0.05575755468750003
1 0.9494733255345362 0.6740249531250001 0.10105334893092746 0.3578598751233266
1 0.218095921875 0.62961628125 0.09276478125000001 0.03454007812500004
1 0.592115625 0.8445372671673553 0.7223810948453859 0.31092546566528945
2 0.7674476406250001 0.60198421875 0.027632062500000033 0.08980420312500001
1 0.0960543125 0.6435309333047812 0.115462546875 0.060987876808640616
2 0.9240293281249999 0.5482003828125 0.008552781250000053 0.032566359374999986
