1 0.41777046874999996 0.46925163281250004 0.026645203124999975 0.03750065625000003
1 0.457573796875 0.45395531250000004 0.01578975000000001 0.01924375781250003
1 0.446389390625 0.47467935937500005 0.010197546875000008 0.020724046875000023
1 0.839488375 0.47023849218749997 0.14671309374999997 0.0873370546875
1 0.542443703125 0.4662910546875 0.011842312499999962 0.036020367187500034
1 0.45198159375 0.4771465078125 0.005592203125000002 0.01924375781250003
1 0.5490227656250001 0.46777134374999996 0.011842312499999962 0.03750065625000003
1 0.535864640625 0.46777134374999996 0.01578974999999995 0.03157949999999996
1 0.4934296875 0.40263862499999997 0.01842137500000002 0.02368462499999997
1 0.57303634375 0.4633304765625 0.04605343750000005 0.04835610937499997
1 0.47237668749999995 0.4080663515625 0.007236968750000017 0.010855453125000025
1 0.5276408125 0.47023849218749997 0.00921068750000001 0.02220433593750002
1 0.47237668749999995 0.423362671875 0.007236968750000017 0.013816031250000017
1 0.5644835625 0.45790274999999986 0.03684275000000004 0.06069185156249999
1 0.5065878125 0.4179349453125 0.010197546875000008 0.013816031250000017
1 0.033224265625 0.5092194375 0.05822470312499999 0.08980420312500001
2 0.390467359375 0.46678448437500003 0.015131843749999992 0.06710643750000003
1 0.505600953125 0.4041189140625 0.011184406250000004 0.016776609375000008
1 0.5240223281249999 0.44951444531250007 0.014802890625000013 0.01529632031250001
1 0.52303546875 0.47171878125000005 0.006579062499999999 0.017763468750000032
1 0.5250091875 0.45790274999999997 0.01578975000000001 0.01924375781250003
1 0.466784484375 0.4302706875 0.012829171875000019 0.016776609375000008
1 0.09547864453125 0.6182673984375 0.1909572890625 0.18552956250000002
1 0.44013928124999996 0.47171878125000005 0.007236968750000017 0.023684625000000015
1 0.182568984375 0.4884953906250001 0.16151598437499998 0.08289618750000001
1 0.8947525 0.44013928125 0.08585676562500003 0.07894874999999998
1 0.459547515625 0.44803415625 0.012829171875000019 0.013816031250000017
1 0.46119228125 0.44408671875000005 0.012829171875000019 0.01529632031250001
1 0.43356021875 0.47319907031249997 0.011842312500000023 0.026151773437500036
1 0.395730609375 0.47319907031249997 0.03322426562499998 0.03996780468749996
1 0.50000875 0.3705656953125 0.00921068750000001 0.005427726562500013
1 0.0802645625 0.5023114218749999 0.045066578125 0.06069185156249999
1 0.3615194843749999 0.47319907031249997 0.040461234374999995 0.03996780468749996
