1 0.765802875 0.5565886874999999 0.016776609375000008 0.016776609375000008
1 0.7592238125000002 0.5368514999999999 0.027303109375000054 0.0281254921875
1 0.960872078125 0.545733234375 0.035197984375000026 0.01578974999999998
1 0.6967227187499998 0.5195814609375 0.013158124999999998 0.008881734374999973
1 0.806922015625 0.525996046875 0.04868506250000001 0.026151773437500036
1 0.7227100156249999 0.531917203125 0.03454007812499995 0.02171090624999996
1 0.07228744921875 0.6093856640625 0.1445748984375 0.08289618750000001
1 0.9615299843749999 0.539812078125 0.035197984375000026 0.02516491406250001
1 0.9460691874999999 0.55066753125 0.005921156249999981 0.006908015625000008
1 0.7177757187499999 0.5718850078125 0.11315987499999997 0.07302759375000001
1 0.231583 0.6005039296875 0.189477 0.08092246875000005
1 0.89672621875 0.5368514999999999 0.027303109375000054 0.016776609375000008
