1 0.7342233749999998 0.7273153593749999 0.11480464062499998 0.15098948437499998
1 0.673367046875 0.7544539921875 0.01907928124999998 0.05970499218749996
1 0.5506675312499999 0.7500131250000001 0.03980332812500003 0.05131668750000005
2 0.8006719062500001 0.7307693671875 0.026645203124999975 0.11052824999999995
1 0.523364421875 0.7386642421875 0.03618484375000002 0.07549474218750003
1 0.431257546875 0.717446765625 0.09868593749999999 0.135199734375
1 0.35329565625000003 0.72435478125 0.10723871874999998 0.16776609374999998
1 0.19671396875000002 0.7460656875 0.251649140625 0.30049867968749994
1 0.08264947265624999 0.7468382011718749 0.16529894531249997 0.5063235976562501
1 0.91045126171875 0.8615606035156251 0.17909747656250008 0.27687879296875
1 0.49112701562499994 0.727315359375 0.04473762500000002 0.10115308593750001
