1 0.6054382162826377 0.5163742450677168 0.008223828124999954 0.011842343339586758
2 0.641787546875 0.6424454531249999 0.04407971875000006 0.10707424218749999
1 0.07960665624999999 0.5580689765625 0.15881851532737143 0.06424456820791224
1 0.704946546875 0.5126734453124999 0.052303546875000016 0.0379940859375
1 0.5776888518249922 0.5156331255750413 0.033553218750000016 0.016283179687500038
1 0.7384997656250001 0.54277265625 0.135199734375 0.07401445312500003
1 0.4592185624999999 0.5126734453124999 0.020066140624999975 0.02565834374999998
1 0.5491543329273317 0.5120811832369829 0.02532939062499994 0.013519952515997602
1 0.391783171875 0.5383317890624999 0.033553218750000016 0.04095466406249999
1 0.516127453125 0.520074890625 0.012500218749999981 0.016283179687500038
1 0.279939109375 0.5753390156249999 0.10789662500000002 0.11743626562499995
1 0.307571171875 0.520074890625 0.030263687499999983 0.023684625000000015
1 0.375335515625 0.520074890625 0.040461234374999995 0.016283179687500038
1 0.17105562500000002 0.5324106328125 0.06315899999999998 0.05329040625000001
1 0.8981977578125 0.5642368587583254 0.20360448437500006 0.1157092802222091
