1 0.9119050723185498 0.5235289417893181 0.024013578125000025 0.010855453125000025
1 0.2223723125 0.5097128671875 0.025329390625 0.019737187499999996
1 0.371388078125 0.5225420390624999 0.03519798437499997 0.01282917187499999
1 0.8816766335329584 0.525996046875 0.03264861790795841 0.024178054687499985
1 0.40592815625 0.5916221953124999 0.15954226562499998 0.09276478125000001
1 0.141778796875 0.5077391484375 0.026645203124999992 0.019737187499999996
1 0.189477 0.557575546875 0.07861979687500001 0.07302759375000001
1 0.0460534375 0.545733234375 0.087172578125 0.07401445312500003
1 0.903634234375 0.537838359375 0.06710643750000003 0.024178054687499985
1 0.012582444422031684 0.5266539783434366 0.025164888844063368 0.025822921186246538
1 0.273360046875 0.5664572812499999 0.10098860937500002 0.06562614843750003
1 0.5875102812499999 0.526785553717289 0.04111914062500001 0.019737187499999996
1 0.4468828100323122 0.5105763737667095 0.011842312500000023 0.01097881825701581
1 0.87031898046875 0.6814263984375001 0.2593620390625 0.2546097187500001
1 0.9513324375000001 0.531917203125 0.04243495312500004 0.01282917187499999
1 0.2698512041298542 0.5097128671875 0.029496139620145783 0.019737187499999996
1 0.94146384375 0.5225420390624999 0.03256635937499996 0.01578974999999998
1 0.34408496874999994 0.5116865859375 0.046053437499999995 0.02171090624999996
1 0.0018092421875 0.557575546875 0.003618484375 0.036020367187500034
1 0.8586773245918952 0.545733234375 0.07171178124999997 0.03108607031249999
1 0.489811203125 0.5738587265625 0.17105562500000004 0.10658081250000002
1 0.197700828125 0.539812078125 0.06908015625 0.045888960937500035
1 0.35461146875 0.5146471640625 0.008552781249999994 0.010855453125000025
1 0.24079368749999996 0.5097128671875 0.03633436297690495 0.019737187499999996
1 0.176318875 0.5097128671875 0.025329390625 0.01282917187499999
1 0.13717365706268153 0.6029713075548916 0.19802983223442042 0.16431216241413055
