1 0.46974686243631986 0.5225420390624999 0.007894874999999975 0.009868593749999998
1 0.460534375 0.5205683203125 0.007894874999999975 0.009868593749999998
1 0.47435040625 0.5205683203125 0.004605343750000005 0.009868593749999998
1 0.014391699218749998 0.5664572812499999 0.028783398437499996 0.07302759375000001
1 0.058553656249999995 0.5758324453125 0.10164651562499999 0.08388304687500003
1 0.5085616348603914 0.5215552832978914 0.01710559703679711 0.009868593749999998
1 0.447705203125 0.5250091875 0.011184406250000004 0.004934296875000044
1 0.471060875 0.5156340234375 0.007236968750000017 0.004934296875000044
1 0.500995609375 0.5156340234375 0.007894874999999975 0.009868593749999998
1 0.4815874440735943 0.5255026689926956 0.011184406250000004 0.013816031250000017
1 0.487837484375 0.5185946015624999 0.006579062499999999 0.007894875000000034
1 0.445731484375 0.5388252187500001 0.02861892187499997 0.029112351562500027
1 0.30197896875 0.5728718671875 0.058553656249999975 0.054770695312500006
1 0.523693375 0.5185946015624999 0.006579062499999999 0.006908015625000008
1 0.509548390625 0.6133331015625 0.09769907812500005 0.11792969531250001
1 0.5108642031249999 0.541785796875 0.04671134374999995 0.03404664843749998
