1 0.278623296875 0.5116865859375 0.08947525 0.056250984375
1 0.21217476562499998 0.5106997265625001 0.06250109374999999 0.026151773437500036
2 0.7125124687500001 0.4682647734375 0.010197546874999948 0.027632062500000033
1 0.036513796875 0.5358646406249999 0.071053875 0.02171090624999996
1 0.6792882031249999 0.528956625 0.11908103125000007 0.08338961718749997
1 0.05197459375 0.4899756796875 0.033553218749999995 0.014802890625000042
1 0.418428375 0.478626796875 0.025987296875000017 0.005921156249999981
1 0.154279015625 0.5324106328125 0.188490140625 0.06414585937500003
1 0.004276390625 0.4934296875000001 0.00855278125 0.014802890625000042
1 0.049671921875000004 0.516127453125 0.054935171874999994 0.033059789062499956
1 0.29539990625 0.48750853124999993 0.020724046874999996 0.006908015625000008
1 0.0070724921875 0.5264894765625 0.014144984375 0.006908015625000008
1 0.102304421875 0.492442828125 0.004605343750000005 0.0034540078124999595
1 0.38092771875 0.484547953125 0.025987296875000017 0.01282917187499999
1 0.07138361739150537 0.49860987048891936 0.03009950033521863 0.013322680489150506
1 0.49145596875 0.472705640625 0.031908453125 0.010362023437499968
2 0.7509999843749999 0.452968453125 0.007565921874999996 0.01578974999999998
1 0.3421112500000001 0.5141537343749999 0.06644853125000001 0.06069185156249999
1 0.48257423437499997 0.4968836953125 0.07006701562500002 0.03898094531250003
1 0.259544015625 0.4934296875000001 0.032895312499999996 0.018256898437500002
1 0.116120453125 0.492442828125 0.026645203125000006 0.010362023437499968
1 0.1855295625 0.4968836953125 0.05888260937500001 0.02516491406250001
1 0.09835698437499998 0.5106997265625001 0.06118528125 0.04342181250000001
1 0.8128431718749999 0.61580025 0.26184668749999995 0.21760249218750002
1 0.31908453124999997 0.492442828125 0.04736925000000003 0.017270039062499975
1 0.05329040625 0.4968836953124999 0.032895312499999996 0.010362023437499968
1 0.928954875 0.5176077421875 0.14209025000000003 0.11447568749999996
1 0.43586289062500005 0.5220486093749999 0.1381603125 0.08338961718749997
1 0.8006719062500001 0.4810939453125 0.12829171874999995 0.06661300781249997
1 0.23585939062500003 0.5679375703125 0.13125229687500004 0.08931077343750005
1 0.071053875 0.4968836953125001 0.030592640624999994 0.014802890625000042
1 0.15954226562499998 0.5003377031249999 0.06250109375 0.017270039062499975
1 0.1381603125 0.4909625390625 0.03519798437500001 0.013816031250000017
1 0.73356546875 0.4830676640624999 0.04901401562499998 0.041448093749999956
1 0.876331125 0.4899756796875 0.04440867187500004 0.03898094531250003
1 0.621392453125 0.4968836953124999 0.131252296875 0.09177792187499997
1 0.7802768125 0.5264894765625 0.11447568749999999 0.08240275781250003
2 0.7592238125 0.45395531250000004 0.008223828124999954 0.022697765624999987
1 0.9855435624999999 0.4682647734375001 0.02828996874999999 0.054770695312500006
1 0.20066140625 0.5037917109375 0.074672359375 0.03898094531250003
