1 0.30000525 0.5072457187499999 0.03125054687499998 0.016283179687500038
1 0.39605956249999996 0.5028048515625 0.008881734374999973 0.008881734374999973
1 0.744749875 0.5333974921874999 0.02236881250000001 0.04687582031249997
1 0.6381690624999999 0.567444140625 0.07533026562499998 0.09967279687500001
1 0.51514059375 0.5028048515625 0.010855453125000025 0.016283179687500038
1 0.799685046875 0.5407989375 0.12598904687499998 0.08635019531249996
1 0.6059316562500001 0.5028048515625 0.061514234375000025 0.036513796875000004
1 0.278623296875 0.525996046875 0.037171703125000025 0.036513796875000004
1 0.51908803125 0.5116865859375 0.003947437499999987 0.013322601562499958
1 0.457573796875 0.4968836953124999 0.008881734374999973 0.010362023437499968
1 0.37040121875 0.516127453125 0.02236881250000001 0.03059264062500002
1 0.3039526875 0.5116865859375 0.02236881250000001 0.020724046875000023
1 0.673367046875 0.5876747578125 0.10164651562499998 0.11891655468749995
1 0.48290318749999994 0.49540340625 0.006908015624999978 0.007401445312499977
1 0.39408584375 0.5116865859375 0.016776609375000008 0.020724046875000023
1 0.5850429551316155 0.5028048515625 0.013322779243384512 0.016283179687500038
1 0.5171143125 0.5102062968750001 0.006908015624999978 0.016283179687500038
1 0.4585606562499999 0.492442828125 0.006908015624999978 0.007401445312499977
1 0.405599203125 0.5028048515624999 0.008881734374999973 0.013322601562499958
1 0.5092194375 0.4998442734374999 0.006908015624999978 0.010362023437499968
1 0.41349407812499994 0.5072457187499999 0.004934296874999984 0.016283179687500038
1 0.33915067187500003 0.5333974921875 0.04013228125000001 0.03947437499999999
1 0.5309299883882308 0.5139067530099233 0.023848923881615452 0.032072929687500015
1 0.5611940312500001 0.5057654296875 0.016776609375000008 0.020724046875000023
1 0.206253609375 0.525996046875 0.054606218749999984 0.029112351562500027
1 0.437836609375 0.5028048515625 0.010855453125000025 0.016283179687500038
1 0.4477052031249999 0.5028048515624999 0.004934296874999984 0.013322601562499958
1 0.42336267187500004 0.5116865859375 0.019408234375000017 0.02220433593750002
1 0.23947787499999998 0.5245157578125 0.03717170312499999 0.024671484375000042
1 0.681261921875 0.5190880312500001 0.045066578125 0.0379940859375
1 0.520074890625 0.5146471640625 0.003947437499999987 0.013322601562499958
1 0.11447568749999998 0.5393186484375001 0.06447481249999999 0.03503350781250001
1 0.01381603125 0.5452398046875 0.027303109375000002 0.063159
1 0.5671151875 0.5102062968750001 0.021381953124999954 0.01924375781250003
1 0.5845497031250001 0.5407989375 0.05000087500000004 0.05575755468750003
1 0.6579062500000001 0.5190880312499999 0.008881734375000032 0.007401445312499977
1 0.292439328125 0.5146471640625 0.024342531250000004 0.020724046875000023
1 0.622708265625 0.5116865859375 0.05361935937500005 0.033553218750000016
1 0.255267625 0.51908803125 0.025329390625000028 0.016283179687500038
1 0.3842172499999999 0.5116865859375 0.008881734374999973 0.016283179687500038
1 0.7233679218750001 0.528956625 0.061514234375000025 0.063159
1 0.489811203125 0.520074890625 0.037171703125000025 0.04687582031249997
1 0.49277178124999993 0.49540340625 0.006908015624999978 0.007401445312499977
1 0.35494042187499997 0.5758324453125 0.08322514062500001 0.09227135156250003
