2 0.6404717902833337 0.5314237734375 0.01578974999999995 0.03404664843749998
1 0.944424421875 0.5240223281249999 0.030263687499999983 0.023684625000000015
1 0.372703890625 0.5363580703125 0.024013578125000025 0.01529632031250001
1 0.44958079271826307 0.5213577474386824 0.007565921874999996 0.003947437500000017
1 0.41390538299511603 0.5300669231948658 0.008881734374999973 0.013322601562499958
1 0.547706953125 0.545733234375 0.020724046874999996 0.033059789062500046
1 0.52566709375 0.5240223281249999 0.021381953125000012 0.013322601562499958
1 0.5338909218750001 0.525996046875 0.021381953125000012 0.008388304687500004
1 0.42500743750000003 0.5324106328125 0.01578975000000001 0.016283179687500038
1 0.44902101562499996 0.52698290625 0.012500218749999981 0.012335742187500021
1 0.716131313273449 0.5340554784704887 0.027083660564520783 0.023355631858505622
1 0.500995609375 0.662182640625 0.12829171874999995 0.16381865624999997
1 0.566255164840045 0.5256543479253355 0.021078252598713595 0.015372221539010055
1 0.8631729720458331 0.5420324488218746 0.030921649658333668 0.0379940859375
1 0.42884575983955703 0.5268182689231329 0.011038169135696189 0.015405949918917727
1 0.406915015625 0.5314237734375 0.012500218749999981 0.013322601562499958
1 0.6499020190281279 0.5317526799725323 0.07138282812499999 0.033059789062499956
1 0.45987646875 0.522048609375 0.008223828125000015 0.008388304687500004
1 0.487837484375 0.5383317890624999 0.030263687499999983 0.023684625000000015
1 0.4315865 0.525996046875 0.010855453125000025 0.013322601562499958
1 0.50724571875 0.5787930234374999 0.09868593750000004 0.11546254687499999
1 0.38849364062499997 0.5314237734375 0.01578975000000001 0.019737187499999996
1 0.40000699999999995 0.525996046875 0.012500218749999981 0.012335742187500021
1 0.5133315332645847 0.5225420809937503 0.011677766052082875 0.012829129943749695
1 0.3986911875 0.5343843515625 0.015131843749999992 0.01529632031250001
1 0.8756732187500001 0.5146471640625 0.008881734375000032 0.003947437500000017
1 0.4144809375 0.5240223281249999 0.012500218749999981 0.008388304687500004
1 0.48882434375 0.5324106328125 0.03552693750000001 0.027632062500000033
1 0.893765640625 0.7618554375 0.20724046875000007 0.26151773437500003
1 0.634221625 0.59408934375 0.08980420312500001 0.09177792187499997
1 0.9128449218749999 0.5240223281249999 0.032237406249999975 0.03108607031249999
