1 0.42897017597791925 0.5551083984374999 0.010840152147080732 0.010362023437499968
1 0.4585606562500001 0.5817536015625 0.09046210937500003 0.04342181250000001
1 0.43434105544368923 0.5477069531249998 0.01578975000000001 0.011996829510983086
1 0.8512082070487474 0.6434323125000001 0.168752953125 0.11940998437500001
1 0.4426480950458835 0.547706953125 0.008162422522941764 0.010454131840587345
1 0.44145509374999997 0.5649769921875001 0.026645203124999975 0.023684625000000015
1 0.5134958281249999 0.5486938125 0.01644765625000003 0.012335742187500021
1 0.497048171875 0.5447463749999999 0.008223828125000015 0.010362023437499968
1 0.339808578125 0.575339015625 0.039803328124999975 0.04243495312499999
1 0.470074015625 0.5525665533636233 0.012121467867415466 0.013631635584466206
1 0.359545765625 0.5674441406249999 0.025329390625 0.03404664843749998
1 0.424020578125 0.5621260580378682 0.008954830358578825 0.023026697551104824
1 0.4028352291730836 0.54672009375 0.01842137500000002 0.010362023437499968
1 0.4092176875 0.5639901328125 0.014473937499999975 0.03404664843749998
1 0.5806022656250001 0.549680671875 0.027303109375000054 0.014309460937499985
1 0.7062623593749999 0.6901470041025357 0.15615201094009581 0.17878267558496405
1 0.37518368347594255 0.5624719105096723 0.016143991951885126 0.02414012144717228
1 0.45560007812500003 0.5600428137462841 0.01710561513723737 0.016530141268300103
1 0.8727678457347239 0.8142648771892977 0.25446430853055246 0.3714702456214045
1 0.12006789062499999 0.569417859375 0.10098860937500002 0.04736925000000003
1 0.47762001839696616 0.8105504595515169 0.25395181250000004 0.31826214843750006
1 0.8917721189681477 0.5534440610224008 0.21645576206370454 0.19564852204371297
1 0.470074015625 0.5570522385329493 0.008449769909344576 0.017843289124606265
1 0.41634500520833334 0.5620164140624999 0.011951963541666662 0.02532939062499997
1 0.5356454193184725 0.5630032306733087 0.026645231634460902 0.025822727656752066
1 0.4856228320103852 0.6183994277030779 0.14539728124999993 0.08770880701154189
1 0.39260558758577335 0.5704047187499999 0.03322427878430935 0.04218828762865998
1 0.45987646875 0.5560952578125 0.012500218749999981 0.012335742187500021
1 0.034211125 0.5600426953125 0.06381690625 0.045395531249999975
1 0.7452525348383436 0.6123462421875 0.08092246874999999 0.04699225512124219
1 0.18256898437499997 0.5477069531250001 0.02598729687499999 0.012335742187500021
1 0.5141191373620244 0.5583806311810122 0.014439340487024428 0.01698440257915248
1 0.611523859375 0.6404717343749999 0.09042969062338872 0.095725359375
1 0.516755458636951 0.545733234375 0.007565921874999996 0.007356594205426603
1 0.7750135625 0.5847141796875001 0.03289531250000006 0.020724046875000023
1 0.492113875 0.5590558359375001 0.02894787500000001 0.023684625000000015
1 0.02590505859375 0.5713445914004253 0.0518101171875 0.04736925000000003
1 0.460534375 0.5551882188121062 0.01842137500000002 0.019787129220055634
1 0.5268184000002673 0.5486938031250844 0.007565915625056263 0.011348873437584395
1 0.45539718334423346 0.5460123897424154 0.005592203125000002 0.00900637273143241
