1 0.23322776562499997 0.5625098190804891 0.04671134374999998 0.04934301808902166
1 0.15855540625 0.5600426953125 0.05065878125 0.05608632589788769
1 0.0092106875 0.5230354687500001 0.018421375 0.0379940859375
1 0.2842155 0.5600426953125 0.055593078125000014 0.05674441406249997
1 0.19638501562500002 0.5551083984374999 0.043264472467824965 0.05329040625000001
1 0.00304281640625 0.5013245625 0.0060856328125 0.006414585937500039
1 0.2543194803451537 0.545733234375 0.025987296875000017 0.024119982607269375
1 0.64737975 0.6360308671875 0.23816206249999994 0.12138370312499998
1 0.9311753085937499 0.905599203125 0.13764938281250008 0.18880159375000005
1 0.98841315234375 0.6064250859375 0.023173695312499968 0.04243495312499999
