2 0.6969420383747459 0.5128378718819738 0.006908015625000038 0.03404664843749998
1 0.27138632812499996 0.54277265625 0.058553656249999975 0.05181011718750002
1 0.8181361224811087 0.5607812487398512 0.1488489554434486 0.06932209778205393
1 0.37105912500000005 0.5195814609375 0.03454007812500001 0.03059264062500002
1 0.48449423536952324 0.50329828125 0.004166156548935144 0.006249234823402716
1 0.407901875 0.512180015625 0.01907928124999998 0.016776609375000008
1 0.38717782812499996 0.5649769921874999 0.17237143749999995 0.085856765625
4 0.024671484375 0.5610295546875002 0.0486850625 0.07401445312500003
1 0.46053521737832936 0.5044486344127824 0.011184406250000004 0.01282917187499999
1 0.318755578125 0.5245157578125 0.025987296875000017 0.016776609375000008
2 0.6842225 0.5126734453124999 0.010197546874999948 0.017270039062499975
