1 0.360532625 0.5699112890625 0.05329040625000001 0.059211562499999995
2 0.5296145312499999 0.5447463750000001 0.010855453125000025 0.04046123437500002
2 0.21118790625 0.5353712109375 0.0062501093749999905 0.013322601562499958
1 0.170068765625 0.589155046875 0.09375164062500001 0.09917936718749995
2 0.5592203125 0.555601828125 0.013487078124999977 0.059211562499999995
1 0.20987209374999996 0.5615229843749999 0.02500043749999999 0.05230354687499998
1 0.39737537500000003 0.5432660859375 0.03486903124999999 0.03996780468749996
1 0.27445707918887324 0.6648147129654627 0.15614289694147387 0.16974031575802062
1 0.268754703125 0.5585624062499999 0.049671921874999976 0.04391524218749998
1 0.30165001562500005 0.5546149687499999 0.010197546875000008 0.02220433593750002
1 0.029605781249999998 0.602971078125 0.059211562499999995 0.09128449218750001
1 0.511522109375 0.5491872421874999 0.011184406250000004 0.017763468750000032
1 0.32105825 0.5462266640625 0.03322426562499998 0.03848751562499997
1 0.435204984375 0.5630032734375 0.04243495312499999 0.05082325781249999
1 0.012829171875 0.6207345468749998 0.02565834375 0.12829171874999998
1 0.264149359375 0.5407989375 0.03684274999999999 0.03157949999999996
