1 0.471389828125 0.757940369140625 0.5490227656250002 0.4841192617187501
1 0.758236953125 0.6212279765624998 0.10230442187500005 0.1564172109375
1 0.944753375 0.45938303906249994 0.05361935937500005 0.07352102343749997
2 0.298360484375 0.6389914453125 0.069409109375 0.257570296875
2 0.9838987968749999 0.49540340625 0.03125054687500004 0.049836398437499964
1 0.8569228906249999 0.4539553125000001 0.010197546874999948 0.012335742187500021
1 0.907910625 0.46333047656250004 0.011184406250000004 0.020724046875000023
1 0.839488375 0.447047296875 0.01578974999999995 0.020724046875000023
1 0.95856940625 0.492442828125 0.019408234374999958 0.03996780468749996
1 0.8414620937499999 0.45395531250000004 0.013816031249999956 0.013816031250000017
1 0.7904743593749999 0.5866878984375 0.08848839062499998 0.11052824999999995
1 0.8885023906249998 0.45099473437499993 0.032237406249999975 0.05970499218749996
1 0.84409371875 0.47023849218749997 0.004605343749999946 0.016776609375000008
1 0.893107734375 0.48010708593750007 0.025000437499999962 0.029112351562500027
1 0.8276460625000001 0.47467935937500005 0.035197984375000026 0.023684625000000015
1 0.5829049375 0.5106997265625 0.01578974999999995 0.03059264062500002
1 0.8236986249999999 0.4939231171875 0.039803328124999975 0.03996780468749996
1 0.622708265625 0.48849539062499997 0.07204073437499996 0.05970499218749996
1 0.9171213125000001 0.47467935937499994 0.011184406250000004 0.03059264062500002
1 0.8414620937499999 0.46086332812499997 0.013816031249999956 0.016776609375000008
1 0.838501515625 0.47467935937500005 0.014802890625000013 0.029112351562500027
2 0.9325821093750001 0.4781333671875 0.016118703125000047 0.041448093749999956
2 0.7312627968750001 0.4840545234375 0.018092421875000042 0.049836398437499964
