2 0.49014015624999996 0.5595492656250001 0.018092421874999983 0.08338961718749997
2 0.22401707812500002 0.5837273203125 0.03585589062500002 0.13470630468750003
2 0.562180890625 0.610865953125 0.05131668749999996 0.14852233593749994
2 0.30155596477267455 0.6248229521012829 0.03782960937499998 0.11743626562499995
2 0.45428426562499996 0.5960630625000001 0.020724046874999996 0.12138370312499998
2 0.8255629576992338 0.5353712109375 0.009868593749999969 0.014802890625000042
1 0.227964515625 0.5664572812499999 0.05789575000000002 0.06118528125000004
1 0.9635472011660563 0.5324106328125 0.013383770817816772 0.017270039062499975
2 0.020724046874999996 0.6069185156249999 0.024342531249999997 0.08338961718749997
2 0.13936635114671042 0.660866632393976 0.05153588979888971 0.21562877343749998
1 0.40066490624999995 0.553628109375 0.08750153124999999 0.06414585937500003
1 0.05666217578125 0.579286453125 0.1133243515625 0.06414585937500003
1 0.7000122500000001 0.5365754119708719 0.050788009990046255 0.03549168967754621
2 0.07006701562499999 0.6636629296875001 0.07006701562499999 0.2210565
2 0.28882084375 0.5407989375 0.00625010937500002 0.00937516406250003
1 0.49855836208670995 0.5535271778150325 0.07401445312499995 0.06374213313512982
1 0.11480464062499998 0.5778061640625001 0.03125054687499999 0.05674441406249997
1 0.9853703359374999 0.5253948095347841 0.029259328125000057 0.027138632812499973
