2 0.6164581562499999 0.4810939453125 0.007565921874999996 0.02565834374999998
1 0.771395078125 0.481587375 0.026645203124999975 0.026151773437500036
1 0.505600953125 0.5560952578124999 0.06381690624999994 0.041448093749999956
1 0.7480394062500001 0.48010708593749996 0.027632062500000033 0.02220433593750002
1 0.278623296875 0.5161274531250001 0.04120509811261466 0.029112351562500027
1 0.48619271875 0.4840545234375 0.012829171875000019 0.012335742187500021
1 0.30822907812499994 0.5353712109375 0.0618431875 0.05279697656249995
2 0.5240228334940309 0.46382390625000003 0.006973882055354608 0.013125002271436158
1 0.792448078125 0.447047296875 0.013816031249999956 0.012335742187500021
1 0.23716215097008692 0.520074890625 0.042434953125000015 0.037510445366184794
1 0.6144844375 0.5215551796875 0.05065878125 0.03898094531250003
1 0.4171125625 0.4868302853911154 0.030633841232820556 0.0099303946617308
2 0.7171178125 0.5521478203125 0.017105562499999987 0.06266557031249995
1 0.82830396875 0.5452398046875 0.12927857812500002 0.05378383593749998
1 0.8246854843749999 0.4554356015625 0.014802890625000013 0.02220433593750002
1 0.72040734375 0.5092194375 0.04243495312500004 0.036020367187500034
1 0.36781623186588963 0.6492822684192792 0.265134008693313 0.24177971810374244
1 0.73159175 0.47319907031249997 0.02203985937500003 0.023684625000000015
1 0.5940893437500001 0.5491872421874999 0.04243495312500004 0.04835610937499997
1 0.7858690156249999 0.4633304765625 0.017434515624999966 0.02220433593750002
1 0.50000875 0.5092194375 0.017434515625000025 0.06069185156249999
1 0.3945461271427677 0.49303475551332576 0.0432241896427677 0.020724046875000023
1 0.8200801406249999 0.5245157578125 0.08585677549369244 0.02985250349526929
2 0.8621861406249999 0.434218125 0.004605343749999946 0.014309460937499985
1 0.5404699843749999 0.5161274531250001 0.08289618749999998 0.0942450703125
1 0.6743539062499999 0.4909625390625001 0.03684275000000004 0.026151773437500036
1 0.16909182413363913 0.5620312908879586 0.08224819913363911 0.07056044531249998
2 0.6387328444162345 0.4810939453125 0.006860953458117199 0.02565834374999998
2 0.7625133437499999 0.5294500546875 0.014144984375000055 0.03404664843749998
1 0.02565834375 0.57435215625 0.0513166875 0.0942450703125
1 0.8690941562500001 0.5466942125618754 0.14629754864303557 0.049810517249375505
1 0.20658256249999998 0.516127453125 0.028618921874999998 0.041448093749999956
1 0.7832373906249999 0.5077391484374999 0.02861892187499997 0.033059789062499956
1 0.77303984375 0.4287903984375 0.014802890625000013 0.010855453125000025
1 0.09210687500000002 0.57435215625 0.09194487790840979 0.07671715878715597
2 0.676327625 0.46678448437500003 0.006579062500000058 0.02565834374999998
1 0.81383003125 0.47023849218749997 0.008223828124999954 0.02220433593750002
1 0.5404699843749999 0.6113593828124999 0.11858761636553865 0.12039684374999995
1 0.815474796875 0.45099473437499993 0.004605343749999946 0.010855453125000025
1 0.4002320827579883 0.5092194375 0.06007720948402338 0.032800113144970756
1 0.8282217299753214 0.5442529482730721 0.12927857812500002 0.05378383593749998
1 0.6437612656250001 0.5935959140625 0.12171265625000001 0.10806110156250001
2 0.4177704687499999 0.4741859296875 0.006579062499999999 0.014309460937499985
1 0.785869015625 0.4287903984375 0.004605343749999946 0.010855453125000025
1 0.25197809374999997 0.5521478203125 0.07328592806617298 0.05973287892131518
2 0.6462280461980383 0.4810939453125 0.007565921874999996 0.027138632812499973
1 0.6631695 0.5338909218749999 0.04802715625000005 0.041448093749999956
1 0.7904743593749999 0.4771465078125 0.017434515624999966 0.01924375781250003
1 0.8118563125 0.447047296875 0.004605343749999946 0.008388304687500004
1 0.484219 0.4978705546875 0.02203985937500003 0.029112351562500027
2 0.51382478125 0.46678448437500003 0.006579062499999999 0.009868593749999998
2 0.6345505781249999 0.4810939453125 0.006579062500000058 0.02565834374999998
1 0.285860265625 0.49655468955500004 0.0389260583870833 0.02269772615062502
2 0.746394640625 0.54672009375 0.020066140625000038 0.06118528125000004
1 0.44934996875 0.5388266902078465 0.0705615489058849 0.05329187770784651
1 0.7610425863589217 0.7185432623962644 0.47791482728215656 0.3291176015624999
1 0.81383003125 0.5407989375 0.11710731249999995 0.060768751178651215
