1 0.405599203125 0.5363580703125 0.027303109374999992 0.023684625000000015
1 0.549680671875 0.525996046875 0.011513359374999983 0.012335742187500021
1 0.4585606562499999 0.5393186484375 0.027303109374999992 0.036020367187500034
1 0.7069202656249999 0.52106175 0.013158124999999998 0.012335742187500021
1 0.32401882812499994 0.5600426953125 0.05756679687499998 0.066119578125
1 0.42500743750000003 0.5240223281249999 0.008223828125000015 0.006414585937500039
1 0.914818640625 0.49836398437499996 0.05559307812500004 0.04342181250000001
1 0.437178703125 0.52698290625 0.007565921874999996 0.00937516406250003
1 0.5079036250000001 0.5220486093750001 0.008223828125000015 0.00937516406250003
1 0.42829696874999995 0.51908803125 0.012500218749999981 0.016283179687500038
1 0.9773197343749999 0.48898882031249985 0.017105562499999987 0.013322601562499958
1 0.4572448437499999 0.520074890625 0.008881734374999973 0.003947437500000017
1 0.49277178125 0.5753390156249999 0.084540953125 0.10065965624999995
1 0.503627234375 0.5230354687500001 0.01644765625000003 0.007401445312499977
1 0.8105405 0.5077391484375001 0.0618431875 0.01529632031250001
1 0.00649682421875 0.5664572812499999 0.0129936484375 0.01529632031250001
1 0.5766548281249999 0.5156340234375 0.008223828124999954 0.011348882812499994
1 0.6279715156249999 0.5156340234375 0.017105562499999987 0.014309460937499985
2 0.5717205312499999 0.5353712109375 0.00953964062499999 0.033059789062500046
1 0.980600515625 0.504285140625 0.03879896875000017 0.02565834374999998
1 0.8283039687499999 0.5013245625 0.022697765624999987 0.013322601562499958
1 0.4460604374999999 0.52698290625 0.006908015624999978 0.00937516406250003
1 0.54145684375 0.525996046875 0.01578974999999995 0.012335742187500021
1 0.4750083125 0.5230354687500001 0.010197546875000008 0.012335742187500021
1 0.492113875 0.5230354687500001 0.010197546875000008 0.007401445312499977
1 0.95264825 0.4909625390625001 0.026645203124999975 0.012335742187500021
1 0.4276390625 0.55066753125 0.03914542187500002 0.05131668750000005
1 0.39408584375 0.57435215625 0.05690889062500002 0.06365242968749998
1 0.46185018749999995 0.51908803125 0.038487515624999996 0.024671484375000042
1 0.864817765625 0.5023114218750001 0.04473762500000002 0.020724046875000023
