1 0.516127453125 0.5190880312499999 0.008223828125000015 0.010362023437499968
1 0.258886109375 0.549680671875 0.05822470312499999 0.05575755468750003
1 0.68356459375 0.522806202150883 0.017763468749999945 0.02171090624999996
1 0.32533464062500006 0.5373449296875 0.02894787500000001 0.030099210937499964
1 0.49277178125000004 0.5240223281249999 0.01578975000000001 0.012335742187500021
1 0.8565939374999999 0.5154165794721767 0.010197546874999948 0.011348882812499994
1 0.6986964375 0.522048609375 0.01578974999999995 0.017572817496914618
1 0.814480933708263 0.52106175 0.008867726791526328 0.011348882812499994
1 0.7219876185868358 0.5220486093750001 0.013158124999999998 0.012335742187500021
1 0.4750083125 0.51908803125 0.008223828125000015 0.008388304687500004
1 0.8207380468749998 0.5223807358957634 0.01173160365974546 0.012335742187500021
1 0.41941523437500006 0.5250091874999999 0.025329390625 0.033059789062499956
1 0.5187590781250001 0.5240223281249999 0.010197546875000008 0.012335742187500021
1 0.806148280214725 0.5230354687500001 0.011388263036812419 0.01660286563458744
1 0.36645378125 0.5477069531250001 0.04473762500000002 0.05131668750000005
1 0.47698203125 0.5230354687500001 0.008881734374999973 0.00937516406250003
1 0.7924158235388448 0.510157914995767 0.018060167288844773 0.04342181250000001
1 0.49540340625 0.55066753125 0.04934296875000002 0.05329040625000001
1 0.4340208778899761 0.5234302748824881 0.015000345676650716 0.015691126444988067
1 0.48257423437499997 0.5156340234375 0.00625010937500002 0.006414585937500039
1 0.8227750973431518 0.5156340234375 0.014246262008415774 0.010248185691707868
1 0.46250809375 0.5383317890624999 0.03157950000000002 0.03996780468749996
