1 0.16151598437499998 0.5718850078125 0.11644940624999998 0.06463928906250001
1 0.03393702426436882 0.6074120144030198 0.06787404852873764 0.13404835237715346
1 0.043750765625 0.5407989375 0.009868593749999998 0.009868593749999998
1 0.22631975 0.63159 0.24539903125 0.168752953125
1 0.7437630156249999 0.5748455859374999 0.17039771875 0.09375164062500004
1 0.34079550878660275 0.563496703125 0.10833513411786301 0.07590571082311648
1 0.42434953124999997 0.5644835625000001 0.156910640625 0.09375164062500004
1 0.268096796875 0.5368514999999999 0.095067453125 0.03108607031249999
1 0.6192871515457533 0.5603387626004798 0.17579255157924667 0.10164651562499998
1 0.11710731249999998 0.5595492656250001 0.07549473971999375 0.04095466406249999
1 0.022697765624999998 0.545733234375 0.042434953125 0.01578974999999998
1 0.06776434375 0.54672009375 0.06381690625 0.018750328124999972
1 0.5040658326926167 0.5715560590742874 0.15186668101023357 0.08388304687500003
