1 0.2986894375 0.54672009375 0.05690889062500002 0.01529632031250001
1 0.50724571875 0.52698290625 0.017105562499999987 0.017270039062499975
1 0.8996867968750001 0.52698290625 0.01644765625000003 0.04736925000000003
1 0.100330703125 0.5506675312499999 0.0171055625 0.010362023437499968
1 0.5861944687499999 0.547706953125 0.03289531250000006 0.045395531249999975
1 0.8236986250000001 0.52698290625 0.06118528125000004 0.0379940859375
1 0.55856240625 0.5240223281249999 0.010197546874999948 0.013322601562499958
1 0.006908015625 0.5526412500000001 0.011513359375 0.006414585937500039
1 0.28553131249999997 0.6281359921874999 0.15855540624999998 0.1741806796875
1 0.14342356250000002 0.5437595156249999 0.016447656249999998 0.006414585937500039
1 0.8579097499999999 0.5116865859375 0.02532939062500006 0.013322601562499958
1 0.7644870625 0.5116865859375 0.022697765624999987 0.010362023437499968
1 0.9444244218750001 0.5013245625 0.03157950000000002 0.013322601562499958
1 0.7082360781249999 0.5240223281249999 0.06052737499999997 0.036020367187500034
1 0.6171160624999998 0.5156340234375 0.013816031249999956 0.012335742187500021
1 0.28750503125 0.5363580703125 0.040461234374999995 0.020724046875000023
1 0.1407919375 0.5600426953125 0.055593078125000014 0.020724046875000023
1 0.6556035781249999 0.528956625 0.023355671874999945 0.020724046875000023
1 0.55856240625 0.5240223281249999 0.011513359374999983 0.013322601562499958
2 0.404941296875 0.5383317890624999 0.008223828125000015 0.024671484375000042
1 0.01644765625 0.5551083984374999 0.008223828125 0.010362023437499968
1 0.466126578125 0.54672009375 0.032237406249999975 0.0379940859375
1 0.654945671875 0.5156340234375 0.007565921874999996 0.013322601562499958
1 0.523693375 0.52698290625 0.01907928124999998 0.017270039062499975
1 0.5579044999999999 0.5847141796874998 0.06250109375000003 0.07500131249999997
1 0.8394883749999998 0.5116865859375 0.013158124999999998 0.006414585937500039
1 0.2228237143374366 0.5493104178674872 0.02767330953306448 0.019737187499999996
1 0.502311421875 0.547706953125 0.037171703125000025 0.045395531249999975
1 0.185200609375 0.54672009375 0.04111914062500001 0.024671484375000042
1 0.6263267795951271 0.5173611679206032 0.005427642709640187 0.011348912407626966
1 0.49770607812499995 0.5220486093749999 0.011513359374999983 0.010362023437499968
1 0.439810328125 0.5324106328125 0.030263687499999983 0.022697765624999987
1 0.7088939843750001 0.5343843515625 0.052303546875000016 0.032072929687500015
1 0.8674493906249999 0.5304369140625 0.011513359374999983 0.024671484375000042
1 0.15921331249999998 0.55264125 0.05361935937499999 0.019737187499999996
1 0.5677730937500001 0.5314237734375 0.008223828124999954 0.013322601562499958
1 0.550338578125 0.525996046875 0.01907928124999998 0.017270039062499975
1 0.040461234374999995 0.5620164140624999 0.05625098437499999 0.019737187499999996
1 0.480600515625 0.525996046875 0.021381953125000012 0.019737187499999996
1 0.849685921875 0.522048609375 0.030263687499999983 0.03108607031249999
1 0.06513271875 0.5570821171875 0.013158125000000005 0.010362023437499968
1 0.3829014375 0.5580689765625 0.05559307812499999 0.058718132812500025
1 0.8565939374999999 0.5580689765625001 0.10625185937500005 0.0379940859375
1 0.611523859375 0.5240223281249999 0.002631624999999952 0.010362023437499968
1 0.5907998125 0.5240223281249999 0.04111914062500001 0.054770695312500006
1 0.534548828125 0.5632501732507937 0.03881645888495768 0.04835610937499997
1 0.160529125 0.5393186484374999 0.006908015625000008 0.010362023437499968
1 0.43224440624999994 0.5787930234374999 0.06710643749999996 0.07105387499999996
1 0.63487953125 0.5156340234375 0.017105562499999987 0.02861892187499997
1 0.735868140625 0.544746375 0.08289618749999998 0.05575755468750003
1 0.010444261718749999 0.569417859375 0.020888523437499997 0.024671484375000042
