1 0.52829871875 0.5087260078124999 0.016118703125000047 0.01578974999999998
1 0.610865953125 0.5067522890625 0.024671484374999983 0.01578974999999998
1 0.1934243799288853 0.5496806718750001 0.095067453125 0.05723789556400325
1 0.5075746718749999 0.5068282167381909 0.02284958757488482 0.03343935228758639
1 0.6024541453410196 0.5008311328125 0.007236968750000017 0.008881734374999973
1 0.5368514999999999 0.5067522890625 0.011184406250000004 0.01578974999999998
1 0.5197459375 0.5106997265625 0.007236968750000017 0.01578974999999998
1 0.6357567264254717 0.5126734453124999 0.03497869544952851 0.027467566200707248
1 0.49288144544952844 0.5120155193257073 0.02160124205047147 0.029441284950707212
1 0.261517734375 0.5368514999999999 0.087172578125 0.05279697656250004
1 0.44967892187499997 0.5097128671875 0.05263249999999999 0.024178054687499985
1 0.46908715624999997 0.5067522890625 0.024013578125000025 0.016776609375000008
1 0.57435215625 0.5215551796875001 0.027303109375000054 0.029112351562500027
1 0.6457349958881867 0.5195814609375 0.04802715625000005 0.032566376644779994
1 0.37073017187499996 0.5250091875 0.054606218749999984 0.02516491406250001
1 0.5776416875 0.5028048515625 0.029934734375000004 0.016776609375000008
