1 0.3601419778986197 0.5754623764391955 0.02438365152139852 0.027847950709483538
1 0.160529125 0.577312734375 0.039803328125 0.023684625000000015
1 0.277965390625 0.5960630625000001 0.025987296875000017 0.03108607031249999
1 0.45671031262879386 0.5583156832338259 0.008141592567891346 0.0069697086376796944
1 0.4416524522038198 0.5600426953125 0.008223828125000015 0.007401445312499977
2 0.322703015625 0.6083988046875 0.01907928124999998 0.07204073437499998
1 0.50724571875 0.5610295546875002 0.029605781250000025 0.01529632031250001
1 0.1830624280429379 0.6095501266445622 0.06398136883206208 0.06373466097853102
1 0.33783485937499996 0.5837273203125001 0.010197546875000008 0.023684625000000015
1 0.22303021874999995 0.6024776484375 0.029605781249999998 0.03898094531250003
1 0.9237003749999999 0.59803678125 0.045395531249999975 0.0357736533717242
1 0.48882434375000006 0.5580689765625 0.008223828125000015 0.011348882812499994
1 0.30329478125 0.5911287656249999 0.013158124999999998 0.02565834374999998
1 0.25197809374999997 0.599023640625 0.03092159375 0.032072929687500015
1 0.14013403125 0.6123462421875 0.04539553124999999 0.05032982812500002
1 0.31996205938714534 0.5931024843749999 0.034539962995627664 0.037007111433127626
2 0.30888698437500006 0.624681984375 0.013816031250000017 0.04095466406249999
