1 0.4381655625 0.48553481249999997 0.014802890625000013 0.027632062500000033
1 0.463166 0.47023849218749997 0.011842312500000023 0.016776609375000008
1 0.45560007812500003 0.4870151015625 0.007236968750000017 0.017763468750000032
1 0.459547515625 0.4899756796875 0.004605343750000005 0.012335742187500021
1 0.5276408125 0.48306766406250007 0.007236968750000017 0.020724046875000023
1 0.588497140625 0.568431 0.06908015625000002 0.08289618750000001
1 0.5230354687500001 0.481587375 0.010197546875000008 0.023684625000000015
1 0.4105335 0.4899756796875 0.026645203124999975 0.029112351562500027
1 0.5092194375000001 0.423362671875 0.008223828125000015 0.013816031250000017
1 0.5401371101203146 0.48084458370621236 0.026645203124999975 0.029112351562500027
1 0.473363546875 0.42632324999999993 0.008223828125000015 0.009868593749999998
1 0.5157985 0.4840545234375 0.004605343750000005 0.013816031250000017
1 0.47237668749999995 0.4401392812500001 0.005592203125000002 0.012335742187500021
1 0.5368514999999999 0.4771465078125 0.024013578124999966 0.036020367187500034
1 0.31546604687499996 0.557575546875 0.05427726562500001 0.0675998671875
1 0.5004966231859266 0.44063004381674487 0.010197546875000008 0.012335742187500021
1 0.5904708593750001 0.4899756796875 0.08026456250000003 0.05279697656249995
2 0.4911270156249999 0.4840545234375 0.008552781249999994 0.03848751562499997
1 0.5019824687500001 0.4233626718750001 0.010197546875000008 0.01529632031250001
1 0.517443265625 0.47319907031249997 0.011184406250000004 0.016776609375000008
1 0.46777134375 0.44951444531249996 0.011184406250000004 0.013816031250000017
1 0.35066403125 0.5437595156249999 0.045066578125 0.05970499218749996
1 0.28224178125 0.5753390156250001 0.07368549999999997 0.0774684609375
1 0.32007139062499995 0.5008311328125 0.08585676562499997 0.04440867187500004
1 0.463166 0.46481076562499996 0.008223828125000015 0.012335742187500021
1 0.46415285937500006 0.46234361718749994 0.011842312500000023 0.012335742187500021
1 0.44737625 0.4870151015625 0.00921068750000001 0.020724046875000023
1 0.427968015625 0.4855348125000001 0.021381953125000012 0.023684625000000015
1 0.0557575546875 0.6681037968749999 0.111515109375 0.16480551562499998
1 0.2565834375 0.513166875 0.02500043750000002 0.03157949999999996
