2 0.49014015624999996 0.5595492656250001 0.018092421874999983 0.08338961718749997
2 0.2302671875 0.5866878984374999 0.040461234374999995 0.14013403124999996
2 0.53882521875 0.6083988046875 0.043092859374999945 0.14852233593749994
2 0.31382128125 0.6271491328125001 0.03782960937499998 0.11743626562500005
2 0.47040296875000004 0.6039579374999999 0.04407971875 0.11595597656249997
2 0.8283039687499998 0.5343843120900986 0.009868593749999969 0.014802890625000042
1 0.22845789103957614 0.563496703125 0.05789574999999999 0.05674441406249997
1 0.9635227329419548 0.5324106328125 0.013318522220212615 0.017270039062499975
2 0.02697415625 0.6083988046875 0.022368812499999995 0.08092246874999995
2 0.13223915625 0.655274625 0.04671134375000001 0.21316162500000005
1 0.40066490625 0.553628109375 0.0881594375 0.06414585937500003
1 0.05666217578125 0.5778061640625 0.1133243515625 0.06118528124999996
1 0.70001225 0.5366635268276726 0.050893747818207186 0.035597427505707116
2 0.046711343749999995 0.6636629296875001 0.052961453125 0.20773389843750004
2 0.28684712500000004 0.5407989375 0.00625010937500002 0.00937516406250003
1 0.49869293750000004 0.553628109375 0.07401445312500006 0.06414585937500003
1 0.113159875 0.5778061640625001 0.022697765625 0.05674441406249997
1 0.9853703359374999 0.5254321287070993 0.029259328125000057 0.027138632812499973
