1 0.5108642031249999 0.4825742343749999 0.015131843749999992 0.027138632812499973
1 0.4177704687499999 0.476653078125 0.03125054687499998 0.011348882812499994
1 0.446389390625 0.49540340625 0.02565834374999998 0.03552693749999998
1 0.5157985 0.48553481249999997 0.010526499999999987 0.024917843928057515
2 0.859554515625 0.4741859296875 0.022697765624999987 0.06809329687499996
2 0.5888260937500001 0.7317562265625 0.09967279687499998 0.30592640624999995
1 0.55264125 0.492442828125 0.052303546875000016 0.06118528125000004
1 0.50329828125 0.476653078125 0.007565921874999996 0.011348882812499994
1 0.4947454999999999 0.47961365625 0.010526499999999987 0.011348882812499994
2 0.4899759691836198 0.48553481249999997 0.0110200086409872 0.03108607031249999
1 0.02985249609375 0.52106175 0.0597049921875 0.07253416406250005
1 0.418757328125 0.5023114218750001 0.05032982812500002 0.054277265625000036
1 0.9893177734374999 0.49540340625 0.02136445312500008 0.027138632812499973
1 0.52435128125 0.492442828125 0.02171090624999999 0.04391524218749998
1 0.46810029687499993 0.476653078125 0.008552781249999994 0.011348882812499994
2 0.705604453125 0.48553481249999997 0.018092421875000042 0.06414585937500003
1 0.46250809374999996 0.4870151015625 0.018092421874999983 0.027138632812499973
1 0.478626796875 0.4766530781249999 0.010526499999999987 0.01282917187499999
1 0.5185399134796767 0.488330707905485 0.010526499999999987 0.032566359374999986
1 0.392112125 0.5008311328125 0.018092421874999983 0.032566359374999986
2 0.11118615625 0.4968836953125 0.020066140624999992 0.07105387499999996
