1 0.43356021875 0.5146471640625 0.00921068750000001 0.013816031250000017
1 0.510206296875 0.502311421875 0.011184406250000004 0.005921156249999981
1 0.510206296875 0.512179846116956 0.00921068750000001 0.013816031250000017
1 0.03741841796875 0.62172140625 0.0748368359375 0.15197634375
1 0.45592903125 0.5062588922704221 0.005263250000000023 0.007236946819718604
1 0.581918078125 0.5620164140624999 0.052303546875000016 0.06118528124999996
1 0.4671134375 0.5008311328125 0.00625010937500002 0.007894875000000034
1 0.3618484375 0.5343843515625 0.031908453125 0.03996780468749996
1 0.489811203125 0.5052719999999999 0.008223828125000015 0.005921156249999981
1 0.4475818628160795 0.5082325781250001 0.003947437499999987 0.012335742187500021
1 0.56645728125 0.5422792265624998 0.04111914062500001 0.05230354687499998
1 0.1603351394226537 0.5802719897274791 0.11842136130330537 0.10470461564768155
1 0.3391506718749999 0.5403055078125 0.032895312499999996 0.04292838281250004
1 0.49474549999999995 0.5321640141971619 0.026645203124999975 0.03059264062500002
1 0.489811203125 0.4870151015625 0.00625010937500002 0.007894875000000034
1 0.43888936519680166 0.5132651905611941 0.004736783904264404 0.013223756892297444
1 0.42928382812500004 0.5176077421875 0.010197546875000008 0.013816031250000017
1 0.4171125625 0.5235288984375 0.01546079687499997 0.019737187499999996
1 0.480600515625 0.5032983141454221 0.008223828125000015 0.010855453125000025
1 0.23881996875000003 0.5699112890625 0.06776434375000001 0.06463928906250001
1 0.5091434172207892 0.5098268976063162 0.010652966422894572 0.015979449634341857
1 0.3473745 0.51908803125 0.008223828125000015 0.007894875000000034
1 0.54803590625 0.5422792265624999 0.020395093750000017 0.04736925000000003
1 0.4671134375 0.5205683203125 0.039803328124999975 0.027632062500000033
1 0.463166 0.505272 0.005263250000000023 0.00937516406250003
1 0.5286278001795491 0.5329042549568237 0.00921068750000001 0.023931436072161905
1 0.48257423437499997 0.49145596874999997 0.005263250000000023 0.005921156249999981
1 0.486850625 0.5250091875 0.022697765624999987 0.033553218750000016
1 0.47040296875000004 0.505272 0.00625010937500002 0.00937516406250003
1 0.38026981249999997 0.5329040625 0.01546079687499997 0.03059264062500002
1 0.31974243750000003 0.54672009375 0.045066578125 0.04292838281250004
1 0.475337265625 0.49145596874999997 0.005263250000000023 0.007894875000000034
1 0.475337265625 0.4966370766971619 0.003947437499999987 0.005921156249999981
1 0.5084223557084926 0.5176077421875 0.005339161033397015 0.015353253587547754
1 0.9355426875000001 0.882037935546875 0.12500218750000006 0.23592412890624992
1 0.66909065625 0.60987909375 0.11480464062499998 0.11694283593749999
1 0.46513971875 0.5045319516971618 0.003947437499999987 0.007894875000000034
1 0.5133587694399482 0.5190880312499999 0.011458541164211767 0.021834266961395253
1 0.531917203125 0.5299435337181332 0.020395093750000017 0.029605748354577875
1 0.5145738441816194 0.5142634451947856 0.014756953615476576 0.013541485199000646
1 0.5455689502693237 0.5358648330818238 0.03240194696477463 0.04736925000000003
1 0.48257423437499997 0.48356109375 0.005263250000000023 0.005921156249999981
1 0.42106 0.508232578125 0.011184406250000004 0.010855453125000025
1 0.56645728125 0.5541215390625001 0.03782960937499998 0.05378383593749998
1 0.43356021875 0.5146471640625 0.011184406250000004 0.016776609375000008
2 0.40658606249999996 0.525996046875 0.007236968750000017 0.020230617187499966
1 0.458889609375 0.505272 0.007236968750000017 0.00937516406250003
1 0.4384945156249999 0.5052719999999999 0.014473937499999975 0.024671484375000042
1 0.5201570850965128 0.5253790626218074 0.01644765625000003 0.016776609375000008
1 0.53487778125 0.5343843515625 0.011184406250000004 0.03059264062500002
1 0.5206914591999592 0.5140304365534203 0.0170643837590798 0.008819966263619694
1 0.476324125 0.48504138281250003 0.005263250000000023 0.005921156249999981
1 0.61777396875 0.5881681875 0.06776434374999998 0.0873370546875
1 0.42632325 0.5200749235204222 0.008223828125000015 0.016776609375000008
1 0.8536333593749998 0.72040734375 0.2921103749999999 0.2965512421875
1 0.45066578124999995 0.5052719999999999 0.007236968750000017 0.010855453125000025
