1 0.406915015625 0.54277265625 0.05657993749999998 0.041448093749999956
1 0.34836135937499996 0.5501741015625 0.146384140625 0.08486990624999997
1 0.709551890625 0.5279697656249999 0.04440867187500004 0.041448093749999956
2 0.9888330937499998 0.5255026171874999 0.013816031249999956 0.04292838281249996
1 0.554943921875 0.527969765625 0.04440867187500004 0.0478626796875
1 0.5137307902119396 0.5013245625 0.03660777240484917 0.020089630630409517
1 0.3223740625 0.5047785703125001 0.017763468750000004 0.01924375781250003
1 0.4934296875 0.5383317890624999 0.10460709375000003 0.06019842187500002
1 0.21283267187500002 0.5245157578125001 0.051645640624999996 0.04046123437500002
1 0.129936484375 0.5141537343749999 0.02894787500000001 0.029605781249999998
1 0.375335515625 0.5205683203125 0.04111914062500001 0.023191195312499958
1 0.6171160625000002 0.5245157578125 0.04243495312500004 0.027632062500000033
1 0.081251421875 0.5373449296875 0.081251421875 0.04440867187500004
1 0.2940840937499999 0.52698290625 0.03684274999999999 0.03157949999999996
1 0.27829434375 0.513166875 0.024013578125000025 0.023191195312499958
1 0.7808031160489742 0.5394667014761539 0.052303546875000016 0.04761592462307673
1 0.647445551350513 0.528956625 0.04641523767269208 0.023191195312499958
1 0.575339015625 0.5309303437499999 0.010526500000000046 0.02565834374999998
1 0.5957341093749999 0.6350440078124999 0.29072878003316804 0.21414848437499998
1 0.17598992187499998 0.5383317890624999 0.09342268749999998 0.056250984375
1 0.7516108965158395 0.5259255599406021 0.03787660348416052 0.028195983351240805
