2 0.654945671875 0.5250091875 0.007565921874999996 0.023684625000000015
1 0.89548389453125 0.5383317890624999 0.20903221093749996 0.19983902343749999
1 0.33355846874999995 0.51908803125 0.05822470312499999 0.02565834374999998
1 0.5917866718749998 0.5003377031249999 0.021381953124999954 0.011348882812499994
1 0.5444997002473119 0.50243471114207 0.019161591695161326 0.011348914885349526
1 0.5710626249999999 0.5126734453124999 0.02894787499999995 0.030099210937499964
1 0.45428426562499996 0.502311421875 0.012500218749999981 0.016283179687500038
1 0.25460971875000005 0.5126734453124999 0.011513359375000013 0.02565834374999998
1 0.575996921875 0.500337703125 0.008223828124999954 0.012335742187500021
1 0.5210617499999999 0.5028036308916354 0.020066140624999975 0.012335742187500021
1 0.435204984375 0.5126734453124999 0.011513359374999983 0.016283179687500038
1 0.496390265625 0.5087260078125 0.00953964062499999 0.012335742187500021
1 0.420073140625 0.52106175 0.02894787500000001 0.032072929687500015
1 0.40823082812500006 0.50329828125 0.021381953125000012 0.004934296875000044
1 0.60461584375 0.51908803125 0.05822470312499999 0.036020367187500034
