1 0.37073017187499996 0.46333047656250004 0.024013578125000025 0.029112351562500027
1 0.5756668228701628 0.539072363298689 0.06463823867264923 0.08363590232631105
1 0.6236951249999999 0.57435215625 0.09605431249999997 0.11743626562500005
1 0.47089611196754066 0.480847660173689 0.03174369009254067 0.029112351562500027
1 0.3727044635649186 0.46974620837983727 0.021381953125000012 0.023684625000000015
1 0.35625623437500004 0.516127453125 0.05065878125 0.07352102343749997
1 0.4565869375 0.47615964843749997 0.020395093750000017 0.029112351562500027
1 0.37829609375000006 0.5077391484375 0.021381953125000012 0.05378383593749998
1 0.383888296875 0.45642246093749994 0.011184406250000004 0.010855453125000025
1 0.5111931562500001 0.498611128923689 0.03059264062500002 0.043668097638811076
1 0.333887421875 0.44951444531250007 0.006579062499999999 0.012335742187500021
1 0.3368479999999999 0.5299434843750002 0.06842225 0.09128449218750001
1 0.39474375000000006 0.4539553125000001 0.017434515625000025 0.01529632031250001
1 0.5506675312499999 0.5245157578125 0.05263249999999999 0.0675998671875
1 0.339479625 0.4539553125000001 0.0036184843750000084 0.012335742187500021
1 0.35888785937499995 0.45938303906249994 0.014802890625000013 0.02220433593750002
1 0.386519921875 0.5047785703125001 0.014802890625000013 0.045888960937500035
1 0.44277090625 0.46777134374999996 0.02203985937500003 0.023684625000000015
1 0.34671659375 0.45247502343749996 0.013816031250000017 0.016776609375000008
1 0.3496771718750001 0.4539553125000001 0.013816031250000017 0.01529632031250001
1 0.7490262656250001 0.6587286328124999 0.22335917187499998 0.2560900078125
1 0.374677609375 0.44803415625 0.00921068750000001 0.003947437500000017
1 0.5184301250000001 0.5047785703125001 0.04144809375000005 0.045888960937500035
1 0.9227870039062499 0.89943133203125 0.15442599218750008 0.2011373359375
1 0.283228640625 0.5699112890625 0.11348882812499997 0.12039684375000004
1 0.32368987500000007 0.44951444531249996 0.019408234375000017 0.016776609375000008
1 0.102304421875 0.6932687109375 0.20460884375 0.23240538281250006
1 0.41152035937500003 0.45642246093749994 0.014802890625000013 0.016776609375000008
1 0.42533639062499995 0.46102989380822557 0.020395093750000017 0.01924375781250003
1 0.44934996875 0.47023849218749997 0.020395093750000017 0.023684625000000015
