1 0.5766548281249998 0.5580689765625 0.021381953124999954 0.016283179687500038
1 0.784553203125 0.5570821171875 0.030263687499999983 0.023684625000000015
1 0.704946546875 0.5600426953125 0.03914542187500002 0.036020367187500034
1 0.9128449218749999 0.5649769921875 0.08388304687500003 0.058718132812500025
1 0.9513324375000001 0.5551083984374999 0.020066140625000038 0.023684625000000015
1 0.562180890625 0.5723784375000001 0.043092859375 0.03404664843749998
1 0.47895574999999996 0.7732043203125 0.498363984375 0.3138212812499999
1 0.671393328125 0.5570821171875 0.03092159374999994 0.01529632031250001
1 0.470074015625 0.5600426953125 0.04111914062500001 0.016283179687500038
1 0.7365260468749999 0.5620164140624999 0.030263687499999983 0.02565834374999998
1 0.7638291562499998 0.5600426953125 0.03651379687499994 0.023684625000000015
1 0.5052719999999999 0.5649769921875001 0.022697765624999987 0.012335742187500021
1 0.634221625 0.5674441406249999 0.07960665624999995 0.03404664843749998
1 0.817448515625 0.551654390625 0.024013578125000025 0.012335742187500021
1 0.8042903906250001 0.5580689765625 0.022697765624999987 0.017270039062499975
1 0.979293453125 0.5570821171875 0.04111914062500001 0.032072929687500015
1 0.8621861406249999 0.5620164140624999 0.04868506250000001 0.02565834374999998
