1 0.855278125 0.49145596874999986 0.010526500000000046 0.01282917187499999
1 0.786526921875 0.4993508437500001 0.02702112296734498 0.021358376714535065
1 0.0865146488485115 0.6473791973642763 0.151645778770806 0.2662037793881436
1 0.313492328125 0.4662910546875 0.021381953125000012 0.011842312499999962
1 0.208227328125 0.46234361718749994 0.02467148437500001 0.014802890625000042
1 0.08947525 0.5324106328125 0.08190932812500001 0.08684362500000002
1 0.9573362583014374 0.5236519652206109 0.07837242325005142 0.03700676154047748
1 0.38421724999999995 0.51514059375 0.09144896875000003 0.06513271874999997
1 0.9079018750000001 0.6133331015625 0.18419624999999998 0.1741806796875
1 0.452310546875 0.5556018281250001 0.12006789062499999 0.07401445312500003
1 0.21283267187500002 0.58224703125 0.150002625 0.0478626796875
1 0.4871796208933256 0.48750853124999993 0.04978156341259433 0.020230617187499966
1 0.5988583005691818 0.726822171465629 0.2917816751663734 0.3046929529203145
1 0.7726179905313649 0.523811108992815 0.06583756258493002 0.026292586192290024
1 0.031909995899728504 0.49096243544330187 0.04210740461579759 0.03750020723347456
1 0.7513289375 0.49836398437499996 0.025987296875000017 0.020230617187499966
1 0.6848146819487149 0.4989561248713931 0.03250064889115561 0.02990183077203561
1 0.47895574999999996 0.51119315625 0.069409109375 0.03996780468749996
1 0.27829434374999995 0.77172403125 0.44573148437499993 0.38043428906250004
1 0.15131843750000004 0.48356109375 0.13355496875000003 0.11496911718750003
1 0.8092246875 0.496390265625 0.024817704526838232 0.010197534813103992
1 0.581589125 0.5501741015625001 0.17533201562499995 0.05723784375000003
1 0.9867683867187499 0.5556018281250001 0.026463226562499997 0.029112351562500027
1 0.7618554375 0.6883344140624998 0.3016500156249999 0.24128711718749996
1 0.7446677625546454 0.5892783339768158 0.16283179687500002 0.11546241363699297
1 0.8838976669043633 0.5287097939007444 0.06850444952941477 0.024178054687499985
