1 0.696393765625 0.66119578125 0.32007139062499995 0.16480551562499998
1 0.07565921875000002 0.63356371875 0.11085720312500001 0.12878514843750005
1 0.0092106875 0.47319907031249997 0.014802890624999999 0.016776609375000008
1 0.060856328125 0.5605361249999999 0.071053875 0.07352102343749997
1 0.0644748125 0.592115625 0.08289618750000001 0.07352102343749997
1 0.026645203125 0.481587375 0.014802890624999999 0.01529632031250001
1 0.049014015625 0.557575546875 0.05822470312499999 0.075988171875
1 0.035197984375 0.5284631953124999 0.03782960937500001 0.04687582031249997
1 0.005756679687499999 0.45642246093749994 0.011513359374999999 0.020724046875000023
1 0.9231981953125 0.6449126015625 0.15360360937500003 0.16480551562499998
1 0.026645203125 0.4899756796875 0.012829171875 0.01924375781250003
