1 0.9774754609374999 0.571391578125 0.04504907812500001 0.02861892187499997
1 0.9432401827299671 0.5477069531250001 0.010855453125000025 0.012335742187500021
1 0.92788577734375 0.6301097109375 0.14422844531250004 0.10707424218749999
1 0.008223828124999999 0.59803678125 0.016447656249999998 0.045395531249999975
1 0.11250196875000001 0.6044513671874999 0.042434953125000015 0.04243495312499999
1 0.356914140625 0.6197476875 0.11875207812500002 0.07006701562500002
1 0.01093769140625 0.576325875 0.0218753828125 0.023684625000000015
1 0.421388953125 0.6074119453125 0.03421112500000003 0.04736925000000003
2 0.065790625 0.5876747578125 0.006250109375000005 0.020724046875000023
1 0.277965390625 0.9343414824218751 0.55461496875 0.13131703515624996
1 0.29309723437499996 0.5837273203125 0.00953964062499999 0.014309460937499985
1 0.36415106003351144 0.5674441406249999 0.014473937499999975 0.014309460937499985
1 0.968438 0.5477069531249998 0.01644765625000003 0.010362023437499968
1 0.9108712031249998 0.5580689765625 0.020724046874999996 0.010362023437499968
1 0.8250144375 0.6083988046875 0.14769995312500003 0.08042903906249999
1 0.170068765625 0.6064250859374999 0.07960665625 0.06069185156249999
1 0.49014015624999996 0.6034645078124999 0.14835785937499993 0.08635019531249996
1 0.04407971875 0.6009973593750001 0.05822470312499999 0.05131668750000005
1 0.958898359375 0.5590558359375001 0.025987296875000017 0.003947437500000017
1 0.28947874999999995 0.5694178593750001 0.006908015624999978 0.012335742187500021
2 0.06250109375 0.5817536015625 0.009539640625000005 0.024671484375000042
