1 0.551654390625 0.4682647734375 0.021052999999999975 0.03108607031249999
1 0.47763993749999994 0.44408671875000005 0.016118703124999988 0.02565834374999998
1 0.615471296875 0.46826477343749995 0.016118703125000047 0.03552693749999998
1 0.47665307812499996 0.4554356015625 0.006579062499999999 0.014309460937499985
1 0.5592203125 0.46974506250000003 0.032237406249999975 0.03404664843749998
1 0.7065913125000001 0.6616892109375 0.049342968749999966 0.19194414843749996
1 0.46250809375 0.4583961796875 0.00953964062499999 0.017270039062499975
1 0.478626796875 0.4554356015625 0.007565921874999996 0.01282917187499999
1 0.43684975000000004 0.4682647734375 0.01907928124999998 0.02861892187499997
1 0.4549421718749999 0.462837046875 0.010526499999999987 0.022697765624999987
2 0.30197896875 0.5037917109375 0.013158124999999998 0.06414585937500003
1 0.5098773437499999 0.45395531249999993 0.006579062499999999 0.009868593749999998
1 0.6352084843749999 0.4682647734375 0.039803328124999975 0.03996780468749996
1 0.518430125 0.45247502343749996 0.015131843749999992 0.019737187499999996
1 0.02228657421875 0.701657015625 0.0445731484375 0.154936921875
2 0.277307484375 0.5008311328125 0.024671484374999983 0.06414585937500003
1 0.44145509374999997 0.46382390625000003 0.022697765624999987 0.03108607031249999
1 0.10164651562499999 0.5240223281249999 0.15197634375 0.06957358593749996
1 0.384546203125 0.4939231171875 0.04177704687499997 0.04835610937499997
1 0.4881664375 0.45247502343749985 0.016118703124999988 0.021217476562499994
1 0.4756662187499999 0.45395531249999993 0.006579062499999999 0.009868593749999998
1 0.4177704687499999 0.47961365625 0.029276828124999987 0.02861892187499997
1 0.08848839062500001 0.630603140625 0.17697678125000002 0.21908278125000002
1 0.4197441874999999 0.4741859296875 0.03322426562499998 0.037007226562499974
1 0.688498890625 0.604944796875 0.08651467187499999 0.13964060156249997
1 0.470074015625 0.4583960168630302 0.00953964062499999 0.014309460937499985
