1 0.09095552261506305 0.5013245625 0.017927874040273205 0.012335742187500021
1 0.44671834374999997 0.478626796875 0.026645203124999975 0.010362023437499968
1 0.41152044572627466 0.4833142771351048 0.01710587089740964 0.01282919037884458
1 0.483890046875 0.47665307812500013 0.00953964062499999 0.012335742187500021
1 0.2585101399871055 0.5013245625 0.06076237595684173 0.04595948533184178
1 0.21414848437499998 0.5067522890625 0.03223740625000001 0.036020367187500034
1 0.575996921875 0.4682647734375001 0.025987296875000017 0.023684625000000015
1 0.47698203125 0.5013245625 0.03092159375 0.023684625000000015
1 0.424020578125 0.5013245625 0.039803328124999975 0.02565834374999998
1 0.4698347725845106 0.478626796875 0.024671484374999983 0.010720887998234119
1 0.444744625 0.5013245625 0.040461234374999995 0.027632062500000033
1 0.975346015625 0.46925163281249993 0.01578974999999995 0.019737187499999996
1 0.9973858749999999 0.478626796875 0.004276390624999967 0.006414585937500039
1 0.9301062109375 0.5314237734375 0.13978757812500006 0.16973981249999995
1 0.1073326403054487 0.4963902656250001 0.04868506250000001 0.012335742187500021
1 0.9546219687499999 0.4653041953125001 0.013158124999999998 0.01529632031250001
1 0.09495779087455396 0.4878923070936385 0.013158124999999998 0.008168996999777
1 0.37525958944827614 0.478626796875 0.017282699456034282 0.019737187499999996
1 0.06644853125 0.4963902656250001 0.0171055625 0.006414585937500039
1 0.5076843266935086 0.478626796875 0.016776547057108064 0.012006794727762938
1 0.29572885937500004 0.5087260078125 0.025329390625 0.02565834374999998
1 0.07697503124999999 0.5126734453124999 0.04407971875 0.032072929687500015
1 0.97377473828125 0.5067522890625 0.052450523437500014 0.049342968749999994
1 0.030263687500000004 0.5126734453124999 0.057566796875000006 0.03404664843749998
1 0.365795875 0.50329828125 0.052961453124999974 0.02565834374999998
1 0.12659995176546246 0.5126734453124999 0.01804542051546245 0.02685669866946343
1 0.8181064218749999 0.5437595156249999 0.32533464062499995 0.188490140625
1 0.562838796875 0.4736925 0.030263687499999983 0.014309423929810805
