2 0.9019894687499999 0.492442828125 0.009868593749999969 0.024178054687499985
1 0.9787912734375 0.5294500546875 0.042417453124999935 0.03552693749999998
1 0.712183515625 0.5082325781249999 0.0750013125 0.04391524218749998
1 0.76646078125 0.5521478203125 0.11315987499999997 0.054277265625000036
1 0.806264109375 0.49540340625 0.05427726562500001 0.030099210937499964
1 0.05222130859375 0.7983692343750001 0.1044426171875 0.37007226562500006
1 0.555601828125 0.48553481249999997 0.06743539062500001 0.022697765624999987
1 0.4161257031249999 0.6577417734375 0.29901839062499996 0.227964515625
1 0.6210635000000001 0.4855348124999999 0.07993560937500005 0.03552693749999998
1 0.4967192187499999 0.5181011718749999 0.014144984374999996 0.024178054687499985
1 0.945740234375 0.4909625390625 0.039803328124999975 0.02565834374999998
1 0.22895137499999998 0.7317562265625 0.378954 0.34145334375
1 0.80330353125 0.7586805136718751 0.39309898437499996 0.48263897265625
1 0.4473762500000001 0.5166208828125 0.05131668750000002 0.05575755468750003
1 0.750342078125 0.48948225 0.055922031250000025 0.03404664843749998
2 0.349019265625 0.48948225 0.009868593750000028 0.014802890625000042
1 0.82435653125 0.5309303437499999 0.10164651562499998 0.032566359374999986
1 0.36382215625000003 0.5240223281249999 0.03322426562499998 0.04391524218749998
2 0.44342881249999994 0.492442828125 0.016118703124999988 0.024178054687499985
1 0.401651765625 0.5181011718749999 0.0750013125 0.05575755468750003
1 0.215464296875 0.5240223281249999 0.135857640625 0.07845532031250002
1 0.302965828125 0.5181011718749999 0.08256723437499999 0.07845532031250002
1 0.628629421875 0.5965564921875 0.30592640624999995 0.20773389843750004
1 0.8361990361885404 0.4981171474067917 0.0555930189131414 0.032566359374999986
1 0.92360938671875 0.52106175 0.15278122656249996 0.04292838281250004
