1 0.5917866718749999 0.542532139752835 0.07204073437499996 0.09671221875000002
2 0.555601828125 0.4855348124999999 0.003947437499999987 0.01578974999999998
1 0.46492041271922513 0.4815544755426863 0.004495693695193677 0.004440867187499986
1 0.508232578125 0.492442828125 0.02171090624999999 0.021217476562499994
2 0.39967804687499997 0.492442828125 0.006579062499999999 0.01578974999999998
1 0.5355356874999999 0.4880019609374999 0.01907928124999998 0.03552693749999998
1 0.5440884687499999 0.5008311328125 0.027632062499999974 0.032566359374999986
1 0.18717432812499996 0.5052719999999999 0.049342968749999994 0.019737187499999996
2 0.40823082812500006 0.492442828125 0.004605343750000005 0.022697765624999987
1 0.45099473437499993 0.4810939453125 0.010526499999999987 0.01578974999999998
2 0.390467359375 0.48676840522227066 0.004605343750000005 0.01282917187499999
1 0.25263599999999997 0.51119315625 0.039803328124999975 0.03404664843749998
1 0.5013245625 0.5195814609375 0.08454095312500005 0.041195180559665
1 0.48684236053788665 0.579286453125 0.146384140625 0.11520963368466504
2 0.431257546875 0.5264894765625 0.02171090624999999 0.06414585937500003
4 0.45198159375 0.4781333671875 0.008552781249999994 0.017270039062499975
1 0.38092771875 0.5422792265625 0.0719283285126289 0.09671221875000002
1 0.4723480716874201 0.47909876470306506 0.006664909937739693 0.004440867187499986
1 0.460534375 0.4855348124999999 0.011513359374999983 0.01578974999999998
1 0.4891532968749999 0.4840545234375 0.0029605781249999906 0.01282917187499999
1 0.44540253125 0.48800196093750003 0.00953964062499999 0.017270039062499975
1 0.43684975000000004 0.4855348124999999 0.018092421874999983 0.021217476562499994
2 0.49375864062499997 0.492442828125 0.011513359374999983 0.022697765624999987
2 0.5052719999999999 0.4781333671875 0.0029605781249999906 0.006908015625000008
1 0.43224440624999994 0.48800196093750003 0.016118703124999988 0.017270039062499975
1 0.528956625 0.4968836953125 0.008421201403532426 0.026743893273097185
1 0.471060875 0.48800196093750003 0.014144984374999996 0.019737187499999996
1 0.360861578125 0.5738587265625 0.084540953125 0.10115308593750001
1 0.285860265625 0.5181011718749999 0.06348795312500002 0.054277265625000036
1 0.65724834375 0.4968836953124999 0.08552781250000005 0.03848751562499997
1 0.47303459375000007 0.8111074179687499 0.36480901562500007 0.3777851640625
1 0.30197896875 0.6133331015625 0.14692964101262884 0.14604279080682997
1 0.1475817609919458 0.727315359375 0.2951635219838916 0.28470892968749995
1 0.504285140625 0.472705640625 0.0618431875 0.021217476562499994
1 0.44737625 0.482574234375 0.00953964062499999 0.017270039062499975
1 0.050329828125 0.5052719999999999 0.024823308865033686 0.014081724202449486
2 0.341782296875 0.5008311328125 0.004605343750000005 0.03108607031249999
1 0.6276425625 0.563749616315335 0.09671221875000005 0.12951909462216502
1 0.4872224844014196 0.4811583047271295 0.0046482500264196725 0.012957890704259078
2 0.39753986472031794 0.486768419613295 0.006579062499999999 0.017270039062499975
1 0.42270476562500003 0.492442828125 0.01907928124999998 0.019737187499999996
1 0.539483125 0.4968836953125 0.02189594153473132 0.030561799149328196
1 0.01631446604378312 0.9287139705500497 0.03262893208756624 0.1425720588999008
1 0.48257423437499997 0.4825742343749999 0.011513359374999983 0.01578974999999998
