1 0.539483125 0.5674441406249999 0.02203985937500003 0.017270039062499975
1 0.566128328125 0.6567549140625001 0.10493604687500001 0.12779828906250001
1 0.5592203125 0.5674441406249999 0.017105562499999987 0.019737187499999996
1 0.233885671875 0.5960630625000001 0.06875120312499998 0.08338961718749997
1 0.02828996875 0.593102484375 0.055593078125 0.07697503125000002
1 0.371388078125 0.6024776484375 0.04934296875000002 0.08338961718749997
1 0.4983639843749999 0.592115625 0.038487515624999996 0.03108607031249999
1 0.4105335 0.5876747578125 0.06052737499999997 0.057731273437499994
1 0.01340483984375 0.6661300781249999 0.0268096796875 0.08635019531249996
2 0.9463981406249999 0.877843783203125 0.06250109374999996 0.24431243359375002
2 0.202635125 0.57040471875 0.005592203125000002 0.017270039062499975
1 0.1607759461566622 0.5895250466545485 0.059293733127578595 0.06685980963954181
1 0.29375514062499997 0.6360308671875 0.14408146875000002 0.15444349218750003
1 0.10098860937500001 0.59803678125 0.08783048437499999 0.07401445312500003
1 0.48841316570944204 0.57435215625 0.024342520557446255 0.019737187499999996
1 0.315795 0.5600426953125 0.01907928124999998 0.003947437500000017
2 0.931924203125 0.7949152265625001 0.07467235937500002 0.3325716093750001
1 0.46612657812499997 0.5876747578125 0.04243495312499999 0.05032982812500002
1 0.025987296875 0.8852128593749999 0.0513166875 0.22747108593749993
