1 0.92739234765625 0.6547811953125 0.14521530468749996 0.18306241406249998
1 0.359545765625 0.5980367812499999 0.17171353125 0.10312680468749998
1 0.799027140625 0.6227082656249999 0.28487340625 0.1801018359375
1 0.12829171875 0.54672009375 0.19210862499999998 0.06365242968749998
1 0.47895574999999996 0.599023640625 0.21974068750000003 0.14950919531249998
1 0.499679796875 0.83355846875 0.834554078125 0.3328830625
1 0.045395531249999996 0.5570821171875 0.08519885937499999 0.037007226562499974
1 0.29375514062499997 0.576325875 0.122041609375 0.06463928906250001
1 0.042517191406249995 0.5496806718750001 0.08503438281249999 0.046382390625000006
1 0.14342356250000002 0.5570821171875 0.14210775000000003 0.057731273437499994
1 0.21612220312500002 0.5600426953125 0.137173453125 0.05032982812500002
1 0.048109394531249995 0.7317562265625 0.09621878906249999 0.2945775234375
1 0.00353624609375 0.5447463750000001 0.0070724921875 0.01529632031250001
1 0.60198421875 0.6009973593750001 0.25460971875000005 0.13569316406250004
