1 0.53356196875 0.5195814609375 0.02203985937500003 0.013816031250000017
1 0.9106979765625 0.5768193046875 0.17860404687499998 0.15246977343749996
1 0.014775459402165464 0.557575546875 0.029550918804330927 0.03733606891299281
1 0.5458106299426143 0.5215551796875 0.037171703125000025 0.02301705528536795
1 0.506916765625 0.5674441406249999 0.05394831249999997 0.058718132812500025
1 0.49994294700601605 0.5176077421875 0.006579062499999999 0.003947437500000017
1 0.446389390625 0.5546149687499999 0.04177704687499997 0.044902101562500005
1 0.48290318750000005 0.5225420390625 0.011842312500000023 0.013816031250000017
1 0.499679796875 0.5225420390625 0.00921068750000001 0.010855453125000025
1 0.47829784375 0.5195814609375 0.004605343750000005 0.006908015625000008
1 0.860870328125 0.55264125 0.13454182812500004 0.08092246875000005
4 0.32796626562500003 0.5486938125 0.00953964062499999 0.03108607031249999
