1 0.52435128125 0.4781333671875 0.013158124999999998 0.02565834374999998
1 0.8072509687499999 0.508232578125 0.06644853124999996 0.045395531249999975
1 0.21842487500000002 0.58224703125 0.10625185937500001 0.11792969531250001
1 0.617445015625 0.5565886874999999 0.10164651562499998 0.1208902734375
1 0.470074015625 0.45099473437499993 0.015131843749999992 0.021217476562499994
1 0.4671134375 0.462837046875 0.005592203125000002 0.011348882812499994
1 0.528956625 0.47961365625 0.021053000000000033 0.022697765624999987
1 0.459547515625 0.46826477343749995 0.006579062499999999 0.009868593749999998
1 0.46908715624999997 0.45987646875 0.005592203125000002 0.005921156249999981
1 0.8348830312499999 0.48948225 0.021052999999999975 0.017270039062499975
1 0.442441953125 0.4741859296874999 0.015131843749999992 0.024178054687499985
1 0.45198159375 0.4712253515625 0.006579062499999999 0.017270039062499975
1 0.7111966562499998 0.5136603046874999 0.084540953125 0.03552693749999998
2 0.3684275 0.5008311328125 0.011513359374999983 0.03404664843749998
1 0.49770607812499995 0.4613567578125 0.006579062499999999 0.006908015625000008
1 0.29145246875 0.6133331015625 0.13388392187499995 0.154936921875
1 0.502311421875 0.46283704687499994 0.011513359374999983 0.01578974999999998
1 0.33717695312499996 0.54672009375 0.04736924999999997 0.049836398437499964
2 0.297373625 0.492442828125 0.011513359374999983 0.01578974999999998
1 0.446389390625 0.472705640625 0.01907928124999998 0.024178054687499985
1 0.287833984375 0.5097128671875 0.04473762500000002 0.037007226562499974
1 0.41612570312499997 0.4968836953125 0.026645203124999975 0.02861892187499997
1 0.478626796875 0.4613567578125 0.02171090624999999 0.01578974999999998
1 0.46810029687499993 0.46382390625000003 0.006579062499999999 0.009868593749999998
1 0.671393328125 0.59803678125 0.1368445 0.16381865625000006
1 0.431257546875 0.4870151015625 0.016118703124999988 0.017270039062499975
1 0.35625623437500004 0.537838359375 0.042763906250000025 0.06414585937500003
1 0.431257546875 0.4810939453125 0.023684624999999983 0.02565834374999998
1 0.46053437499999994 0.46530419531249995 0.006579062499999999 0.01282917187499999
1 0.28191282812499996 0.537838359375 0.037171703125000025 0.01578974999999998
