1 0.37443090522211964 0.5565886825657523 0.028536695929368843 0.030469277035315566
2 0.40362548437499995 0.5857010390624999 0.016776634046854432 0.07154741571084502
1 0.1250021875 0.547706953125 0.03223740625000001 0.016283179687500038
1 0.814158984375 0.5827404609375 0.07894874999999998 0.08042903906249999
1 0.954284265625 0.6735315234374999 0.09143146875000004 0.18207555468749997
1 0.828961875 0.5393186484375 0.023355671874999945 0.02861892187499997
1 0.460534375 0.5551083984374999 0.04868506250000001 0.02861892187499997
1 0.6463928906249999 0.666130078125 0.404941296875 0.28224178125000005
1 0.12697590625000002 0.547706953125 0.025329390625000014 0.016283179687500038
2 0.38092771875 0.5895251700239078 0.008223828125000015 0.06377572265721679
1 0.9253451406249998 0.5356179220801758 0.040790185855078084 0.03503350781250001
1 0.579286453125 0.5447463749999999 0.01907928124999998 0.013322601562499958
1 0.53619359375 0.5590558359375001 0.09408059374999998 0.054770695312500006
2 0.3863006102889723 0.5876747578125 0.016886265168013816 0.07105385361893779
2 0.090462109375 0.6034645078124999 0.036513796875000004 0.09473849999999998
1 0.17105562500000002 0.549680671875 0.04243495312499999 0.016283179687500038
1 0.7322496562499999 0.5304369140625 0.023355671874999945 0.00937516406250003
2 0.017763468750000004 0.614813390625 0.020724046875000002 0.07105387499999996
1 0.562838796875 0.54277265625 0.008881734375000032 0.006414585937500039
2 0.41272650328899124 0.5876747578125 0.01578975000000001 0.07269866694151314
1 0.864159859375 0.525996046875 0.03848756825802629 0.02861892187499997
1 0.14166913413761206 0.547706953125 0.024452193987387908 0.016283179687500038
1 0.29178142187500006 0.5526412500000001 0.036513796875000004 0.023684625000000015
1 0.9896467203945363 0.5551083984374999 0.020706559210927247 0.0379940859375
1 0.10625185937499998 0.5477069531249998 0.019079281249999993 0.013322601562499958
1 0.776329375 0.5393186484375 0.03552693750000001 0.016283179687500038
