1 0.49014015624999996 0.5943448244364171 0.07763293750000001 0.1041136640625
1 0.07743132083577893 0.6633923406103264 0.15486264167155786 0.1731938203125
1 0.3052684999999999 0.5570821171875 0.16480551562499995 0.11546254687499999
1 0.22368812500000004 0.686854125 0.22368812500000004 0.21316162500000005
1 0.19818927414144383 0.5807667421875 0.14013403125000004 0.14309460937500001
1 0.9121870156249999 0.6340571484375 0.133226015625 0.11546254687499999
1 0.8236986249999999 0.5363580703124999 0.035000611026282866 0.014309460937499985
1 0.776329375 0.545733234375 0.03486903125000005 0.017270039062499975
1 0.7674476406250001 0.54277265625 0.024013578125000025 0.018403876642301586
1 0.464810765625 0.5343843515625 0.004276390625000026 0.006414585937500039
1 0.03244587130569421 0.9119650195836698 0.06489174261138841 0.17606996083266022
1 0.8381725624999999 0.5396476574856498 0.017105562499999987 0.012335742187500021
1 0.992634716922497 0.5343843515625 0.014730566155005913 0.005551086348762979
1 0.3891515468750001 0.5437595156249999 0.021381953125000012 0.024671484375000042
1 0.93488478125 0.5600426953125 0.07467235937500002 0.03996780468749996
1 0.802974578125 0.5600426953125 0.06381690625 0.03503350781250001
1 0.4684950331247862 0.534483054375481 0.006908015624999978 0.006414585937500039
1 0.9697538125000001 0.5600426953125 0.05822470312499999 0.05230354687499998
1 0.9697538124999999 0.5373449296875 0.017105562499999987 0.012335742187500021
1 0.35494042187499997 0.62172140625 0.09144896874999997 0.10065965625000003
1 0.053619359374999995 0.5383317890624999 0.013816031250000001 0.012335742187500021
1 0.6658011250000001 0.5787930234374999 0.13585764062500008 0.22374793676149718
1 0.0302636875 0.5383317890624999 0.016447656249999998 0.012335742187500021
1 0.977319734375 0.5383317890624999 0.026645203124999975 0.014309460937499985
1 0.907910625 0.549680671875 0.106909765625 0.05575755468750003
1 0.517443265625 0.6528074765625 0.13585764062500008 0.18651642187499995
1 0.93619184375 0.8274815859375 0.1276163125 0.33651904687500006
1 0.47485878695066847 0.8205735703125001 0.2633020582072191 0.3493332677368315
1 0.12006789062499999 0.5600426953125 0.030263687499999983 0.032072929687500015
1 0.4813900010854712 0.5313250890296466 0.006908015624999978 0.006414585937500039
1 0.4996797968750001 0.5324106328125 0.004276390625000026 0.003947437500000017
1 0.8312645468749998 0.5383317890624999 0.028056238816015502 0.012335742187500021
1 0.846396390625 0.5551083984374999 0.05361935937500005 0.02861892187499997
1 0.833238265625 0.5886616171875 0.07697508716839654 0.03996780468749996
1 0.769421359375 0.6908015625000001 0.21546429687500002 0.23141852343750005
1 0.4595601608361317 0.5352573448254561 0.006908015624999978 0.005067140672384518
