1 0.28487340625 0.5733652968749999 0.01644765625000003 0.019737187499999996
1 0.170068765625 0.5649769921875001 0.007565921874999996 0.012335742187500021
1 0.67961715625 0.5886616171875 0.06118528125000004 0.022697765624999987
1 0.7335654687499998 0.59803678125 0.069409109375 0.026645203125000006
1 0.279281203125 0.5649769921874999 0.003289531250000029 0.007401445312499977
1 0.9679358203125 0.6113593828124999 0.06412835937499999 0.04243495312499999
1 0.523693375 0.5807667421875001 0.017763468750000004 0.01529632031250001
1 0.8470542968749999 0.6044513671874999 0.11250196875 0.03898094531250003
1 0.15033157812499998 0.5694178593750001 0.018421374999999993 0.023684625000000015
1 0.1618449375 0.57040471875 0.007565921874999996 0.014309460937499985
