1 0.5157985 0.5324106328125 0.015131843749999992 0.030099210937499964
1 0.386519921875 0.55066753125 0.06348795312500002 0.07697503125000002
1 0.425336390625 0.5464775212484767 0.03421112500000003 0.05131668750000005
1 0.521390703125 0.5353712109375 0.010526499999999987 0.02861892187499997
1 0.45592903125 0.5368514999999999 0.00953964062499999 0.017270039062499975
1 0.5700764206057668 0.540473996132196 0.0671067649903834 0.07302857622115004
1 0.508890484375 0.5240223281249999 0.007565921874999996 0.011348882812499994
1 0.4911270156249999 0.5329075493217659 0.01381510143086242 0.01628248232314684
1 0.095725359375 0.8187555781250001 0.19145071875 0.3624888437499999
1 0.536522546875 0.5393186484375 0.025658343750000038 0.04835610937499997
1 0.47303459374999995 0.5259988888878994 0.010526499999999987 0.011348882812499994
2 0.6658011250000001 0.5309345279361188 0.020066140625000038 0.06118528124999996
1 0.45198159375 0.537838359375 0.007565921874999996 0.018750328124999972
1 0.4434288125 0.5431042140716462 0.019407908787919224 0.04687582031249997
1 0.463494953125 0.5353712109375 0.007565921874999996 0.01578974999999998
1 0.4671134375 0.533890921875 0.008552781249999994 0.014309460937499985
1 0.480600515625 0.5336483493734766 0.012829412010781265 0.016530434836757823
1 0.448363109375 0.5353712109375 0.008552781249999994 0.022697765624999987
1 0.52435128125 0.5353712109375 0.010526499999999987 0.03848751562499997
1 0.49770607812499995 0.527969765625 0.010526499999999987 0.011348882812499994
2 0.32303196874999995 0.5551083984374999 0.03618484375000002 0.09671221875000002
