1 0.15714657672478172 0.5862651091577249 0.04248251480418241 0.0379940859375
1 0.90156952734375 0.7278087890625 0.1968609453125 0.35724309375
1 0.1750030625 0.5649769921874999 0.005592203125000002 0.010362023437499968
1 0.437178703125 0.575339015625 0.081580375 0.04736925000000003
1 0.36661832771643715 0.5738587635704667 0.069409109375 0.043915229851511126
2 0.361108691459049 0.61580025 0.011513359374999983 0.013568964797162585
1 0.0513166875 0.571391578125 0.008881734375000002 0.018750328124999972
1 0.28618921875000003 0.5664572812499999 0.06052737500000003 0.04736925000000003
1 0.260859828125 0.9169480859375 0.52106175 0.16610382812500007
2 0.5690889062500001 0.5630032734375 0.01644765625000003 0.06167871093750001
1 0.244412171875 0.5837273203125 0.06875120312499998 0.07302759375000001
1 0.07565921875 0.577312734375 0.05559307812500001 0.02565834374999998
2 0.3590198314486701 0.601490626219304 0.021776349476182056 0.08338961718749997
2 0.33799967976571943 0.6009973593750001 0.012335585901945657 0.024177960916167418
2 0.32822921852948284 0.5966552014133907 0.025987296875000017 0.08042903906249999
2 0.3931816680277607 0.551654390625 0.012253292940797541 0.026151632793865075
1 0.12052825803574911 0.5564899644593331 0.017697560631638253 0.022105705654750275
