1 0.44704729687499994 0.5447463750000001 0.06118528124999999 0.06562614843750003
1 0.28257073437499997 0.452968453125 0.01546079687499997 0.012335742187500021
1 0.22039859375 0.45938303906249994 0.00921068750000001 0.00937516406250003
1 0.239806828125 0.45938303906249994 0.015460796875 0.013816031250000017
1 0.3878357343749999 0.5156340234375 0.03684274999999999 0.045888960937500035
1 0.24276740624999998 0.4485275859375001 0.014144984374999996 0.012335742187500021
1 0.41645465625 0.5358646406249999 0.04079018750000003 0.058224703124999964
1 0.22664870312499996 0.4544487421875001 0.005263249999999994 0.012335742187500021
1 0.360203671875 0.5097128671875 0.019408234375000017 0.033553218750000016
1 0.23783310937499996 0.4746793593749999 0.01940823437499999 0.021217476562499994
1 0.22862242187499998 0.5082325781250001 0.024342531250000004 0.029112351562500027
1 0.23355671875 0.447047296875 0.014144984374999996 0.012335742187500021
1 0.3480324062499999 0.505272 0.02565834374999998 0.029112351562500027
1 0.33059789062499995 0.46530419531249995 0.01546079687499997 0.021217476562499994
1 0.33257160937499997 0.48504138281250003 0.021381953125000012 0.023191195312499958
2 0.33059789062499995 0.45099473437499993 0.0029605781249999906 0.005921156249999981
1 0.580602265625 0.5817536015625 0.13454182812500004 0.13470630468750003
1 0.23355671875 0.5018179921875 0.024342531250000004 0.033553218750000016
1 0.25000437499999995 0.4899756796875 0.01940823437499999 0.024671484375000042
1 0.27039946875 0.4514881640625001 0.010197546874999979 0.012335742187500021
1 0.65724834375 0.6197476875 0.16316075 0.16085807812499997
1 0.23010039445885302 0.47122303508385305 0.011185950569097939 0.01603530660442658
1 0.255267625 0.4485275859375001 0.015460796875 0.01529632031250001
1 0.21842487500000002 0.51908803125 0.012171265625000002 0.03996780468749996
1 0.513166875 0.5630032734375 0.080593515625 0.102633375
1 0.18355584374999998 0.5403055078125 0.07138282812499999 0.09967279687500001
1 0.8531311796875 0.7085650312499999 0.2937376406250001 0.3414533437499999
1 0.32665045312499996 0.45938303906249994 0.012171265625000002 0.01529632031250001
1 0.3052684999999999 0.45592903125 0.014144984374999996 0.013816031250000017
1 0.3345453281250001 0.49589683593749995 0.021381953125000012 0.029112351562500027
1 0.36842749999999996 0.5126734453124999 0.02565834374999998 0.03996780468749996
1 0.22434603125 0.4485275859375001 0.008223828125000015 0.00937516406250003
1 0.29704467187499994 0.4514881640625001 0.014144984374999996 0.01529632031250001
1 0.3990201406249999 0.5264894765625 0.04079018749999997 0.045888960937500035
1 0.2631625 0.4514881640625001 0.010197546875000008 0.012335742187500021
