1 0.09153120703124999 0.849471576171875 0.18306241406249998 0.30105684765625007
1 0.3514865406929911 0.516621020954854 0.03174394202691152 0.03651376233941148
1 0.32303196874999995 0.5092194375 0.029276828124999987 0.033059789062500046
1 0.3927700312500001 0.4939231171875001 0.019408234375000017 0.026151773437500036
2 0.307571171875 0.49639026562499994 0.00625010937500002 0.024178054687499985
1 0.36332878412181413 0.49392322079426554 0.014309495473088478 0.012335742187500021
1 0.45823170312499995 0.4939231171875001 0.017434515625000025 0.020724046875000023
1 0.412178265625 0.49540340625 0.011184406250000004 0.016776609375000008
1 0.241122640625 0.5299434843749999 0.04769820312500001 0.041448093749999956
1 0.17302934375 0.4993508437500001 0.03388217187499999 0.03454007812500004
1 0.4407971875 0.4963902656250001 0.013816031250000017 0.01529632031250001
1 0.35066403125 0.6000105 0.11414673437500002 0.12829171874999998
1 0.922704765625 0.5861944687499999 0.15459046874999996 0.1504960546875
1 0.9796958945312501 0.565470421875 0.04060821093749993 0.075988171875
1 0.13421287499999998 0.5023114218750001 0.036842750000000014 0.03454007812500004
2 0.029605781249999998 0.5432660859375 0.007236968749999999 0.05378383593749998
1 0.47566621875 0.6360308671875 0.12960753125 0.14753547656250002
1 0.3697433125 0.502311421875 0.026645203124999975 0.03157949999999996
1 0.404941296875 0.4939231171875 0.013816031250000017 0.02220433593750002
1 0.10373000601472278 0.496390265625 0.029167171601603505 0.03577364000985792
1 0.5243512812500001 0.520074890625 0.08289618750000004 0.12681142968749998
