2 0.42829696874999995 0.6518206171875 0.081580375 0.22204335937500003
1 0.014802890625 0.4847942383713157 0.02960578125 0.023684625000000015
2 0.36645378125 0.6518206171875 0.039803328124999975 0.19342443750000005
1 0.14988526022911905 0.47781598465632136 0.09814539602088092 0.05064721065617857
2 0.46250809374999996 0.5565886874999999 0.020066140624999975 0.09276478125000001
2 0.40066490625 0.6518206171875 0.0618431875 0.2136550546875
1 0.7134576007847713 0.6581030444357945 0.5730847984304576 0.683793911128411
1 0.368098546875 0.479742237424449 0.1102757309867234 0.067964715700551
2 0.258228203125 0.4810939453125 0.007565921874999996 0.01578974999999998
2 0.229938234375 0.4781333671875 0.007565921874999996 0.01282917187499999
1 0.23421462499999998 0.4939231171875001 0.03684274999999999 0.020724046875000023
