1 0.435204984375 0.5600426953125 0.03486903124999999 0.016283179687500038
1 0.8983709843750002 0.5649769921874999 0.04671134375000001 0.018750328124999972
1 0.4827874725300496 0.5830697122884813 0.06524366210425174 0.04408031520196234
1 0.814816890625 0.5551083984374999 0.01250021875000004 0.011348882812499994
1 0.93488478125 0.5639901328124999 0.024013578125000025 0.018750328124999972
1 0.19638501562500005 0.592115625 0.09342268749999999 0.05032982812500002
1 0.6569193906249999 0.551654390625 0.021381953124999954 0.010362023437499968
1 0.09967279687500001 0.592115625 0.04605343750000001 0.03108607031249999
1 0.43224440625 0.5753390156250001 0.04111914062500001 0.032072929687500015
1 0.1618449375 0.5817536015625 0.027303109374999992 0.02565834374999998
1 0.719420484375 0.571391578125 0.02532939062500006 0.02565834374999998
1 0.63487953125 0.5580689765625001 0.02828996874999999 0.020724046875000023
1 0.227306609375 0.59803678125 0.07697503124999999 0.045395531249999975
1 0.8868576250000001 0.5536281093749998 0.024013578125000025 0.013322601562499958
1 0.722052109375 0.5580689765625 0.022697765624999987 0.013322601562499958
1 0.87435740625 0.5496806718749999 0.013158124999999998 0.010362023437499968
1 0.2986894375 0.577312734375 0.05361935937499999 0.027632062500000033
1 0.82567234375 0.5664572812499999 0.03782960937499998 0.024671484375000042
1 0.675998671875 0.5620164140624999 0.022697765624999987 0.022697765624999987
1 0.41250721875 0.5639901328125001 0.006908015624999978 0.012335742187500021
1 0.757579046875 0.553628109375 0.030263687499999983 0.019737187499999996
1 0.6973759842139321 0.5600426953125 0.038158289512584175 0.020724046875000023
1 0.7825794843749999 0.5526412500000001 0.013158124999999998 0.012335742187500021
1 0.233885671875 0.5723784375000001 0.040461234374999995 0.023684625000000015
1 0.6240240781249999 0.5694178593750001 0.032237406249999975 0.026645203125000006
1 0.6569193906249999 0.5664572812499999 0.03157950000000002 0.023684625000000015
1 0.7935259835761154 0.5671629976177458 0.03782960937499998 0.031227213586049185
1 0.79540865625 0.5477069531249998 0.022697765624999987 0.010362023437499968
1 0.06644853125 0.6054382265625 0.037829609374999996 0.07697503125000002
1 0.689814703125 0.576325875 0.057566796875000034 0.027632062500000033
1 0.291123515625 0.599023640625 0.08158037500000002 0.0379940859375
1 0.776329375 0.5570821171875 0.013816031249999956 0.014309460937499985
