2 0.7743556562499999 0.5136603046875 0.021381953124999954 0.03898094531250003
1 0.5964206146604752 0.5175219450810745 0.021410552160475167 0.012335742187500021
1 0.05542860156249999 0.6301097109375 0.11085720312499998 0.21118790625
1 0.7404734843750002 0.5786371998252052 0.08377916446680361 0.09473849999999998
1 0.22434603125 0.5506675312499999 0.106909765625 0.08635019531249996
2 0.8082521332206372 0.5104422828970222 0.00725127384563713 0.019479743834522178
2 0.7965726026086415 0.5136603046875001 0.006908015625000038 0.011947760067952817
1 0.609550140625 0.5571000666686192 0.04900803246462691 0.07823104232014906
1 0.500337703125 0.6631694999999999 0.22039859375000007 0.33158474999999993
1 0.94828087109375 0.8763311249999999 0.10343825781249999 0.24523455468749988
1 0.5018955465211762 0.4701592486731605 0.17763468750000003 0.08980420312500001
2 0.3935938154054097 0.5210625143688599 0.007894620210380055 0.022697765624999987
1 0.8324903885003712 0.5931024843749999 0.15107945524962882 0.15226733896958516
1 0.9217179062499999 0.671064375 0.15656418750000006 0.18108869531250002
