1 0.022697765624999998 0.5551083984374999 0.042434953125 0.04736925000000003
1 0.28553131249999997 0.52106175 0.03092159375 0.023684625000000015
1 0.35844924424322916 0.5414979402750977 0.03157950000000002 0.046546908306640586
2 0.747710453125 0.5472135234375 0.007236968750000017 0.05082325781249999
1 0.08804978771148632 0.5332330217341207 0.028289968750000005 0.027632062500000033
1 0.06869860068894856 0.5177656158131879 0.01847397743605143 0.011348882812499994
1 0.513495828125 0.5146471640625 0.021381953125000012 0.017270039062499975
1 0.9557733680100268 0.5126734453124999 0.04243495312500004 0.027632062500000033
1 0.483232140625 0.5198211322235031 0.05563067196225878 0.031480805603717424
1 0.17870378515625 0.82344316015625 0.3574075703125 0.35311367968750007
2 0.7592238124999999 0.5482003828125 0.013158124999999998 0.04884953906250002
1 0.51119315625 0.5437595156249999 0.04243495312499999 0.046382390625000006
1 0.8723836875 0.52106175 0.04046123437500005 0.03108607031249999
1 0.21842487500000002 0.5122505036670433 0.01907928125000001 0.013604567123870037
1 0.249017515625 0.5240223281249999 0.015131843749999992 0.017270039062499975
1 0.18684537499999998 0.5361606852793311 0.055593078125000014 0.03694145348172517
1 0.7460656875 0.5156340234375 0.0019737187499999937 0.023684625000000015
1 0.057801763929922194 0.5294852989938471 0.042434953125 0.033059789062499956
1 0.8161327031249999 0.5165005243599866 0.07763293749999996 0.0379940859375
1 0.231254046875 0.5329040544257035 0.04638238883071188 0.0379940859375
1 0.3419003879930896 0.54672009375 0.039803328124999975 0.046382390625000006
1 0.5255025234377344 0.5169909957852601 0.029112484785851104 0.026275208572996523
1 0.945740234375 0.50329828125 0.004276390624999967 0.006414585937500039
1 0.4829397573813414 0.5565612854457832 0.27511448157316126 0.23684624999999998
1 0.389809453125 0.5240223281249999 0.02828996874999999 0.012335742187500021
1 0.5773127343750001 0.5600426953125 0.09539640624999995 0.11644940625000003
1 0.33767033100315996 0.5314237734375 0.039803328124999975 0.03404664843749998
