1 0.49014015624999996 0.5942396260588119 0.07763293750000001 0.1041136640625
1 0.0771120944530653 0.6639005061457537 0.1542241889061306 0.1731938203125
1 0.21085895312499997 0.6908015624999999 0.2355304375 0.22451050781249995
1 0.19825905218176743 0.5807667421875 0.14013403124999999 0.14309460937500001
1 0.9121870156249999 0.6340571484375 0.133226015625 0.11546254687499999
1 0.823698625 0.5363580703124999 0.03536246052631166 0.014309460937499985
1 0.776329375 0.5451949485850079 0.03295512063665633 0.01529632031250001
1 0.7674476406250001 0.54277265625 0.024013578125000025 0.01774247141366363
1 0.4677713552636472 0.5324106328125 0.004276390625000026 0.006414585937500039
1 0.03218481106655853 0.9120855089248096 0.06436962213311706 0.17582898215038104
1 0.9056079449017476 0.5353712109375 0.04111914062500001 0.02121743955786375
1 0.8381725624999999 0.5398888312030563 0.017105562499999987 0.012752418796943577
1 0.407572921875 0.54277265625 0.01907928124999998 0.019737187499999996
1 0.93488478125 0.5600426953125 0.07631712500000004 0.04095466406249999
1 0.3104221442787999 0.547706953125 0.038048956778799985 0.04473769298069996
1 0.802974578125 0.5600426953125 0.06381690625 0.03503350781250001
1 0.930608390625 0.5383317890624999 0.024013578125000025 0.012335742187500021
1 0.4716445027957344 0.5324106328125 0.005719539133941609 0.0053003892271327405
1 0.9697538125000001 0.5600426953125 0.05822470312499999 0.05230354687499998
1 0.33619009375 0.5496806718750001 0.01644765625000003 0.026645203125000006
1 0.35263775 0.62172140625 0.09671221875 0.10065965625000003
1 0.054057986932914255 0.5383317890624999 0.013816031250000001 0.012335742187500021
1 0.6658011250000001 0.5787930234375 0.13585764062500008 0.22406193794295345
1 0.0302636875 0.5383317890624999 0.016447656249999998 0.012335742187500021
1 0.9588983593749999 0.5383317890624999 0.08158037499999994 0.03503350781250001
1 0.517443265625 0.6528074765625 0.13585764062500008 0.18651642187499995
1 0.9380010859375001 0.83232489453125 0.123997828125 0.33535021093750006
1 0.4746494528296976 0.8205735703125001 0.26365094840883724 0.3495426018578023
1 0.12368637499999999 0.5590558359375 0.024013578124999994 0.03108607031249999
1 0.4827716126974554 0.5304369140625 0.006908015624999978 0.006414585937500039
1 0.4983639843749999 0.5324106328125 0.006908015624999978 0.006414585937500039
1 0.831264546875 0.5383317890624999 0.027510867931248604 0.012335742187500021
1 0.855278125 0.5593847813871828 0.07138282812499999 0.03930989076218294
1 0.836527796875 0.5886616171875 0.07138282812499999 0.045395531249999975
1 0.769421359375 0.6908015625 0.21513540131823608 0.22993818256358747
1 0.2697415625 0.5551083984374999 0.028658388670935155 0.03108607031249999
1 0.28618921875 0.5488911801643495 0.01644765625000003 0.029507092154512103
1 0.46314702791321655 0.5340617224664278 0.006908015624999978 0.0064620334245842235
