1 0.17434515625 0.47763993749999994 0.13388392187499995 0.05575755468750003
1 0.8681072968749999 0.545733234375 0.02894787499999995 0.04342181250000001
1 0.8462323662961672 0.5600426953125 0.02434235035653316 0.06957320606121957
1 0.7233679218749999 0.5486938125 0.030263687499999983 0.04736925000000003
1 0.13552948343125418 0.53734503822358 0.11431079488252623 0.07944207115141992
1 0.555272875 0.5787930234374999 0.11677835937499997 0.095725359375
1 0.566786234375 0.527969765625 0.04605343750000005 0.016283179687500038
1 0.8092246875000001 0.5600426953125 0.06513271875000003 0.08042903906249999
1 0.6556035781249999 0.5807667421875 0.10098860937500002 0.1041136640625
1 0.979293453125 0.5590558359375001 0.04046123437500005 0.066119578125
1 0.47435040625 0.5383317890624999 0.09210687499999999 0.057731273437499994
1 0.6911305156249999 0.5551083984374999 0.054935171874999966 0.05970499218749996
1 0.45165264062500005 0.59408934375 0.14704204687500003 0.10707424218749999
1 0.343098109375 0.5817536015625 0.11940998437499999 0.095725359375
1 0.9121870156249999 0.5649769921875001 0.08519885937499995 0.09375164062500004
1 0.6148133906250001 0.5412923671875001 0.05690889062499996 0.05970499218749996
2 0.6477088116690387 0.5240223281249999 0.01359673720696577 0.03108607031249999
1 0.23750415625 0.5600426953125 0.135199734375 0.08536333593750003
1 0.35263775 0.52106175 0.034211124999999974 0.03108607031249999
