1 0.7163842651046594 0.5623579899211177 0.08800761542324018 0.06655603881257752
1 0.6628405468749999 0.6493534687499999 0.23553043750000005 0.16480551562499998
1 0.5141542303143113 0.5488912759330267 0.14230513713467108 0.06878424721929344
2 0.292439328125 0.5950762031249999 0.03092159375 0.12878514843749994
1 0.3108607031249999 0.5008311328125 0.029276828124999987 0.019737187499999996
1 0.4249253268742142 0.5486938347009503 0.07631711759968324 0.04169483634493787
1 0.838501515625 0.5496806718750001 0.08980420312500001 0.045888960937500035
1 0.7317562894651926 0.5289566472009503 0.0393098947373416 0.021340797907830743
1 0.4460599047131506 0.625339969556385 0.2265391573251802 0.1310878597781925
1 0.057237843749999996 0.5807667421874999 0.027961015625000005 0.049836398437499964
1 0.333229515625 0.6093856640624999 0.14835785937499998 0.12187713281249994
2 0.4750083125 0.5580689765625 0.01578975000000001 0.02861892187499997
1 0.18947700000000003 0.7001767265624999 0.3102027968750001 0.3153015703124999
1 0.765802875 0.5674441406249999 0.06710643750000003 0.058718132812500025
1 0.23026718749999997 0.5008311328125 0.017434515624999994 0.01282917187499999
1 0.5778058249016614 0.5842206205022252 0.1238512030564598 0.06685960240831638
1 0.6565904375 0.529943484375 0.04243495312500004 0.016776609375000008
1 0.4381654391604623 0.5106997265625 0.03898068136588944 0.03108607031249999
1 0.9480429062500001 0.5778061640625001 0.09177792187500002 0.08684362500000002
1 0.20954318996081506 0.529943484375 0.033224265625000006 0.03207294448824456
1 0.27796464516999253 0.585824527521388 0.06962851240536558 0.06969717922599843
1 0.9908803007812499 0.5758324453125001 0.018239398437500044 0.07993560937500002
1 0.37336159954653725 0.53882521875 0.12006751570092078 0.0402966788811149
1 0.6605378749999999 0.5674441406249999 0.16513446874999999 0.07302759375000001
2 0.79672446875 0.74014453125 0.12434428124999997 0.3202358671875
1 0.6102080468750001 0.5166208828125 0.035197984375000026 0.016776609375000008
1 0.9460691874999999 0.5797798828125 0.09046210937499997 0.08783048437499996
1 0.07302759374999998 0.557575546875 0.12829171874999998 0.08783048437499996
1 0.14901576562500002 0.5225420390625001 0.04868506250000001 0.020724046875000023
1 0.278039191613026 0.5462814776465109 0.10563017322013547 0.053016123467141976
1 0.869202715407506 0.5929379880796539 0.18289781910292233 0.105593953125
1 0.5848314066893653 0.522894465683527 0.045066642961124496 0.03728923269544602
1 0.08980420312500001 0.5106997265625001 0.04605343750000001 0.017763468750000032
