1 0.205595703125 0.5141537343749999 0.032566359374999986 0.029605781249999998
1 0.33487428125000007 0.557575546875 0.10394918750000001 0.0478626796875
1 0.560536125 0.5373449296875 0.052303546875000016 0.05181011718750002
1 0.673367046875 0.5383317890624999 0.045066578125 0.041448093749999956
2 0.915476546875 0.5363580703124999 0.01250021875000004 0.044902101562500005
1 0.5157984999999999 0.5353712109375 0.05164564062499994 0.04046123437500002
1 0.476324125 0.514153734375 0.03881646874999998 0.027632062500000033
1 0.70593340625 0.5373449296875 0.03684275000000004 0.037007226562499974
1 0.232569859375 0.52698290625 0.02467148437500001 0.021217476562499994
1 0.5618519375 0.5333974921875 0.05723784374999994 0.0478626796875
1 0.44178404687500006 0.5472135234375 0.10954139062500001 0.059211562499999995
1 0.16480551562499998 0.5373449296875 0.04802715624999999 0.0478626796875
1 0.3355321875 0.5353712109375 0.04934296875000002 0.03059264062500002
1 0.5990236652990752 0.5311771881326445 0.027467746318988517 0.020477584940520276
1 0.0383230390625 0.545733234375 0.076646078125 0.04687582031249997
1 0.260201921875 0.5363580703125 0.051645640624999996 0.03503350781250001
1 0.262833546875 0.5215551796875 0.031908453125 0.016776609375000008
1 0.746394640625 0.5501741015625 0.052303546875000016 0.0478626796875
1 0.614155484375 0.545733234375 0.04802715625000005 0.04440867187500004
1 0.83883046875 0.5383317890624999 0.08980420312500001 0.049836398437499964
1 0.44309985937499996 0.6720512343749999 0.356914140625 0.2531294296875
1 0.118752078125 0.5482003828125 0.09342268749999998 0.06266557031249995
1 0.7378418593749998 0.5363580703124999 0.04736924999999997 0.029605781249999998
