1 0.3847477230099602 0.5944802255596923 0.05829092285447863 0.054870024906717954
1 0.57829959375 0.623695125 0.035197984375000026 0.017270039062499975
1 0.48619271875 0.6118528124999999 0.011513359374999983 0.024178054687499985
1 0.5223775625 0.5906353359375001 0.06546167187500002 0.07253416406250005
1 0.4336709771121626 0.6092197756663676 0.04243511922307442 0.025165163209611575
1 0.4615223676710004 0.6170325492607496 0.024671484374999983 0.014309460937499985
2 0.15723959375 0.675998671875 0.05131668750000002 0.1929310078125
1 0.5959025826093475 0.6106164838182201 0.017106858717896502 0.024918685300461173
1 0.9159612265625 0.8511662109374999 0.16807754687500007 0.2817483515625
1 0.5712285181825003 0.6049439469029998 0.046547339394166797 0.04835695934700031
