1 0.14210775 0.5126734453124999 0.046053437499999995 0.03108607031249999
1 0.07006701562499999 0.5003377031249999 0.06644853125 0.027632062500000033
1 0.5181011718749999 0.5304369140625 0.05756679687499998 0.04736925000000003
1 0.38224353125000005 0.5116865859375 0.05296145312500003 0.019737187499999996
1 0.103620234375 0.5077391484375 0.040461234374999995 0.02565834374999998
1 0.623366171875 0.5353712109375 0.07138282812499999 0.049342968749999994
1 0.43454707812499993 0.525996046875 0.06875120312499998 0.046382390625000006
1 0.18191107812500001 0.5106997265625 0.074672359375 0.03996780468749996
1 0.57172053125 0.52698290625 0.05690889062499996 0.05575755468750003
1 0.31776871874999996 0.5052719999999999 0.07829084374999998 0.036020367187500034
