2 0.2621749268181329 0.48504138281250003 0.012500218749999981 0.022204232320374117
1 0.33355846874999995 0.5304369140625 0.07533026562499998 0.05082325781249999
2 0.00855278125 0.5087260078125 0.0171055625 0.04835610937499997
1 0.5056009531250001 0.5072457187499999 0.11677835937500003 0.07894874999999998
1 0.07639936328125001 0.5511609609375 0.15279872656250001 0.09029763281249999
1 0.98594600390625 0.49046910937499993 0.02810799218750001 0.04292838281250004
1 0.975346015625 0.496390265625 0.007894874999999975 0.04194152343750002
2 0.31776871875000007 0.49836398437499996 0.01578975000000001 0.03996780468749996
1 0.8046193437500001 0.5003377031249998 0.08750153125000004 0.055264124999999976
2 0.295728859375 0.5116865859375 0.025987296875000017 0.07401445312500003
