1 0.49014015624999996 0.5943348065809845 0.07763293750000001 0.1041136640625
1 0.0774100999670227 0.6635196658228638 0.1548201999340454 0.1731938203125
1 0.24145159374999997 0.545733234375 0.16743714062499998 0.10065965625000003
1 0.22368812499999996 0.686854125 0.22664870312499996 0.21316162500000005
1 0.19819591898080588 0.5807667421875 0.14013403124999999 0.14309460937500001
1 0.9121870156249999 0.6340571484375 0.133226015625 0.11546254687499999
1 0.823698625 0.5363580703124999 0.03505323825248112 0.014309460937499985
1 0.776329375 0.545733234375 0.03486903125000005 0.017270039062499975
1 0.7674476406250001 0.54277265625 0.024013578125000025 0.01834089219222008
1 0.4648107656249999 0.5337265165854396 0.005153503927747316 0.006414585937500039
1 0.03242101100086419 0.9119764935705146 0.06484202200172838 0.17604701285897092
1 0.8381725624999999 0.5403055078125 0.017105562499999987 0.012335742187500021
1 0.9926895375546442 0.5343843515625 0.014620924890711843 0.00530439350410159
1 0.391783171875 0.54277265625 0.020724046874999996 0.022697765624999987
1 0.93488478125 0.5600426953125 0.07500127960452309 0.03996780468749996
1 0.311518609375 0.545733234375 0.03486903124999999 0.04095466406249999
1 0.802974578125 0.5600426953125 0.06381690625 0.03503350781250001
1 0.4687581708872391 0.5338909944099621 0.006908015624999978 0.006414585937500039
1 0.9697538125 0.5600426953125 0.05830692619209188 0.05230354687499998
1 0.33619009375 0.549680671875 0.01644765625000003 0.02861892187499997
1 0.97041171875 0.5343843515625 0.015131843749999992 0.008388304687500004
1 0.35494042187499997 0.6236951249999999 0.09144896874999997 0.10065965624999995
1 0.053619359374999995 0.5383317890624999 0.014473819075690756 0.012335742187500021
1 0.6658011250000001 0.5787930234374999 0.13585764062500008 0.22377783853862657
1 0.0302636875 0.5383317890624999 0.016447656249999998 0.012335742187500021
1 0.976003921875 0.5383317890624999 0.029605781250000025 0.01529632031250001
1 0.9108712031249998 0.549680671875 0.106909765625 0.05575755468750003
1 0.517443265625 0.6528074765625 0.13585764062500008 0.18651642187499995
1 0.9370142265624999 0.8289618749999998 0.12597154687500012 0.34095991406250004
1 0.4748388524325822 0.8205735703125001 0.2633352824040296 0.3493532022549178
1 0.12006789062499999 0.5590558359375 0.030263687499999983 0.03108607031249999
1 0.4815215697693425 0.5312264125167433 0.006908015624999978 0.006414585937500039
1 0.4996797968750001 0.5324106328125 0.004276390625000026 0.003947437500000017
1 0.831264546875 0.5383317890624999 0.028004304111268398 0.012335742187500021
1 0.8477122031250001 0.5551083984374999 0.05559307812500004 0.03108607031249999
1 0.835211984375 0.5886616171875 0.07204073437499996 0.03996780468749996
1 0.769421359375 0.6908015625000001 0.21480639062500007 0.23141852343750005
1 0.4599017318437133 0.535143487822929 0.006908015624999978 0.005199973841999661
