2 0.456915890625 0.5264894765625 0.013158124999999998 0.03996780468749996
2 0.6039579375 0.6478731796874999 0.042763906250000025 0.17072667187499996
2 0.56316775 0.607905375 0.035197984375000026 0.15246977343749996
2 0.97064968359375 0.6488600390625 0.05870063281250009 0.19095728906250004
2 0.6181029218749999 0.6162936796875 0.030263687499999983 0.15246977343749996
2 0.550009625 0.6360308671875 0.06644853125000001 0.20625360937500004
2 0.729289078125 0.5482003828125 0.025658343750000038 0.07401445312500003
2 0.85198859375 0.6389914453125 0.06644853124999996 0.17516753906249996
1 0.42731010937499997 0.5565886875 0.10164651562499998 0.09375164062500004
2 0.5194169843750001 0.5324106328125 0.02565834374999998 0.07253416406250005
1 0.9240293281249999 0.6034645078125 0.15098948437499995 0.11792969531250001
2 0.6220503593749999 0.537838359375 0.017105562499999987 0.06710643750000003
