1 0.232569859375 0.5486938125 0.054935171874999994 0.05032982812500002
1 0.6575772968749999 0.52698290625 0.07697503124999999 0.045395531249999975
1 0.35132193749999996 0.5146471640625 0.008223828125000015 0.011348882812499994
1 0.4850965592622874 0.5437595156249999 0.07028640544057184 0.045395531249999975
1 0.291123515625 0.5220486093749999 0.011513359374999983 0.010855423513592566
1 0.3640414788040525 0.5130024291435786 0.00953964062499999 0.010362023437499968
1 0.39737537500000003 0.5116865859375 0.008881734374999973 0.010362023437499968
1 0.33849276562499997 0.5220486093749999 0.006908015624999978 0.010362023437499968
1 0.31086070312499997 0.5220486093749999 0.011513359374999983 0.010362023437499968
1 0.8434358125 0.5136603046875001 0.06513271875000003 0.07944217968750004
1 0.31908453124999997 0.5166208828125001 0.008223828125000015 0.00937516406250003
1 0.42073104687499996 0.5116865859375 0.006908015624999978 0.007401445312499977
2 0.11447568749999999 0.5733652968749998 0.015789749999999995 0.049342968749999994
2 0.783237390625 0.5166208828125 0.014473937500000034 0.05674441406249997
1 0.0304281640625 0.57435215625 0.060856328125 0.07500131249999997
1 0.3266504662856255 0.5161274432545309 0.011513359374999983 0.01529632031250001
1 0.5737701896295268 0.5106997265625 0.01745982259258175 0.014992664791691012
1 0.2766495781250001 0.5363580703124999 0.008223828125000015 0.017270039062499975
2 0.5427726562499998 0.545733234375 0.013816031249999956 0.049342968749999994
1 0.8763311249999999 0.5003377031249999 0.020724046874999996 0.024671484375000042
1 0.3835593305893744 0.5087260078124999 0.006908015624999978 0.010362023437499968
1 0.23618834374999997 0.5363580703125 0.025329390625 0.012335742187500021
1 0.2531294399688016 0.5242690892346074 0.008223828125000015 0.012089042765702463
1 0.33454532154468725 0.5131668651295309 0.006908015624999978 0.009868583879530846
1 0.39803328125 0.5126734453124999 0.00953964062499999 0.00937516406250003
1 0.9855435625 0.5126734453124999 0.014473937500000034 0.03108607031249999
2 0.11447568749999999 0.5649769921875 0.0302636875 0.05674441406249997
1 0.1219870798625378 0.5430194216774591 0.18229469565235285 0.08807714863504099
1 0.2908087037619664 0.5427941359091981 0.0281040794698639 0.04074020217832839
1 0.87172578125 0.5052719999999999 0.011513359374999983 0.05230354687499998
1 0.26184676645901467 0.5482004222920074 0.03528018975666057 0.04342181250000001
1 0.36645378125000005 0.5116865859375 0.008223828125000015 0.011348882812499994
1 0.405599203125 0.5240223281249999 0.011513359374999983 0.012335742187500021
1 0.34342704275906166 0.5131668651295309 0.009868587169687259 0.012335742187500021
1 0.06304870924835938 0.591951248232256 0.09287454999830187 0.07796195971367723
1 0.33158475 0.5220486093750001 0.011513359374999983 0.01529632031250001
1 0.372703890625 0.5106997265625001 0.005592203125000002 0.00937516406250003
1 0.090462109375 0.575339015625 0.042434953125 0.04736925000000003
1 0.38026981249999997 0.5126734453124999 0.00953964062499999 0.010362023437499968
1 0.3039527927786862 0.547953727188011 0.01644765625000003 0.036513757395492695
1 0.31151866201434314 0.5419092233860127 0.02302669243032843 0.030345906041496295
1 0.3332295082224628 0.5356179424369587 0.01644765625000003 0.024671484375000042
1 0.2913207635390581 0.5207515676333696 0.011513359374999983 0.006076247433315185
1 0.324018828125 0.5383317890624999 0.01644765625000003 0.024671484375000042
