1 0.9315865 0.671064375 0.136827 0.21710906249999998
1 0.150989484375 0.6227082656249999 0.13454182812500004 0.08536333593750003
1 0.6158002499999999 0.5250091874999999 0.02828996874999999 0.02171090624999996
2 0.36645378125 0.786526921875 0.052303546875000016 0.10312680468750006
1 0.6539588124999999 0.52698290625 0.03782960937499998 0.016283179687500038
2 0.27303109375 0.741131390625 0.07763293749999998 0.26250459374999996
1 0.8861997187499999 0.5600426953125 0.08158037500000007 0.036020367187500034
1 0.8049482968749999 0.5116865859375 0.021381953124999954 0.013322601562499958
1 0.29046560937500004 0.6009973593750001 0.10427814062500002 0.09079106250000005
1 0.95041906640625 0.5412923671875001 0.09916186718750003 0.05674441406249997
1 0.7865269218750001 0.5126734453124999 0.01644765625000003 0.01529632031250001
