1 0.040461234375 0.48800196093750003 0.019079281249999993 0.019737187499999996
1 0.1434262139063776 0.5996806630728739 0.24682478939237526 0.16414849317712585
1 0.375335515625 0.5304369140625 0.07138282812499999 0.054770695312500006
1 0.39342793750000005 0.4889888203125 0.036513796875000004 0.020724046875000023
1 0.08092246875 0.4889888203125 0.03355321874999999 0.020724046875000023
1 0.05000087499999999 0.48602824218749996 0.005592203125000002 0.008388304687500004
1 0.23503864848261766 0.5136596484194531 0.04276368749398432 0.012335742187500021
1 0.523693375 0.504285140625 0.07631712499999997 0.05131668749999996
1 0.28882084375 0.47665307812500013 0.008223828125000015 0.012335742187500021
1 0.056908890625 0.4889888203125 0.016447656249999998 0.01529632031250001
1 0.421388953125 0.5220486093750001 0.05888260937500001 0.05131668750000005
1 0.6039579375 0.5067522890625 0.06875120312500003 0.03898094531250003
1 0.2986894375 0.5077391484375 0.08914629687500003 0.04243495312499999
1 0.26842574999999996 0.478626796875 0.020724046874999996 0.012335742187500021
