1 0.356914140625 0.5314237734375 0.03486903124999999 0.01529632031250001
2 0.26217564062500004 0.5412923671875 0.013158125000000027 0.04687582031249997
1 0.22303021875 0.5403055078125 0.017105562500000015 0.02861892187499997
1 0.03782960937500001 0.5486938125 0.04934296875000001 0.06463928906250001
1 0.006908015625 0.5600426953125 0.01381603125 0.05970499218749996
1 0.0644748125 0.5486938125 0.05559307812500001 0.046382390625000006
1 0.6381690624999999 0.6083988046875 0.14769995312500003 0.18404927343750002
1 0.43652079687499995 0.5393186484375 0.037171703125000025 0.03404664843749998
1 0.169410859375 0.525996046875 0.020724046874999996 0.016283179687500038
2 0.7684344999999999 0.6271491328125001 0.033224265625000034 0.1435880390625
1 0.171055625 0.547706953125 0.03717170312499999 0.04440867187500004
2 0.28882084375 0.5664572812499999 0.020724046874999996 0.08388304687500003
2 0.40461234374999994 0.5664572812499999 0.016118703124999988 0.08092246874999995
1 0.243754265625 0.54277265625 0.03157949999999999 0.03108607031249999
