1 0.31086070312499997 0.5536281093749998 0.07138282812499999 0.057731273437499994
1 0.48948225 0.5126734453124999 0.01644765625000003 0.012335742187500021
1 0.9635037031249999 0.5176077421875 0.07138282812499999 0.05230354687499998
1 0.041777046874999994 0.547706953125 0.025329390625 0.024671484375000042
1 0.581918078125 0.5393186484375 0.032237406249999975 0.04736925000000003
1 0.8496859218750001 0.5156340234375 0.06513271875000003 0.04243495312499999
1 0.546391140625 0.5087260078125 0.008881734375000032 0.006414585937500039
1 0.274017953125 0.6227082656249999 0.17006876562499998 0.18404927343750002
1 0.09671221875 0.5314237734375 0.016447656249999998 0.006414585937500039
1 0.877975890625 0.5013245625 0.025987296875000017 0.01529632031250001
1 0.7661318281249999 0.5052719999999999 0.03157950000000002 0.019737187499999996
1 0.9766618281249999 0.48602824218750007 0.03486903125000005 0.012335742187500021
1 0.7075781718749998 0.5136603046875 0.06579062499999999 0.03898094531250003
1 0.28947875 0.5240223281249999 0.04605343750000002 0.02861892187499997
1 0.07697503124999999 0.549680671875 0.05986946875 0.019737187499999996
1 0.643761265625 0.51908803125 0.030263687499999983 0.024671484375000042
1 0.5463911406249999 0.504285140625 0.006908015625000038 0.003947437500000017
1 0.46053437499999994 0.5314237734375 0.03486903124999999 0.037007226562499974
1 0.99499221484375 0.5304369140625 0.01001557031249997 0.02861892187499997
1 0.652643 0.50329828125 0.008223828124999954 0.012335742187500021
1 0.50724571875 0.5146471640625 0.020724046874999996 0.017270039062499975
1 0.55856240625 0.5787930234374998 0.06579062500000005 0.08042903906249999
1 0.851659640625 0.4993508437500001 0.011513359374999983 0.006414585937500039
1 0.17705877948428614 0.5459799788135811 0.03157949999999999 0.019737187499999996
1 0.49770607812499995 0.5363580703124999 0.03914542187500002 0.045395531249999975
1 0.16677923437499995 0.5324106328125 0.04671134374999998 0.024671484375000042
1 0.609550140625 0.505272 0.008223828124999954 0.012335742187500021
1 0.47698203125 0.5116865859375 0.010197546875000008 0.010362023437499968
1 0.470074015625 0.5156340234375 0.030263687499999983 0.019737187499999996
1 0.71645990625 0.5240223281249999 0.05559307812500004 0.03898094531250003
1 0.9286346718749999 0.52106175 0.021381953124999954 0.04095466406249999
1 0.6411296899553897 0.5050250076728091 0.005592104464221019 0.005180919224269687
1 0.106251859375 0.54672009375 0.055593078125000014 0.024671484375000042
1 0.60461584375 0.5126734453124999 0.004276390624999967 0.017270039062499975
1 0.544417421875 0.5176077421875 0.03486903124999999 0.020724046875000023
1 0.5332330156249999 0.5146471640625 0.016447656249999967 0.019737187499999996
1 0.4592185625 0.5087260078124999 0.01644765625000003 0.010362023437499968
1 0.87435740625 0.5146471640625 0.03157950000000002 0.032072929687500015
1 0.3802698124999999 0.54672009375 0.05559307812499999 0.058718132812500025
1 0.9608633281250001 0.5817536015624999 0.07827334375000004 0.08042903906249999
1 0.6065895625 0.5097128671875 0.008223828124999954 0.013322601562499958
1 0.581260171875 0.5116865859375 0.04671134375000001 0.06069185156249999
1 0.5338909218750001 0.5570821171875 0.04111914062500001 0.054770695312500006
1 0.116120453125 0.5314237734375 0.004276390624999997 0.010362023437499968
1 0.4302706875 0.567444140625 0.07138282812499999 0.07401445312500003
1 0.6292873281250001 0.50329828125 0.01644765625000003 0.02861892187499997
1 0.770737171875 0.5363580703124999 0.11612045312500001 0.07006701562500002
