2 0.31966936320247125 0.533479735037447 0.008826905808368698 0.03807632878744691
2 0.750342078125 0.5369215734348347 0.014144984375000055 0.04814429871941019
2 0.3296110893658915 0.5353712109375 0.01085543375303614 0.0375006271920542
1 0.17171353125 0.6059316562500001 0.10625185937500001 0.09128449218750001
1 0.676327625 0.6143199609375 0.16052912499999994 0.18108869531250002
1 0.40855978125 0.502311421875 0.020395093750000017 0.03059264062500002
1 0.4929691654278654 0.5827650609114702 0.1717627619551039 0.3229248767481823
1 0.03914546793074029 0.6557679510620844 0.07741376590793081 0.13964060156249997
1 0.2565834375 0.539812078125 0.04440867187499998 0.03157949999999996
1 0.2407936875 0.5407989375 0.01578975000000001 0.027632062500000033
1 0.659551015625 0.520074890625 0.04144809374999999 0.017763468750000032
1 0.744420921875 0.525996046875 0.07204073437499996 0.041448093749999956
1 0.40230967187499994 0.5353712109375 0.02203985937499997 0.03454007812500004
1 0.6957358593750002 0.52698290625 0.03125054687500004 0.01529632031250001
1 0.393756890625 0.5284631953125001 0.02203985937500003 0.03454007812500004
1 0.799027140625 0.6227082656249999 0.12269951562499995 0.12187713281250004
