1 0.5443078168922979 0.45461347536423113 0.019408234374999958 0.033388900103950014
1 0.41777046875 0.4090532109375 0.019408234375000017 0.02516491406250001
1 0.552970203125 0.458889609375 0.029934734375000004 0.04194152343750002
1 0.40790187499999997 0.4268166796875 0.020066140624999975 0.02516491406250001
1 0.499021890625 0.37599342187499996 0.00921068750000001 0.009868593749999998
1 0.42040209375 0.4060926328125 0.016776609375000008 0.020724046874999978
1 0.499679796875 0.356256234375 0.005921156249999981 0.006908015625000008
1 0.47961365624999996 0.3829014375 0.013158124999999998 0.01282917187499999
1 0.4750083125 0.38092771875 0.003289531250000029 0.009868593749999998
1 0.380598765625 0.4791202265625 0.080593515625 0.09967279687500001
1 0.5427726562499999 0.45099473437499993 0.018750328125 0.029112351562500027
1 0.045395531249999996 0.553628109375 0.089146296875 0.05082325781249999
1 0.47961365624999996 0.38454643012989687 0.012061601423629161 0.008881793593668742
1 0.5204038437499999 0.362177390625 0.006579062499999999 0.006908015625000008
1 0.505600953125 0.3592168125 0.006579062499999999 0.004934296874999999
1 0.41316512499999997 0.41990866406249994 0.020066140624999975 0.02516491406250001
1 0.49046910937499993 0.5447463750000001 0.11184406249999998 0.1504960546875
1 0.0343756015625 0.561522984375 0.068751203125 0.0478626796875
1 0.4736925 0.40214519531250004 0.013158124999999998 0.01776346874999999
1 0.445073578125 0.40313205468749996 0.025329390625 0.04884953906249998
1 0.33388733897433587 0.40629035287028936 0.024013578125000025 0.02792814518269928
