2 0.8097182890431666 0.4949099765625 0.005263250000000023 0.016283179687500038
1 0.7871190678908013 0.4884953906249999 0.011842312499999962 0.0161844875336997
1 0.7909678384000415 0.5935959140625 0.16365422902504168 0.19564494510006245
1 0.8088957343749998 0.4870151015625 0.010197546874999948 0.010855453125000025
1 0.7380886101926919 0.5058270660005774 0.01056761143192316 0.017331675375577404
1 0.738170898838 0.4881253669245 0.026891885592000026 0.03127114691625001
1 0.691788421875 0.5368514999999999 0.033224265625000034 0.05674441406249997
1 0.8513306875000001 0.5146471640625 0.04144809374999999 0.03750065625000003
1 0.7246837584946513 0.5215551796875001 0.021601263248217133 0.03750065625000003
1 0.7720529843749999 0.4899756796875 0.02203985937500003 0.009868593749999998
1 0.767447640625 0.49540340625 0.04046123437500005 0.010855453125000025
1 0.6098790937500002 0.513166875 0.005592203125000002 0.008388304687500004
1 0.5968854254138007 0.7892408692734783 0.2771431036880505 0.3444140141326052
1 0.790474359375 0.4771465078125 0.01578974999999995 0.01924375781250003
1 0.9013315624999999 0.55066753125 0.045066578125 0.09128449218750001
1 0.69935434375 0.520074890625 0.04802715625000005 0.058224703124999964
1 0.761709409682666 0.519343914675476 0.07536682837019046 0.053491445557690476
1 0.8351024418748395 0.5046141677555724 0.025219848124839572 0.029605692443313014
1 0.95420202734375 0.5230354687500001 0.09159594531250002 0.11644940625000003
1 0.7565921874999998 0.4899756796875 0.013816031249999956 0.005427726562500013
1 0.7250126874999999 0.5092194375 0.03125054687500004 0.036020367187500034
1 0.9170303242187501 0.7455722578125 0.16593935156249995 0.35280222656250004
1 0.60527375 0.5116865859375 0.008223828124999954 0.01529632031250001
1 0.787842734375 0.4939231171875001 0.011842312499999962 0.01529632031250001
2 0.8869673399966733 0.4909625390625 0.006908053998004012 0.028618864315494007
1 0.6467218437500001 0.54672009375 0.09309373437500004 0.13125229687499998
1 0.6207345468750002 0.5797798828125 0.14013403125000004 0.13026543749999994
