1 0.3486903125 0.44803415625 0.01578975000000001 0.023684625000000015
1 0.5115223922025665 0.5023114218750001 0.039803328124999975 0.05131668750000005
1 0.5278056779504039 0.516127453125 0.04243495312500004 0.06143215518425613
1 0.4373435685754039 0.46481076562499996 0.025987296875000017 0.023684625000000015
1 0.35329565625000003 0.45642246093749994 0.01842137500000002 0.02220433593750002
1 0.36349320312500005 0.47467935937499994 0.03421112500000003 0.016776609375000008
1 0.42698115625000005 0.45938303906249994 0.019408234375000017 0.023684625000000015
1 0.37632237500000004 0.48306766406250007 0.010197546875000008 0.03454007812500004
1 0.354282515625 0.44013928125 0.010197546875000008 0.010855453125000025
1 0.47138982812499997 0.478626796875 0.024013578125000025 0.03454007812500004
1 0.17072667187499999 0.6034645078125 0.19276653125000004 0.20625360937499995
1 0.35888785937499995 0.49540340625 0.04704029687499999 0.058224703124999964
1 0.368098546875 0.4401392812500001 0.01578975000000001 0.01529632031250001
1 0.49661148371931885 0.4958972670399717 0.034759859211079734 0.044902532664971774
1 0.07977113281249999 0.74014453125 0.15954226562499998 0.30987384375
1 0.863493203125 0.800375322265625 0.27301359375000006 0.39924935546875007
1 0.3384927656250001 0.44408671875000005 0.013816031250000017 0.01924375781250003
1 0.37730923437499997 0.4830676640624999 0.00921068750000001 0.033059789062499956
1 0.41250721875 0.45247502343749996 0.019408234375000017 0.02220433593750002
1 0.32665045312499996 0.43323126562500003 0.0036184843750000084 0.003947437500000017
1 0.3302697997049435 0.434218125 0.008553068651647837 0.005921587352471747
1 0.5624023961209667 0.5342210246065913 0.07357632796107966 0.09506817162911955
1 0.34770345312500006 0.43569841406250004 0.008223828125000015 0.003947437500000017
1 0.4768179435754039 0.4840545234375 0.030099316997837397 0.03454007812500004
1 0.604072438656084 0.5791242060505788 0.1165627339913056 0.1414534813358129
1 0.339479625 0.5146471640625 0.060856328125000005 0.06365242968749998
1 0.29803153125000004 0.5491872421874999 0.07467235937500002 0.08042903906249999
1 0.38191457812500007 0.44260642968749997 0.013816031250000017 0.016776609375000008
1 0.395730609375 0.447047296875 0.01842137500000002 0.016776609375000008
1 0.41793533420040396 0.4571627645592562 0.016611956045270954 0.022204654118512312
