1 0.568431 0.40855978125 0.022697765624999987 0.01529632031250001
1 0.7302759375 0.38388829687500003 0.04111914062500001 0.014309460937499985
1 0.15921331249999998 0.45099473437499993 0.04243495312499999 0.02861892187499997
1 0.38092771875 0.44359328906249995 0.01907928124999998 0.027632062500000033
1 0.6506692812499999 0.39140584581732674 0.021381953124999954 0.011348882812499994
1 0.8090931073903723 0.37253941406249996 0.01684240228074465 0.008388304687500004
1 0.7779467287098178 0.3804754069352732 0.042133411915182134 0.01492624424331961
1 0.8996867968749999 0.379940859375 0.05131668749999996 0.03898094531249998
1 0.9917936718750001 0.3592168125 0.008881734375000032 0.009375164062499986
1 0.6273136093749999 0.3969786915192538 0.022001171573656463 0.014541667855746176
1 0.02508267578125 0.49293625781249994 0.0501653515625 0.03404664843749998
1 0.63685325 0.39602668692488485 0.008881734375000032 0.012335742187499976
1 0.41809941529514794 0.4218823828125 0.045395531249999975 0.023684625000000015
1 0.52303546875 0.41300064843749995 0.03157950000000002 0.014309460937499985
1 0.5356014986516134 0.40757292187500005 0.01789505947382158 0.010559409523232333
1 0.55856240625 0.40757292187500005 0.04177704687499997 0.02565834374999998
1 0.38915154687500003 0.4255230903475374 0.03131278011584584 0.02171090624999996
1 0.10164652536200862 0.45938303906249994 0.023355681612008596 0.014309460937499985
1 0.18684537499999998 0.450007875 0.018421374999999993 0.01529632031250001
1 0.8375616474993003 0.3676051171875 0.029887741527933307 0.01529632031250001
1 0.6809329687500001 0.385862015625 0.023781370865346575 0.02182700987982673
1 0.467442390625 0.4159612265625 0.02203985937500003 0.02171090624999996
1 0.9740302031250001 0.3715525546875 0.04605343750000005 0.046382390625000006
2 0.45724484374999996 0.4169480859375 0.005592203125000002 0.018750328124999972
1 0.12385951122161162 0.45572127266640494 0.04098063490260332 0.02171090624999996
2 0.5181011718749999 0.3989378949414164 0.003289531250000029 0.006414585937500039
1 0.07245192578125 0.5077391484374999 0.1449038515625 0.08018236163691847
