1 0.3938038770140648 0.5400940690617088 0.0336002051390647 0.05491165447969415
1 0.20205945703124997 0.7633357265624999 0.40411891406249995 0.32714388281249995
1 0.36711168749999995 0.5728718671874999 0.037171703125000025 0.04095466406249999
1 0.770737171875 0.5738587265625 0.08190932812500004 0.0379940859375
1 0.9874262929687501 0.626655703125 0.025147414062499963 0.05674441406249997
1 0.585207609375 0.5812601718750001 0.06875120312500003 0.10510052343750002
1 0.8674493906249999 0.5758324453125001 0.035855890624999984 0.03454007812500004
1 0.17368725 0.5960630625000001 0.057566796875000006 0.03454007812500004
1 0.2592150625 0.5718850078125 0.17993735937499997 0.09029763281249999
1 0.528956625 0.563496703125 0.05394831249999997 0.033553218750000016
1 0.03163419365820328 0.5735298342971754 0.0604176833852164 0.06620161861230489
