1 0.77040821875 0.5092194375 0.018092421875000042 0.01578974999999998
1 0.7786320468750001 0.528956625 0.038816468750000034 0.036513796875000004
1 0.461521234375 0.531917203125 0.09177792187500002 0.044902101562500005
1 0.5845497031249999 0.5215551796875 0.04111914062500001 0.03848751562499997
1 0.4697450625 0.5028048515625001 0.010526499999999987 0.014802890625000042
1 0.7069202656249999 0.512180015625 0.039803328124999975 0.024178054687499985
1 0.752973703125 0.51119315625 0.04111914062500001 0.02516491406250001
1 0.83356721875 0.5008311328125 0.013158124999999998 0.013322601562499958
1 0.0110199296875 0.5008311328125 0.022039859375 0.019737187499999996
1 0.0044408671875 0.4978705546875 0.008881734375 0.007401445312499977
1 0.112173015625 0.5768193046875 0.187832234375 0.09621878906249996
1 0.4079018750000001 0.49342968749999994 0.009868593750000028 0.007401445312499977
1 0.6431033593749999 0.527969765625 0.06973806249999998 0.036513796875000004
1 0.608892234375 0.5037917109375 0.05427726562500001 0.026151773437500036
1 0.6026421249999999 0.525996046875 0.056250984375 0.036513796875000004
1 0.404941296875 0.5250091875 0.06809329687499996 0.05032982812500002
1 0.020066140625 0.48948225 0.006250109375000002 0.007401445312499977
1 0.837185703125 0.5215551796875 0.020724046874999996 0.030099210937499964
1 0.8496859218749999 0.544746375 0.013158124999999998 0.036513796875000004
1 0.7473814999999999 0.5156340234375 0.04736924999999997 0.029112351562500027
1 0.033553218749999995 0.5072457187499999 0.05065878125 0.0281254921875
1 0.78356634375 0.510206296875 0.018092421875000042 0.018750328124999972
