1 0.01077321484375 0.7223810625 0.0215464296875 0.10756767187500005
1 0.2210565 0.5866878984375 0.09506745312499998 0.08486990624999997
1 0.4750083125 0.5708981484375 0.09309373437499999 0.054770695312500006
1 0.382572484375 0.6005039296875 0.06973806249999998 0.08388304687500003
1 0.062172140625 0.6113593828124999 0.12434428125 0.10065965625000003
1 0.061267519531249995 0.6646497890624999 0.12253503906249999 0.11052825000000004
1 0.30132106249999996 0.5995170703125 0.07664607812500002 0.07993560937500002
1 0.8585674489825865 0.6838932359738796 0.2812551291424134 0.17516681362655273
1 0.70856503125 0.5807667421875001 0.06710643750000003 0.0379940859375
1 0.007894874999999999 0.5477069531250001 0.015460796874999997 0.026151773437500036
1 0.5509962080184486 0.6207343396075865 0.06776420557172429 0.07549443128637971
1 0.9967192187499999 0.6434323125000001 0.00656156250000007 0.026151773437500036
1 0.4684292499999999 0.6071652057967721 0.06710643749999996 0.08289608881208874
1 0.6394848750000002 0.6123462421875 0.07664607812500002 0.09868593749999999
1 0.7776451874999999 0.6695840859375 0.171055625 0.13273258593749998
1 0.0504943046875 0.6903081328124999 0.100988609375 0.17171353125
1 0.134541828125 0.5955696328125001 0.08585676562499998 0.07401445312500003
2 0.23947787499999998 0.6547811953124999 0.03092159375 0.13075886718750002
