1 0.4585606562499999 0.51514059375 0.008552781249999994 0.008388304687500004
1 0.43684975000000004 0.5482003828125 0.016118703124999988 0.011348882812499994
1 0.518430125 0.508232578125 0.008552781249999994 0.011348882812499994
1 0.523364421875 0.5195814609374999 0.011513359374999983 0.01282917187499999
1 0.34474287499999995 0.5551083984374999 0.04736924999999997 0.02565834374999998
1 0.25066228125 0.576325875 0.028618921874999998 0.02861892187499997
2 0.4144809375 0.5407989375 0.0026316250000000116 0.003947437500000017
1 0.442441953125 0.5482003828125 0.00953964062499999 0.011348882812499994
1 0.276320625 0.5679375703125 0.026645203124999975 0.03108607031249999
1 0.49671921874999997 0.4781333671875 0.007565921874999996 0.006908015625000008
1 0.49869293749999993 0.49836398437499996 0.007565921874999996 0.006908015625000008
1 0.46250809374999996 0.5097128671875 0.008552781249999994 0.011348882812499994
1 0.51382478125 0.49836398437499996 0.00953964062499999 0.011348882812499994
1 0.4796136562499999 0.5482003828125 0.018092421874999983 0.021217476562499994
1 0.350335078125 0.563496703125 0.030263687499999983 0.02861892187499997
1 0.5003377031249999 0.527969765625 0.00953964062499999 0.014309460937499985
1 0.594418296875 0.5807667421875 0.033224265625000034 0.037007226562499974
1 0.46250809374999996 0.5482003828125 0.008552781249999994 0.017270039062499975
1 0.52040384375 0.5166208828125 0.007565921874999996 0.005921156249999981
1 0.523364421875 0.5264894765625 0.010526499999999987 0.01282917187499999
1 0.3171108125 0.5837273203125001 0.04934296875000002 0.06266557031250004
1 0.227964515625 0.6034645078125 0.07302759375000001 0.06414585937500003
1 0.6486955625 0.5610295546875 0.011513359374999983 0.014309460937499985
1 0.38092771875 0.563496703125 0.018092421874999983 0.006908015625000008
1 0.44737625 0.5368514999999998 0.011513359374999983 0.01282917187499999
1 0.49375864062499997 0.472705640625 0.004605343750000005 0.005921156249999981
1 0.36382215625000003 0.607905375 0.075988171875 0.08388304687500003
1 0.56316775 0.5778061640625001 0.013158124999999998 0.02565834374999998
1 0.4539553125 0.5482003828125 0.015131843749999992 0.017270039062499975
1 0.431257546875 0.5565886874999999 0.05427726562500001 0.03108607031249999
1 0.384546203125 0.5950762031250001 0.05032982812500002 0.06562614843750003
1 0.489153296875 0.47418592968750006 0.011513359374999983 0.006908015625000008
1 0.5003377031249999 0.5111931562499998 0.015131843749999992 0.024178054687499985
1 0.4092176875 0.5837273203125001 0.04079018750000003 0.06266557031250004
1 0.2486885625 0.5610295546875 0.01809242187500001 0.005921156249999981
1 0.5194169843750001 0.5097128671875 0.008552781249999994 0.01282917187499999
2 0.5457332343749999 0.5501741015624999 0.006250109374999961 0.024178054687499985
1 0.579286453125 0.576325875 0.026645203124999975 0.037007226562499974
1 0.643761265625 0.5965564921875 0.055922031250000025 0.06266557031249995
