2 0.3191940951818448 0.5333974771108 0.00888174442613329 0.03799407086080002
2 0.750342078125 0.5376972121914163 0.014144984375000055 0.0487789122475224
2 0.3292820459602298 0.5353712109375 0.01096511488825674 0.037665148894885106
1 0.17072667187499999 0.6059316562500001 0.10427814062500002 0.09128449218750001
1 0.66777484375 0.6088922343750001 0.15131843750000004 0.1741806796875
1 0.4079018750000001 0.502311421875 0.017434515625000025 0.03059264062500002
1 0.49283754976931676 0.5835300769267834 0.17296375483935875 0.32487443369043173
1 0.03848735771960473 0.6572486990371393 0.0755491203097134 0.13964060156249997
1 0.25724134374999996 0.539812078125 0.04440867187500001 0.03059264062500002
1 0.24276740624999996 0.5422792265625 0.016447656249999998 0.026151773437500036
1 0.659551015625 0.5215551796875001 0.04144809374999999 0.017763468750000032
1 0.74803940625 0.525996046875 0.07204073437499996 0.04292838281250004
1 0.4013228125 0.5368514999999999 0.023026718750000025 0.036020367187500034
1 0.6957358593749999 0.529943484375 0.032237406249999975 0.024671484375000042
1 0.39474375000000006 0.52698290625 0.023026718750000025 0.03059264062500002
1 0.7970534218750001 0.6227082656249999 0.13191020312499996 0.12582457031249997
