1 0.4319482740657351 0.5136110732763972 0.009605494997227026 0.01485228140417032
1 0.5035450680540451 0.5074923410733706 0.007977082441123547 0.010855453125000025
1 0.19375339062500002 0.5649769921875001 0.083883046875 0.09079106250000005
1 0.45198159375 0.502311421875 0.003947437499999987 0.005921156249999981
1 0.35033507812500003 0.5146471640625 0.010197546875000008 0.007894875000000034
1 0.5523122968749999 0.5437595156249999 0.03486903125000005 0.04440867187500004
1 0.46119228125 0.49885741406249995 0.005263250000000023 0.005921156249999981
1 0.37961207066901587 0.5264894765625 0.024671484374999983 0.03059264062500002
1 0.484547953125 0.502311421875 0.00921068750000001 0.010855453125000025
1 0.5440884687499999 0.5205683203125 0.029605781250000025 0.024671484375000042
1 0.2633275109243015 0.5511609609375 0.06973756924295245 0.0675998671875
1 0.3618484375 0.5314237734375 0.024671484374999983 0.037007226562499974
1 0.4883305441197143 0.5235288984375 0.022697765624999987 0.027632062500000033
1 0.7592238124999999 0.6769855312499999 0.17434515625 0.19638501562499994
1 0.48553481249999997 0.49145596874999997 0.005263250000000023 0.005921156249999981
1 0.43863506360394816 0.5121805195453938 0.003947437499999987 0.01191258648947402
1 0.42928382812500004 0.5146471640625 0.011184406250000004 0.013816031250000017
1 0.420073140625 0.51908803125 0.011184406250000004 0.013816031250000017
1 0.8720547343749999 0.770737171875 0.25395181249999993 0.44211299999999987
1 0.473363546875 0.5008311328125 0.008223828125000015 0.010855453125000025
1 0.3072422187499999 0.5482003828125 0.03486903124999999 0.04440867187500004
1 0.5022015826076721 0.5087262195663689 0.008634984238938515 0.013816031250000017
1 0.5131668749999999 0.5176077421875 0.027632062499999974 0.016776609375000008
1 0.5309303848701686 0.5329040625 0.0147206831838765 0.037747463614129374
1 0.46020542187499996 0.5030513814348572 0.00625010937500002 0.00937516406250003
1 0.476324125 0.49293625781249994 0.005263250000000023 0.005921156249999981
1 0.48257423437499997 0.5198279908098572 0.020888646751761896 0.029112721505285676
1 0.4643502588831678 0.5029036203995034 0.007236968750000017 0.010559353862748288
1 0.39145421875 0.5250091875 0.010197546875000008 0.024671484375000042
1 0.350335078125 0.535864640625 0.03388217187499999 0.033553218750000016
1 0.47040296875 0.49145596874999997 0.005263250000000023 0.007894875000000034
1 0.47237668749999995 0.5001261335618614 0.003947437499999987 0.005921156249999981
1 0.6730380937499999 0.6251754140625 0.11875207812499997 0.13075886718750002
1 0.587181328125 0.5649769921875 0.05329040624999995 0.0675998671875
1 0.46119203462147623 0.502311421875 0.003947437499999987 0.007894875000000034
1 0.50724571875 0.51119315625 0.007236968750000017 0.010855453125000025
1 0.5191821242006811 0.5235288984375 0.009492687200255468 0.02509448392538314
1 0.508232578125 0.508232578125 0.01644765625000003 0.013816031250000017
1 0.0320729296875 0.612839671875 0.064145859375 0.12434428124999997
1 0.5327388805763965 0.5289574388781964 0.026645203125000034 0.041448093749999956
1 0.477310984375 0.4870151015625 0.005263250000000023 0.005921156249999981
1 0.42106 0.505272 0.00921068750000001 0.00937516406250003
1 0.5410339677297166 0.5403055078125 0.022321868205551234 0.042082613618740175
1 0.43356021875 0.5117691312211999 0.00921068750000001 0.01529632031250001
2 0.439810328125 0.51908803125 0.007236968750000017 0.020230617187499966
1 0.45592903125 0.5023114218750001 0.007236968750000017 0.00937516406250003
1 0.43849451562499997 0.5052719999999999 0.013158124999999998 0.023191195312499958
1 0.5222577804751697 0.5284631953125 0.00921068750000001 0.016776609375000008
1 0.47237668749999995 0.48356109375 0.005263250000000023 0.005921156249999981
1 0.5687599531249998 0.5560952578125 0.039803328124999975 0.05378383593749998
1 0.42681655637323807 0.5176077421875 0.007236968750000017 0.01529632031250001
1 0.6361953437499999 0.5866878984375 0.09638326562499995 0.12138370312499998
1 0.44696508943387653 0.5052719999999999 0.007236968750000017 0.007894875000000034
