1 0.9069237656249999 0.549680671875 0.013158124999999998 0.02861892187499997
1 0.14342356250000002 0.681919828125 0.266780984375 0.17368724999999996
1 0.9592185624999999 0.5437595156249999 0.08156287500000008 0.03848751562499997
1 0.9487008125 0.5664572812499999 0.08355409374999993 0.07401445312500003
1 0.45592903125 0.5422792265624999 0.052303546875000016 0.03996780468749996
1 0.5978790421347769 0.5452386039543219 0.13059385696580977 0.061183480150232936
1 0.43224440625 0.6360308671875 0.20789837500000002 0.14654861718749998
1 0.418757328125 0.563496703125 0.05131668750000002 0.049836398437499964
1 0.609550140625 0.6148133906250001 0.16151598437499998 0.11940998437500001
1 0.36283529687500005 0.5679375703125 0.06447481250000002 0.05674441406249997
