1 0.46053437500000005 0.5136603046875 0.013816031250000017 0.011842312499999962
1 0.51777221875 0.5136603046875 0.005263250000000023 0.007894875000000034
1 0.267438890625 0.5368515 0.04868506250000001 0.032072929687500015
1 0.4437577656249999 0.5116865859375 0.018092421874999983 0.0281254921875
1 0.46842924999999996 0.5126734453124999 0.00921068750000001 0.011842312499999962
1 0.4514725829983181 0.5162620601093233 0.00538285756772557 0.012021723851588373
1 0.53093034375 0.5156340234375 0.025987296875000017 0.020724046875000023
1 0.43191545312499996 0.5166208828124998 0.016118703124999988 0.02171090624999996
1 0.2960578125 0.53093034375 0.045395531249999975 0.032072929687500015
1 0.39934909375 0.5185946015624999 0.03454007812500001 0.016776609375000008
1 0.41250721875 0.5126734453124999 0.018750328125 0.013816031250000017
1 0.49112701562499994 0.5215551796875001 0.018750328125 0.020724046875000023
1 0.5300520419343548 0.5215551796875 0.019188551949992968 0.021875133213276676
1 0.35263775 0.5250091874999999 0.026645203124999975 0.018750328124999972
1 0.48076447915606196 0.511193192042891 0.012500218749999981 0.014802890625000042
