1 0.22303021875 0.50329828125 0.017105562500000015 0.01529632031250001
1 0.8477114070703782 0.46925163281250004 0.014803252468009849 0.009375326891854474
1 0.9204108437499999 0.4569158906250001 0.045395531249999975 0.04342181250000001
1 0.17302934375 0.5363580703124999 0.14276565624999998 0.08338961718749997
1 0.516127453125 0.476653078125 0.008881734374999973 0.008388304687500004
1 0.31908453124999997 0.5097128671875 0.01907928124999998 0.03404664843749998
1 0.24013578124999999 0.5013245625 0.04539553125 0.02565834374999998
1 0.5957341093749999 0.4653041953125001 0.02532939062500006 0.023684625000000015
1 0.5204038437499999 0.5013245625 0.040461234374999995 0.024671484375000042
1 0.42270476562500003 0.50329828125 0.045395531249999975 0.03108607031249999
1 0.544417421875 0.47566621875 0.010197546874999948 0.011348882812499994
1 0.3707301718749999 0.5097128671875 0.06513271874999997 0.02861892187499997
1 0.061185281249999994 0.5136603046875 0.054277265624999994 0.03404664843749998
1 0.06710643749999999 0.49737712500000003 0.02894787500000001 0.012335742187500021
1 0.5463911406249999 0.47566621875 0.006908015625000038 0.00937516406250003
1 0.8434358125 0.4692516328124999 0.03157950000000002 0.013322601562499958
1 0.042434953125 0.4880019609375001 0.016447656249999998 0.012335742187500021
1 0.089146296875 0.5013245625 0.039145421875 0.01529632031250001
1 0.531917203125 0.47467935937499994 0.020724046874999996 0.011348882812499994
1 0.674682859375 0.47369249999999996 0.01644765625000003 0.013322601562499958
1 0.11118615625 0.5136603046875001 0.07138282812499999 0.0379940859375
1 0.02031285546875 0.522048609375 0.0406257109375 0.03996780468749996
1 0.6486955625 0.46925163281249993 0.013158124999999998 0.011348882812499994
1 0.928634671875 0.4682647734375001 0.01578974999999995 0.023684625000000015
1 0.9628457968749999 0.5314237734375 0.07138282812499999 0.18404927343750002
1 0.5957341093749999 0.47023849218749997 0.022697765624999987 0.012335742187500021
