1 0.47040296875 0.5225420390624999 0.007894874999999975 0.009868593749999998
1 0.4609729660088048 0.5220485649672162 0.007894874999999975 0.009868593749999998
1 0.47566621875 0.5205683203125 0.003289531250000029 0.007894875000000034
1 0.020847081524531984 0.5691710088435135 0.04169416304906397 0.07598802385201467
1 0.07039596875 0.5758324453125 0.100330703125 0.08388304687500003
1 0.509548390625 0.5225420390624999 0.017434515625000025 0.009868593749999998
1 0.450336828125 0.525996046875 0.010526499999999987 0.004934296875000044
1 0.471060875 0.5156340234375 0.007236968750000017 0.004934296875000044
1 0.504943046875 0.5176077421875 0.007894874999999975 0.007894875000000034
1 0.48224528125 0.525996046875 0.011184406250000004 0.013816031250000017
1 0.487837484375 0.5195814609375 0.006579062499999999 0.007894875000000034
1 0.447705203125 0.5388252187500001 0.026645203124999975 0.029112351562500027
1 0.30790012499999997 0.5728718671875 0.057237843749999996 0.05181011718750002
1 0.52435128125 0.5195814609375 0.006579062499999999 0.006908015625000008
1 0.509548390625 0.61580025 0.09638326562499995 0.11792969531250001
1 0.512180015625 0.54277265625 0.046053437499999995 0.03404664843749998
