1 0.491784921875 0.4712253515624999 0.017246500932058418 0.024178054687499985
1 0.51382478125 0.4712253515625 0.016118703124999988 0.017270039062499975
1 0.46908715624999997 0.4781333671875 0.02171090624999999 0.03108607031249999
1 0.3684275 0.5052719999999999 0.039803328124999975 0.041448093749999956
1 0.5050870509480215 0.46650706079703214 0.007380972823021459 0.009868593749999998
1 0.19474025 0.610865953125 0.292439328125 0.3557628046875
2 0.543397823356825 0.47463025066023723 0.008552781250000053 0.022253444652262734
1 0.4671134375 0.4598764687500001 0.010526499999999987 0.006908015625000008
1 0.3125054687499999 0.492442828125 0.014144984374999996 0.01578974999999998
1 0.433889171875 0.4939231171875 0.03322426562499998 0.037007226562499974
1 0.33421637499999995 0.4855348124999999 0.02171090624999999 0.021217476562499994
2 0.42434953124999997 0.5240223281249999 0.011513359374999983 0.021217476562499994
1 0.5697468125 0.505272 0.05789575000000002 0.08625154253360767
2 0.6082063831607016 0.47759802005355223 0.008552781250000053 0.04141665566516419
1 0.4165610715375948 0.4740627089894165 0.005911448987784358 0.01578974999999998
2 0.4141519843749999 0.4998442734375 0.014144984374999996 0.03996780468749996
1 0.41974418750000003 0.46974506250000003 0.009320280783261777 0.013486861530981642
1 0.39266020629085385 0.4701561234681404 0.02171090624999999 0.047697942248780836
2 0.98808419921875 0.6478731796874999 0.023831601562500044 0.212174765625
2 0.390467359375 0.5097128671875 0.015131843749999992 0.04687582031249997
1 0.060061082990890316 0.868592413457483 0.12012216598178063 0.26281517308503394
2 0.6467218437500002 0.49984427343750004 0.008552781250000053 0.054277265625000036
1 0.32665045312499996 0.4825742343749999 0.03125054687499998 0.024178054687499985
1 0.47303459374999995 0.46974506250000003 0.016118703124999988 0.024178054687499985
1 0.3654071159675957 0.47678764141665975 0.04096960522221303 0.049836398437499964
1 0.4065860624999999 0.750013125 0.30757117187499994 0.4712253515624999
2 0.052303546875 0.5324106328125 0.016118703124999998 0.05575755468750003
1 0.49645358411855905 0.4605598539181773 0.016649972387881816 0.029681460400763627
1 0.41119140625 0.4712253515624999 0.01907928124999998 0.01578974999999998
1 0.44390192337866274 0.4871693768490205 0.030900856225553556 0.039504978827938506
