1 0.9175237539062501 0.7756714687499999 0.16495249218750002 0.3745131328125
1 0.7723819375000001 0.5758324453125 0.026316249999999996 0.08141589843750001
1 0.7740267031249999 0.565470421875 0.04671134375000001 0.06513271874999997
1 0.5914577187499999 0.573365296875 0.032237406249999975 0.066119578125
1 0.383230390625 0.6789592499999999 0.12401532812499999 0.15148291406250003
1 0.7401445312499999 0.555601828125 0.004276390624999967 0.013816031250000017
1 0.64737975 0.5620164140624999 0.014473937500000034 0.013816031250000017
1 0.741789296875 0.551654390625 0.006908015625000038 0.0281254921875
1 0.539483125 0.5935959140625 0.07730398437500004 0.11102167968750001
1 0.47829784374999995 0.6291228515625 0.11908103124999994 0.12483771093750003
1 0.8385015156250001 0.608892234375 0.10625185937500005 0.12878514843749994
1 0.57698378125 0.58224703125 0.03157950000000002 0.07894874999999998
1 0.748368359375 0.5363580703124999 0.011184406250000004 0.02171090624999996
1 0.8072509687499999 0.5886616171875 0.07829084375000003 0.11348882812500002
1 0.768763453125 0.5452398046875 0.045066578125 0.058718132812500025
1 0.979284703125 0.5669507109374999 0.04143059375 0.08042903906249999
1 0.6210634999999999 0.54277265625 0.04342181249999998 0.07253416406250005
1 0.7483683593749999 0.5477069531250001 0.013487078124999977 0.04342181250000001
1 0.5996815468750001 0.5531346796875 0.06546167187500002 0.08141589843750001
1 0.13297930078124998 0.812217634765625 0.26595860156249995 0.37556473046875005
