1 0.021381953125000002 0.57040471875 0.042106 0.010855453125000025
1 0.987846234375 0.4514881640625001 0.022697765624999987 0.018256898437500002
1 0.057237843749999996 0.5926090546875 0.113488828125 0.063159
1 0.33750590625 0.5403055078125 0.017434515625000025 0.011842312499999962
1 0.46875806327726827 0.5763257910913611 0.08980406327726834 0.12508398526089523
1 0.5983657343750001 0.5003377031249999 0.00921068750000001 0.011842312499999962
1 0.414809890625 0.516127453125 0.001315812499999976 0.0019737187499999642
1 0.2592150485158913 0.5383317890624999 0.012829143906782558 0.013816031250000017
2 0.6171160624999998 0.5486938125 0.032237406249999975 0.08338961718749997
1 0.38355934375 0.5521478203125 0.09408059374999998 0.044902101562500005
1 0.1157911923349903 0.5452398046875 0.010033252114551194 0.010855537033638996
1 0.967451140625 0.4554356015625 0.027961015625000012 0.026151773437500036
1 0.0407901875 0.6434323125 0.079277703125 0.1381603125
1 0.19710842582602187 0.5452398046875 0.00486866261762442 0.0029605781249999906
1 0.39013840625 0.5264894765625 0.012171265625000002 0.011842312499999962
1 0.8911340156249999 0.46234361718749994 0.014802890625000013 0.011842312499999962
1 0.695735859375 0.5215551796875 0.09473849999999993 0.044902101562500005
1 0.033224265625 0.5521478203125 0.042106 0.036020367187500034
1 0.44441567187500003 0.516127453125 0.012171265625000002 0.013816031250000017
1 0.12401532812499999 0.575339015625 0.04210599999999999 0.044902101562500005
1 0.4276841349135834 0.5145806658464902 0.003431841740496703 0.004547600055372492
1 0.38224353125 0.5284631953125 0.013487078124999977 0.011842312499999962
1 0.5779703888990828 0.500337703125 0.022039803435907265 0.013815863432721986
1 0.081251421875 0.5462266640625 0.017434515624999994 0.020230617187499966
1 0.61908978125 0.5324106328125 0.12862067187499993 0.06809329687499996
1 0.9260030468749998 0.4554356015625 0.031908453125 0.018256898437500002
1 0.6092211875 0.496390265625 0.007894874999999975 0.010855453125000025
1 0.35362460937499995 0.5274763359375 0.016118703124999988 0.011842312499999962
1 0.2276355625 0.5432660859375 0.031908453125 0.009868593749999998
1 0.5394830970304536 0.5003377031249999 0.03223737828045371 0.01134892476681948
1 0.6463928906249999 0.504285140625 0.025987296875000017 0.01578974999999998
1 0.452968453125 0.512180015625 0.007236968750000017 0.003947437500000017
1 0.189477 0.6064250859375 0.12401532812499999 0.13717345312500004
1 0.21085895312499997 0.5403055078125 0.00921068750000001 0.004934296875000044
1 0.224017078125 0.557575546875 0.027961015625000012 0.03404664843749998
1 0.41908628124999997 0.5284631953124999 0.018092421874999983 0.021217476562499994
1 0.34474287499999995 0.5482003828125 0.061514234375000025 0.03898094531250003
1 0.35494042187499997 0.5926090546875 0.080593515625 0.09523192968750002
1 0.299676296875 0.5482003828125 0.03256635937500001 0.03898094531250003
1 0.317439765625 0.5432660859375 0.016118703124999988 0.021217476562499994
