2 0.6144844374999998 0.592115625 0.00953964062499999 0.04292838281249996
2 0.3684275 0.68488040625 0.04736924999999997 0.2250039375
2 0.941134890625 0.6192542578125 0.032237406249999975 0.1041136640625
2 0.0407901875 0.6434323125 0.025658343750000003 0.16085807812499997
2 0.791132265625 0.6133331015625 0.021052999999999975 0.09523192968750002
1 0.07993560937500001 0.6153068203124998 0.051645640624999996 0.04391524218749998
1 0.13717345312499998 0.6123462421874999 0.08651467187499999 0.06365242968749998
2 0.174674109375 0.595076203125 0.006579062499999999 0.017270039062499975
1 0.39112526562500005 0.5876747578125 0.01578975000000001 0.009868593749999998
2 0.10756754293001704 0.5906355293549744 0.005592203125000002 0.008388304687500004
1 0.64935346875 0.6360308671875 0.14802890625 0.07154730468750001
2 0.608892234375 0.6005039296875 0.015131843749999992 0.05279697656250004
1 0.43619184375 0.6360308671875 0.185858515625 0.10608738281250005
1 0.2111056720805818 0.6207345468749998 0.06587285916941817 0.05341376737252359
1 0.32665045312499996 0.61777396875 0.04769820312500001 0.07056044531249998
2 0.84804115625 0.6192542578125 0.037171703125000025 0.11102167968750001
2 0.5404699843749999 0.6162936796875 0.021053000000000033 0.07549474218750003
