1 0.5917866718749999 0.5434247765681883 0.07204073437499996 0.09671221875000002
2 0.555601828125 0.4840545234375 0.003947437499999987 0.005921156249999981
1 0.4671134375 0.4840545234375 0.00953964062499999 0.014309460937499985
1 0.536522546875 0.4781333671875 0.016118703124999988 0.01578974999999998
1 0.17763468749999997 0.5052719999999999 0.03717170312499999 0.017270039062499975
2 0.39704642187500006 0.4855348124999999 0.004605343750000005 0.01578974999999998
2 0.4065860625 0.48800196093750003 0.004605343750000005 0.019737187499999996
1 0.22039859375 0.5111931562499998 0.06842225 0.03552693749999998
1 0.5013245625 0.5195814609375 0.08454095312500005 0.040302543744311595
1 0.48565217811741557 0.579286453125 0.146384140625 0.11431699686931163
2 0.1157915 0.5407989375 0.022697765625 0.06710643750000003
1 0.38092771875 0.5422792265625 0.07153160103913851 0.09671221875000002
1 0.471060875 0.4810939453125 0.010526499999999987 0.014309460937499985
1 0.446389390625 0.4825742343749999 0.0029605781249999906 0.004440867187499986
1 0.435862890625 0.47961365625 0.013158124999999998 0.008388304687500004
1 0.43224440624999994 0.4825742343749999 0.02171090624999999 0.004440867187499986
1 0.461521234375 0.4855348124999999 0.011513359374999983 0.01578974999999998
1 0.3171108125 0.508232578125 0.075988171875 0.045395531249999975
1 0.437836609375 0.5037917109375 0.07138282812499999 0.03996780468749996
1 0.360861578125 0.5738587265625 0.084540953125 0.10115308593750001
1 0.18816118750000002 0.5664572812499999 0.10526500000000001 0.07549474218750003
1 0.47303459375000007 0.8111074179687499 0.36480901562500007 0.3777851640625
1 0.30197896875 0.6133331015625 0.14653291353913853 0.14425751717612326
1 0.1485694468825845 0.727315359375 0.29616360625379223 0.28470892968749995
1 0.446389390625 0.4796136562500001 0.010526499999999987 0.006908015625000008
1 0.5259960468749999 0.49836398437499996 0.09309373437499999 0.045395531249999975
1 0.050329828124999997 0.505272 0.024953459100210754 0.013886498849683893
2 0.37599342187499996 0.4880019609374999 0.008552781249999994 0.01282917187499999
1 0.6276425625 0.5646422531306883 0.09671221875000005 0.12862645780681162
2 0.41217826562500004 0.4880019609374999 0.004605343750000005 0.021217476562499994
1 0.4217179062499999 0.48800196093750003 0.018092421874999983 0.017270039062499975
1 0.5450753281249999 0.4825742343749999 0.010526500000000046 0.004440867187499986
1 0.015992664100491254 0.9282312676351119 0.03198532820098251 0.14353746472977633
1 0.47961365624999996 0.4825742343749999 0.013158124999999998 0.01578974999999998
