1 0.06842225 0.5215551796875 0.040461234374999995 0.03404664843749998
1 0.49507445312500004 0.512180015625 0.06052737499999997 0.04687582031249997
1 0.46908715624999997 0.5120156062426855 0.007894928744148367 0.013980521248537058
1 0.42862592187500004 0.49046910937499993 0.025329390625 0.02516491406250001
1 0.5322461562499999 0.513166875 0.014802890624999954 0.011842312499999962
2 0.157568546875 0.5013245625 0.008552781249999994 0.011348882812499994
1 0.134541828125 0.5580689765625 0.12237056250000002 0.102633375
1 0.631261046875 0.50329828125 0.039803328124999975 0.013816031250000017
1 0.603628984375 0.5644835625 0.08980420312500001 0.10707424218749999
1 0.9077373984375001 0.6340571484375 0.18452520312499995 0.22747108593750004
1 0.555601828125 0.5274763359375 0.027303109375000054 0.03898094531250003
2 0.3503350781249999 0.5126734453124999 0.006579062499999999 0.032566359374999986
1 0.032566359375 0.513166875 0.031908453125 0.03108607031249999
1 0.6592220624999999 0.5393186484375 0.05329040624999995 0.06414585937500003
1 0.44902101562499996 0.514153734375 0.008552781249999994 0.019737187499999996
1 0.3727038906249999 0.5190880312500001 0.038487515624999996 0.029112351562500027
1 0.5654704218750001 0.5324106328125 0.035197984375000026 0.04687582031249997
1 0.41579675 0.512180015625 0.01546079687499997 0.020724046875000023
1 0.550338578125 0.512180015625 0.018092421875000042 0.02220433593750002
1 0.8056062031250001 0.6133331015625 0.10592290625000006 0.11990341406249998
1 0.40724396874999996 0.51908803125 0.018092421874999983 0.02516491406250001
1 0.012582457031249999 0.5171143124999998 0.025164914062499998 0.04095466406249999
1 0.4638234229474731 0.5097125047106047 0.012500218749999981 0.018750328124999972
1 0.5575755468749999 0.50329828125 0.013816031249999956 0.003947437500000017
1 0.491784921875 0.5644835625 0.07927770312499997 0.10362023437500004
1 0.6967227187499999 0.5580689765625 0.06315900000000003 0.08783048437499996
1 0.452310546875 0.512180015625 0.013158124999999998 0.019737187499999996
1 0.644748125 0.5102062968750001 0.03651379687499994 0.013816031250000017
1 0.744420921875 0.5733652968749999 0.09835698437499994 0.10707424218749999
1 0.5694178593749999 0.50329828125 0.01546079687499997 0.004934296875000044
1 0.562180890625 0.5462266640625 0.029934734375000004 0.06167871093750001
1 0.5421147499999999 0.513166875 0.005921156249999981 0.019737187499999996
1 0.523693375 0.5131668749999999 0.008552781249999994 0.009868593749999998
1 0.435204984375 0.513166875 0.02861892187500003 0.03404664843749998
