1 0.14375444867887704 0.570403790884139 0.10411053251521919 0.0814157824542674
2 0.42138895312499997 0.5314237734375 0.007565921874999996 0.013322601562499958
1 0.06677748437499999 0.5595492656250001 0.11151510937499998 0.08190932812499999
1 0.787184828125 0.581260171875 0.07993560937500005 0.08190932812499999
1 0.6365247608079304 0.5417852169588369 0.015955657022369014 0.018998724725623008
1 0.68281569921875 0.8215604296875 0.6343686015625 0.35132193749999996
1 0.1449594330629507 0.5278048767099813 0.04693078328417286 0.013158331176259263
1 0.5038021578102112 0.5365320097271918 0.03368821339979166 0.010797363984489472
1 0.252307046875 0.5393186484374999 0.020724046874999996 0.009868593749999998
1 0.441784046875 0.5294500546875 0.013487078124999977 0.006908015625000008
1 0.5223775625000001 0.5205683203125 0.019408234375000017 0.013816031250000017
1 0.67172228125 0.6143199609375 0.206253609375 0.13125229687499998
1 0.610537 0.57435215625 0.06348795312500002 0.06217214062499998
1 0.23868867383912568 0.51119315625 0.023619103870647726 0.021809566922282995
1 0.2055959093012593 0.5121797063606109 0.03256656555125928 0.024178054687499985
1 0.166121328125 0.5393186484375 0.029276828124999987 0.011842312499999962
1 0.6092211875 0.5131668750000001 0.007894874999999975 0.003947437500000017
2 0.709551890625 0.5363580703124999 0.00953964062499999 0.017270039062499975
1 0.922055609375 0.5945827734375 0.13487078125000002 0.11595597656250005
1 0.81777746875 0.5995170703125 0.09539640625000002 0.08486990624999997
1 0.04802715624999999 0.508232578125 0.027303109375000002 0.03108607031249999
1 0.1934244375 0.5393186484375 0.033224265625000006 0.013816031250000017
1 0.9890713678823704 0.6138257193673716 0.02185726423525942 0.08758313162347058
2 0.08651467187500002 0.7554408515625 0.0960543125 0.3138212812499999
1 0.3161239531250001 0.5664572812499999 0.22204335937500003 0.12187713281250004
1 0.593760390625 0.5314237734375 0.025987296875000017 0.011842312499999962
1 0.590470859375 0.5343843515625 0.022697765624999987 0.009868593749999998
1 0.21283267187500002 0.5595492656250001 0.054606218749999984 0.04687582031249997
1 0.00912844921875 0.57435215625 0.0182568984375 0.03108607031249999
1 0.5016535156249999 0.5205683203125 0.018092421874999983 0.011842312499999962
1 0.613168625 0.5472135234375 0.04802715625000005 0.024178054687499985
1 0.491292999969524 0.5995168383460345 0.20987170713922457 0.13125229687499998
1 0.8644888125 0.5595492656250001 0.014144984375000055 0.021217476562499994
1 0.4437577656249999 0.5595492656250001 0.04802715624999999 0.04687582031249997
1 0.11941042917833904 0.5172126314747454 0.024408188433998286 0.010065898904499182
1 0.5983657343749998 0.5215551796875 0.04013228124999995 0.033059789062499956
1 0.03182621484375 0.5363580703124999 0.0636524296875 0.03108607031249999
1 0.27574027624768915 0.5272151109574099 0.043247775915856934 0.013293581289819834
1 0.7281384767479733 0.5496800919588368 0.051974593750000034 0.014309344954267366
1 0.02903030600516158 0.5595492656250001 0.05806061201032316 0.05033004689268346
1 0.7937640968012594 0.5340545737324629 0.040789981323740676 0.014802890625000042
1 0.620142463621642 0.5198773811705214 0.03125054687500004 0.023783278565858
1 0.5898129531249999 0.5343843515625 0.02203985937500003 0.011842312499999962
1 0.72040734375 0.5304369140624999 0.029276828125000046 0.024178054687499985
1 0.03166173828125 0.5472135234375 0.0633234765625 0.027138632812499973
2 0.007565921875 0.7361970937500001 0.01513184375 0.054770695312500006
