1 0.3355321875 0.5363580703124999 0.018092421874999983 0.024178054687499985
1 0.4750083125 0.5472135234375001 0.011184406250000004 0.014802890625000042
1 0.493100734375 0.512180015625 0.04934296875000002 0.024178054687499985
1 0.3223740625 0.5274763359374999 0.03454007812500001 0.024178054687499985
1 0.33092684375000003 0.5965564921875 0.17401620312500002 0.10608738281250005
1 0.269412609375 0.5314237734375 0.12927857812500002 0.03898094531250003
1 0.222043359375 0.57435215625 0.12072579687500001 0.08092246874999995
1 0.507574671875 0.5235288984375 0.06414585937500003 0.011842312499999962
1 0.309544890625 0.513166875 0.04671134375000001 0.02220433593750002
1 0.4750083125 0.49935084375 0.024013578125000025 0.02220433593750002
1 0.170068765625 0.506258859375 0.07927770312500002 0.020230617187499966
1 0.9920316367187499 0.5472135234375 0.01593672656250007 0.03108607031249999
1 0.01159559765625 0.6824132578125 0.0231911953125 0.16529894531250006
1 0.078619796875 0.5861944687499999 0.156910640625 0.13618659375000003
1 0.12467323437500001 0.49737712499999986 0.03947437500000001 0.021217476562499994
1 0.46645553124999994 0.5131668749999999 0.03125054687499998 0.024178054687499985
1 0.5638256562499999 0.5013245625 0.020724046874999996 0.02220433593750002
2 0.516127453125 0.5126734453124999 0.007565921874999996 0.011348882812499994
1 0.57829959375 0.6172805390625 0.24276740625 0.19095728906250004
1 0.42829696874999995 0.6074119453125 0.11414673437500002 0.126318
1 0.833238265625 0.5945827734375 0.11546254687499993 0.08486990624999997
1 0.976003921875 0.5314237734375 0.03750065625 0.024178054687499985
1 0.735868140625 0.6513271875 0.23224090625000002 0.16628580468749998
1 0.452310546875 0.5141537343749999 0.018092421874999983 0.024178054687499985
1 0.881265421875 0.5304369140625 0.03125054687500004 0.014802890625000042
1 0.268754703125 0.50329828125 0.04736925000000003 0.014802890625000042
1 0.4437577656250001 0.49737712499999986 0.03454007812500001 0.024178054687499985
1 0.43553393749999997 0.5363580703124999 0.055264125000000004 0.036020367187500034
1 0.13487078125000002 0.5595492656250001 0.10526500000000001 0.07401445312500003
1 0.01521408203125 0.502311421875 0.0304281640625 0.016776609375000008
2 0.30276728442957307 0.5332001925480059 0.015658216907003877 0.03227034971950386
1 0.526325 0.49935084375 0.061514234375000025 0.03404664843749998
1 0.8008358400398436 0.5432660859375 0.04375102220843748 0.0379941451490625
1 0.94212175 0.5472135234375 0.09868593750000004 0.03996780468749996
1 0.2355304375 0.5906353359375001 0.12467323437499997 0.10016622656249999
1 0.057072863889218756 0.5116866155432811 0.07993560937500002 0.01899729461789059
1 0.42698115625 0.51119315625 0.03947437499999999 0.020230617187499966
1 0.44704729687499994 0.5531346796874999 0.08684362499999997 0.04687582031249997
2 0.29178142187499995 0.5314237734375 0.014473937499999975 0.02861892187499997
1 0.13750240625 0.5245157578125001 0.053948312499999984 0.014802890625000042
1 0.555601828125 0.5205683203125 0.04736925000000003 0.013816031250000017
1 0.5817534732707813 0.4993508437500001 0.03947441447437505 0.025164854850937512
1 0.4250074374999999 0.514153734375 0.03684274999999999 0.020230617187499966
1 0.8579097499999999 0.5472135234375 0.08684362499999997 0.04687582031249997
1 0.6197476875 0.5111931562499998 0.04013228124999995 0.024178054687499985
1 0.92212909765625 0.6074119453125 0.1557418046875 0.11990341406249998
