1 0.7598817187499999 0.5176077421875 0.07763293749999996 0.032072929687500015
1 0.5944182968749999 0.5230354687500001 0.09967279687499998 0.032072929687500015
1 0.70001225 0.5304369140625 0.07960665624999995 0.0379940859375
1 0.881265421875 0.5116865859375 0.06315900000000003 0.0379940859375
1 0.83883046875 0.5156340234375 0.05986946875000001 0.03996780468749996
1 0.074672359375 0.4919493984375 0.14276565624999998 0.08141589843750001
1 0.5407989375 0.5106997265625 0.045395531249999975 0.03108607031249999
1 0.7802768125 0.4899756796875 0.022697765624999987 0.019737187499999996
1 0.614155484375 0.496390265625 0.04111914062500001 0.03108607031249999
1 0.278623296875 0.5136603046875 0.045395531249999975 0.037007226562499974
1 0.9355426874999999 0.500337703125 0.04407971874999994 0.03503350781250001
1 0.068093296875 0.5333974921875 0.051316687500000006 0.05329040625000001
1 0.81119840625 0.5176077421875 0.06315900000000003 0.03404664843749998
1 0.7973823749999999 0.5600426953125 0.12960753125 0.06710643750000003
1 0.581260171875 0.545733234375 0.16677923437499995 0.08042903906249999
1 0.03314202734375 0.5240223281249999 0.0662840546875 0.05674441406249997
1 0.7013280625 0.4919493984375 0.02894787499999995 0.016283179687500038
1 0.6802750625 0.5580689765625 0.12697590625000005 0.05970499218749996
1 0.339808578125 0.5240223281249999 0.07467235937500002 0.046382390625000006
