1 0.37763818749999994 0.5551083984374999 0.03157950000000002 0.03059254292904816
2 0.405599203125 0.5807667421875001 0.013158217098586118 0.066119578125
1 0.1250021875 0.545733234375 0.03223740625000001 0.016283179687500038
1 0.7447498750000001 0.5827404609375 0.12500218750000006 0.07401445312500003
1 0.837669351537378 0.751494022097543 0.32466129692524415 0.2980323181188792
1 0.8299487343749999 0.5447463750000001 0.024890725792441278 0.04342181250000001
1 0.452310546875 0.5551083984374999 0.032237406249999975 0.033059789062500046
1 0.5325751093750001 0.6898147031249999 0.47007401562500006 0.32122272656249995
1 0.12566009375 0.547706953125 0.024013578125000008 0.016283179687500038
2 0.38092771875 0.5822091595542156 0.008223828125000015 0.060198513345191884
1 0.9253451406249998 0.5333974921875001 0.03951092997659333 0.03503350781250001
2 0.38659302530777756 0.5826308057883337 0.016520759682777532 0.06014361278416498
2 0.021381953125000002 0.6054382265625 0.031579499999999996 0.10608738281250005
1 0.20658256249999998 0.547706953125 0.042434953125000015 0.019737187499999996
1 0.73093384375 0.5363580703125 0.02532939062499994 0.023684625000000015
1 0.9341631894904853 0.6159648838718932 0.1316736210190295 0.11743655338608487
2 0.4144809375 0.5817536015624999 0.01578975000000001 0.057731273437499994
1 0.864159859375 0.5277229963007949 0.03914542187500002 0.030880429208995697
1 0.14210775 0.547706953125 0.024013578125000008 0.016283179687500038
1 0.28956109744356245 0.5526412500000001 0.033059910353958284 0.023684625000000015
1 0.9882486757812501 0.547706953125 0.023502648437499947 0.02861892187499997
1 0.10625185937499998 0.5477069531249998 0.019079281249999993 0.013322601562499958
1 0.7776451874999999 0.5462266208890213 0.038652035360978707 0.0379940859375
