1 0.9708492870767071 0.535244754023854 0.05830142584658553 0.10362023437499994
1 0.2842155 0.5708138438284026 0.12237056249999997 0.10362023437499994
1 0.9677713437500001 0.48948225 0.06445731249999996 0.059211562499999995
1 0.47829784375 0.6315900000000001 0.360532625 0.25667500193788734
1 0.8104206670008713 0.528642944811193 0.254938671875 0.17320791800348526
1 0.6179296953124999 0.914851009765625 0.764140609375 0.17029798046874997
1 0.02968801953125 0.5491872421874999 0.0593760390625 0.05378383593749998
1 0.019408234375000003 0.47714650781250006 0.024013578125 0.023684625000000015
1 0.404941296875 0.537838359375 0.046137742109097366 0.03157949999999996
1 0.354282515625 0.5560952578125 0.12237056250000003 0.08536333593750003
1 0.06685972265625 0.72435478125 0.1337194453125 0.32270301562500003
