1 0.5825759843749999 0.4850413828125001 0.03092159374999994 0.012335742187500021
1 0.76119753125 0.5324106328125 0.15033157812499998 0.09079106249999995
1 0.687183078125 0.4840545234375 0.07894874999999998 0.05970499218749996
1 0.595076203125 0.52698290625 0.052961453124999974 0.07500131249999997
1 0.8922766015625 0.54277265625 0.21544679687500004 0.10707424218749999
1 0.36645378125 0.5240223281249999 0.03914542187500002 0.036020367187500034
1 0.9870973398437499 0.478626796875 0.02580532031250004 0.020724046875000023
1 0.9022274335937499 0.6310965703125 0.1955451328125001 0.17516753906249996
1 0.401651765625 0.577312734375 0.30461059374999994 0.19983902343749999
1 0.9197529375 0.48898882031249996 0.09046210937499997 0.05032982812500002
1 0.04013228125 0.5353712109375 0.0802645625 0.0379940859375
1 0.25954401562499996 0.504285140625 0.06381690624999997 0.03503350781250001
