1 0.09934384375000001 0.561522984375 0.06875120312499998 0.06217214062499998
1 0.972056484375 0.569417859375 0.05526412499999995 0.06414585937500003
1 0.24539903125 0.5612269182728978 0.05460621875000002 0.045888960937500035
1 0.2154642075097734 0.5383317890624999 0.04216083296793555 0.016077623081661673
1 0.33421637499999995 0.5442529453124999 0.025329390625 0.024178054687499985
1 0.4419775310704414 0.5284051500538676 0.006501668821823436 0.00586311099136756
1 0.156910640625 0.5585624062500001 0.04868506250000001 0.04884953906250002
1 0.1916700339904058 0.563496703125 0.0539483125 0.04292838281250004
1 0.42829696874999995 0.5615229843749999 0.045395531249999975 0.04687582031249997
1 0.30806459539458264 0.5464733881581261 0.026645203124999975 0.03898094531250003
1 0.24803065625 0.5383317890624999 0.025329390625 0.010855453125000025
1 0.281583875 0.5455687282067186 0.050000875000000014 0.055264124999999976
1 0.4643173322369531 0.5353712109375 0.01710556332234372 0.01924375781250003
1 0.221385453125 0.5605361249999999 0.024013578124999994 0.037007226562499974
1 0.4177704687499999 0.5314237734375 0.008552781249999994 0.009868593749999998
1 0.369496450140411 0.5326573603004647 0.020395110608953004 0.024424782175464798
1 0.44704729687499994 0.5264894765625 0.007236968750000017 0.009868593749999998
1 0.6187608856890626 0.5842207549340624 0.19210862499999995 0.08955748396394529
1 0.4647901983662344 0.5255231844462657 0.003289531250000029 0.003947437500000017
1 0.460863328125 0.5245157578125001 0.004605343750000005 0.003947437500000017
