1 0.9253363906250001 0.45592903125 0.14932721874999993 0.12878514843750005
1 0.25395181250000004 0.476653078125 0.05065878125000003 0.024671484375000042
1 0.09144896875 0.5136603046875 0.05756679687499999 0.058718132812500025
1 0.6779723906249998 0.4455670078125 0.11875207812499997 0.095725359375
1 0.19934585034370123 0.4791204930251897 0.038158799355724235 0.021053019737977064
1 0.232569859375 0.4899756796875 0.024013578124999994 0.012335742187500021
1 0.43849451562499997 0.4692516328124999 0.10296232812500002 0.08338961718749997
1 0.13388392187499998 0.49540340625 0.052961453125000016 0.0379940859375
1 0.263491453125 0.472705640625 0.07006701562499999 0.036020367187500034
1 0.092106875 0.4899756796875 0.032895312499999996 0.02565834374999998
1 0.6533009062499999 0.4870151015625 0.11315987499999997 0.06167871093750001
1 0.8167906093749999 0.46234361718749994 0.06809329687499996 0.05575755468750003
1 0.371388078125 0.4963902656250001 0.11118615625000003 0.0379940859375
1 0.19835873437499998 0.4880019609374999 0.04473762499999999 0.013322601562499958
1 0.503627234375 0.4682647734375001 0.04111914062500001 0.023684625000000015
1 0.911529109375 0.48800196093750003 0.15098948437499995 0.07006701562500002
1 0.55461496875 0.4880019609375001 0.11875207812500002 0.046382390625000006
1 0.29934734374999994 0.476653078125 0.05559307812499999 0.02861892187499997
