1 0.7144861875000001 0.5383317890624999 0.03914542187500002 0.013322601562499958
1 0.769421359375 0.5393186484374999 0.034211124999999974 0.013322601562499958
1 0.40230967187500005 0.5551083984374999 0.07960665625 0.04736925000000003
2 0.624024078125 0.549680671875 0.007565921874999996 0.017270039062499975
1 0.607576421875 0.5363580703125 0.013158124999999998 0.006414585937500039
1 0.804948296875 0.5437595156249999 0.022697765624999987 0.018750328124999972
1 0.63224790625 0.5383317890624999 0.006908015625000038 0.006414585937500039
1 0.652643 0.5383317890624999 0.026645203124999975 0.00937516406250003
2 0.589484 0.545733234375 0.006908015625000038 0.024671484375000042
1 0.44342881249999994 0.5496806718750001 0.012500218749999981 0.023684625000000015
1 0.07894875 0.55066753125 0.039145421874999996 0.03503350781250001
1 0.031579499999999996 0.5610295546874999 0.017763468749999997 0.010362023437499968
1 0.8710678749999999 0.5437595156249999 0.084540953125 0.032072929687500015
1 0.8287267315931885 0.5359851459321364 0.038732220406934324 0.02368397308805976
1 0.9204108437499999 0.551654390625 0.08223828125000002 0.04440867187500004
1 0.9697538125 0.5477069531250001 0.01578974999999995 0.032072929687500015
2 0.025329390625 0.5526412500000001 0.008881734375000002 0.03503350781250001
