1 0.0610208046875 0.581260171875 0.122041609375 0.07302759375000001
1 0.33470986225659966 0.5881681875 0.15806201768328546 0.09177789720252871
1 0.69014365625 0.7961613340936049 0.5950762031249999 0.4076773318127902
1 0.9885041406250001 0.5812601718749999 0.016776609375000008 0.029605781249999998
1 0.845738484375 0.59014190625 0.05921156250000005 0.04194152343750002
1 0.739486625 0.5787930234374998 0.023684625000000046 0.029605781249999998
1 0.20775952021417413 0.8031927071404799 0.41551904042834825 0.3936145857190403
1 0.7727109309220601 0.5812601718750001 0.08026451644621714 0.04095458634674136
1 0.43010654812794075 0.5812601718749999 0.0577315777313124 0.0597049675150287
1 0.8921209332717797 0.5840092551603087 0.04736916259233048 0.039756266143973915
1 0.9362005937500001 0.5812601718749999 0.04243495312500004 0.04095466406249999
1 0.96120103125 0.5857010390624999 0.05000087500000004 0.04440867187500004
1 0.5972692597781513 0.5482003828125 0.2678774896745499 0.125331140625
