1 0.40658606249999996 0.5496806718749999 0.032237406249999975 0.04391524218749998
2 0.448363109375 0.5037917109375 0.004605343750000005 0.01578974999999998
1 0.470074015625 0.5037917109375 0.011513359374999983 0.014309460937499985
1 0.45198159375 0.5264894765625 0.013158124999999998 0.019737187499999996
1 0.5013245625 0.5008311328125 0.020066140624999975 0.04391524218749998
1 0.433889171875 0.5324106328125 0.026645203124999975 0.032566359374999986
2 0.43027068749999997 0.51514059375 0.006579062499999999 0.011348882812499994
1 0.27270214062500003 0.6064250859375 0.10625185937500001 0.11546254687499999
1 0.468100296875 0.5082325781249999 0.013158124999999998 0.01578974999999998
1 0.32665045312499996 0.5407989375 0.013158124999999998 0.03996780468749996
1 0.450007875 0.5240223281249999 0.02171090624999999 0.02565834374999998
1 0.474679359375 0.5008311328125 0.008552781249999994 0.011348882812499994
1 0.5259960468750001 0.5225420390624999 0.019079281250000038 0.032566359374999986
1 0.481587375 0.48948225 0.00953964062499999 0.009868593749999998
1 0.463494953125 0.5240223281249999 0.011513359374999983 0.017270039062499975
1 0.34934821875 0.5763258749999999 0.062830046875 0.06957358593749996
1 0.37237493750000006 0.5595492656250001 0.05131668750000002 0.06414585937500003
1 0.4796136562499999 0.4939231171874999 0.010526499999999987 0.009868593749999998
1 0.5329040625 0.5264894765625 0.023684624999999983 0.032566359374999986
1 0.5013245625 0.5264894765625 0.02565834374999998 0.02565834374999998
1 0.615471296875 0.58224703125 0.084540953125 0.11546254687499999
1 0.32303196874999995 0.549680671875 0.010526499999999987 0.019737187499999996
1 0.474679359375 0.5181011718749999 0.018092421874999983 0.024178054687499985
1 0.8167906093749998 0.7416248203125 0.29441304687500003 0.273360046875
1 0.55264125 0.5422792265624998 0.03881646874999998 0.041448093749999956
1 0.608892234375 0.5240223281249999 0.05131668749999996 0.032566359374999986
1 0.4881664375 0.4939231171874999 0.010526499999999987 0.01578974999999998
1 0.5133313589642043 0.5067522816607956 0.005592203125000002 0.014309460937499985
