1 0.056250984375 0.6024776484375 0.11250196875 0.10312680468749998
1 0.49277178124999993 0.544746375 0.006908015624999978 0.008388304687500004
1 0.497048171875 0.54277265625 0.005592203125000002 0.004934296875000044
1 0.7493552187499998 0.5580689765625001 0.017763468749999945 0.012335742187500021
1 0.3727038906249999 0.5630032734375 0.03486903124999999 0.0379940859375
1 0.50856153125 0.54277265625 0.005592203125000002 0.007401445312499977
1 0.833238265625 0.549680671875 0.04802715625000005 0.06167871093750001
1 0.502969328125 0.5437595156249999 0.007565921874999996 0.00937516406250003
1 0.292439328125 0.5857010390624999 0.07960665624999998 0.0873370546875
1 0.481916328125 0.5437595156249999 0.007565921874999996 0.007401445312499977
1 0.433889171875 0.54672009375 0.010855453125000025 0.012335742187500021
