1 0.41316512499999997 0.5225420390625001 0.024013578125000025 0.0379940859375
1 0.9329110625 0.5664572812499999 0.10033070312500006 0.08289618750000001
1 0.49046910937499993 0.5250091875 0.11644940624999993 0.058718132812500025
2 0.21562860569153577 0.49219580245784567 0.012006719990632379 0.01899682095203259
1 0.374019703125 0.53093034375 0.07664607812500002 0.05181011718750002
1 0.842448953125 0.5565886874999999 0.09835698437499994 0.08684362500000002
1 0.622708265625 0.547706953125 0.10658081250000002 0.06463928906250001
1 0.5243512812500001 0.6014907890624999 0.18421375000000004 0.10855453124999999
1 0.7450788281249998 0.5329040625000001 0.09638326562499995 0.04884953906250002
1 0.7312627968750001 0.6177739687499999 0.20427989062500002 0.14556175781249997
1 0.05592203125 0.5028048515625 0.11118615625 0.07302759375000001
1 0.95264825 0.654287765625 0.07401445312500006 0.15444349218750003
1 0.42106 0.5787930234374999 0.14835785937499998 0.075988171875
1 0.30526850000000005 0.52698290625 0.07039596875 0.04687582031249997
