1 0.23202157638793974 0.5375093645819097 0.0581150798620602 0.037007226562499974
1 0.0228622421875 0.561522984375 0.045724484375 0.08388304687500003
1 0.5796154062500001 0.54277265625 0.05789575000000002 0.05082325781249999
1 0.44266126288367597 0.699518831825514 0.22675834649132393 0.31003827426044417
1 0.60198421875 0.527969765625 0.05263249999999999 0.037007226562499974
1 0.6467218437500001 0.5368514999999999 0.029276828125000046 0.03898094531250003
1 0.46676098728265153 0.545733234375 0.12772780086939395 0.06432208756761364
1 0.35987471875000004 0.54277265625 0.06776434374999998 0.04687582031249997
1 0.08947523237752376 0.5585624238724762 0.10559397074747626 0.07598818949747628
1 0.30724221874999996 0.531917203125 0.043092859375 0.032072929687500015
