1 0.008251238144403763 0.5240223281249999 0.016502476288807525 0.008059285778190262
1 0.07978815280013239 0.54672009375 0.03157949999999999 0.02494372920019856
1 0.25724134374999996 0.5600426953125 0.05096581469285087 0.04736925000000003
1 0.14276565624999998 0.5343843515625 0.022039859375000016 0.011348882812499994
1 0.492113875 0.5437595156249999 0.013816031250000017 0.014309460937499985
1 0.27039946875 0.54672009375 0.010197818348878467 0.012335742187500021
1 0.5141531723737673 0.5472131019365755 0.02105328100061629 0.025164492561575536
1 0.122041609375 0.55066753125 0.025987296875000003 0.02861892187499997
1 0.281254921875 0.544746375 0.02203985937500003 0.019737187499999996
2 0.6134975781249999 0.6167871093749999 0.030263687499999983 0.11348882812500002
1 0.15164737308217827 0.57435215625 0.04978159630709562 0.05131668749999996
1 0.14687827281404076 0.5296982447844856 0.010855453124999996 0.007401445312499977
1 0.068751203125 0.5378383884853866 0.02138199193884882 0.014309460937499985
1 0.30822907812499994 0.5560952578125 0.04111914062500001 0.032072929687500015
1 0.211516859375 0.5335264284244022 0.00953964062499999 0.007401445312499977
1 0.1865164264294448 0.5444047745613465 0.05000087499999998 0.019737187499999996
1 0.14276565624999998 0.54672009375 0.027303109374999992 0.011348882812499994
1 0.015460796874999998 0.5383317890624999 0.030921593749999997 0.021340844006827276
2 0.674682859375 0.6197476875 0.022697765624999987 0.095725359375
1 0.2195872910712707 0.5590558359375001 0.08627362034413964 0.05187548877608537
1 0.2103169707147747 0.5318883297891215 0.013467829234414423 0.010362023437499968
1 0.0634550115121977 0.595076203125 0.1269100230243954 0.10569208345887252
1 0.17829259375 0.5837273203125001 0.069409109375 0.06266557031250004
1 0.07960665625 0.5506675312499999 0.02730310937500001 0.010362023437499968
1 0.36820820376427393 0.54672009375 0.0320181100142739 0.024013569353589136
2 0.103620234375 0.54277265625 0.015131843749999992 0.026645203125000006
1 0.14368669912507104 0.5560952578125 0.05480360356246449 0.02861892187499997
1 0.312176515625 0.5333974921875001 0.010118586546197387 0.012335742187500021
1 0.0947385 0.54672009375 0.016447656249999998 0.019737187499999996
1 0.5227062346243837 0.5437595156249999 0.008223828125000015 0.012335742187500021
1 0.105593953125 0.5837273203125 0.054935171874999994 0.058718132812500025
1 0.404941296875 0.54672009375 0.03486903124999999 0.016283179687500038
1 0.03795613370055383 0.5409697605216576 0.02426662677610767 0.019737187499999996
1 0.025329390625 0.5314237734375 0.022039859375 0.019737187499999996
1 0.46119228125 0.5393186484375 0.014852760497971336 0.011348882812499994
1 0.33355846875 0.55066753125 0.031160868251013638 0.027796440434712542
1 0.243096359375 0.5363580703124999 0.025329390625 0.004934296875000044
1 0.41316512499999997 0.54672009375 0.017105562499999987 0.014309460937499985
