1 0.2934261875 0.5531346796875 0.045395531249999975 0.0478626796875
1 0.3250056875 0.5452398046875 0.025329390625 0.02516491406250001
1 0.6651432187499999 0.5393186484375 0.029276828125000046 0.013816031250000017
1 0.24342531250000002 0.557575546875 0.04539553125 0.04095466406249999
1 0.250991234375 0.5393186484375 0.008552781249999994 0.0029605781249999906
1 0.14802890625 0.5501741015625 0.012171265625000002 0.016776609375000008
1 0.491784921875 0.5916221953124999 0.042106000000000005 0.07500131249999997
1 0.500995609375 0.535247856291382 0.013322605263509502 0.006784660978882151
4 0.6829066874999999 0.5363580703124999 0.010197546874999948 0.017270039062499975
1 0.42347251593724367 0.6361952384660489 0.15438841223045147 0.18898325446064668
1 0.14144984375 0.5353712109375 0.014144984374999996 0.013816031250000017
1 0.364809015625 0.5373449296875 0.012829171875000019 0.016776609375000008
2 0.5546151283094183 0.5474600587769045 0.010197546874999948 0.03996780468749996
1 0.08914711113576695 0.6097140990215573 0.1782942222715339 0.1672719978491452
1 0.267438890625 0.5491872421874999 0.027303109375000023 0.03996780468749996
1 0.500995609375 0.5403055078125 0.014144984374999996 0.020230617187499966
1 0.8533044161196546 0.5713915855272411 0.1406274695734479 0.06537943544431028
2 0.5676087200084863 0.5551083984374999 0.007565921874999996 0.03404664843749998
1 0.4302706875 0.5442529453124999 0.029934734375000004 0.009868593749999998
1 0.4876731106334863 0.5329040008074082 0.003947437499999987 0.010855453125000025
2 0.566786234375 0.547706953125 0.010855453125000025 0.04440867187500004
1 0.33882171875 0.5491872421874999 0.025987296875000017 0.033059789062500046
1 0.45318786048491366 0.5389895373976294 0.014583483265086213 0.018585772605064665
1 0.4349700553191514 0.5318466850731365 0.00921068750000001 0.009234226296545333
1 0.302965828125 0.577312734375 0.05657993749999998 0.059211562499999995
1 0.499021890625 0.5422792265624999 0.019408234375000017 0.023191195312499958
1 0.94146384375 0.5595492656250001 0.09539640625000002 0.06217214062499998
1 0.008580136981609815 0.5472135234375 0.01716027396321963 0.048191580170524426
1 0.4750083125 0.5393186484375 0.012829171875000019 0.016776609375000008
1 0.508890484375 0.5304369140624999 0.006579062499999999 0.009868593749999998
1 0.5419174539192865 0.5330027105403568 0.033355880561349534 0.05881684401476219
1 0.18224003125 0.5595492656250001 0.046053437499999995 0.04095466406249999
2 0.573694414513578 0.5531346179949082 0.010197546874999948 0.04169471605486237
1 0.4792849910237616 0.5338907367972248 0.012171265625000002 0.016776609375000008
1 0.32171615625 0.5975433515625 0.080593515625 0.08783048437499996
1 0.4750083125 0.5383317890624999 0.014144984374999996 0.014802890625000042
