1 0.423691625 0.5245157578125 0.005921156249999981 0.008881734374999973
1 0.18750328125000001 0.5452398046875 0.062830046875 0.06217214062499998
1 0.8145153492781219 0.505354235334366 0.005921156249999981 0.008881734374999973
1 0.12675659990244054 0.557575546875 0.055812358887202686 0.05082325781249999
1 0.10592290625 0.5314237734375 0.033224265625000006 0.016776609375000008
1 0.47961365624999996 0.5195814609374999 0.007236968750000017 0.009868593749999998
1 0.8242468840095706 0.505272 0.01184231535092799 0.010526502850928043
1 0.36502832136350205 0.5294500546875 0.01239056697729956 0.014473938596550617
1 0.0947385 0.5383317890624999 0.03388217187499999 0.021217476562499994
1 0.8493698675850659 0.5072070222448021 0.017434515624999966 0.009868593749999998
1 0.47008429761227727 0.5195814609374999 0.006465984129240887 0.009698976193861331
1 0.8248734531584601 0.5092194375 0.012171265624999943 0.007894875000000034
1 0.4769820312499999 0.7937668849228867 0.3335584687499999 0.41246623015422645
1 0.929950484375 0.5082325781250001 0.00921068750000001 0.014802890625000042
1 0.52435128125 0.5225420390625 0.016776609375000008 0.011842312499999962
1 0.048027156249999994 0.5353712109375 0.03473466673548673 0.016429121145365055
1 0.676327625 0.5198281763980633 0.017434515624999966 0.01282917187499999
1 0.44441567187500003 0.5314237734375 0.021381953125000012 0.03108607031249999
1 0.09539640625000002 0.5595492656250001 0.029276828125 0.044902101562500005
1 0.8490280168128937 0.5092194375 0.012171265624999943 0.003947437500000017
1 0.04651272954938679 0.5644835625 0.064145859375 0.05082325781249999
1 0.407572921875 0.5245156985967924 0.0026316250000000116 0.010362038241426941
1 0.10047461906351349 0.8451540600842058 0.20094923812702697 0.3096918798315883
1 0.4289548749999999 0.5225420390624999 0.008552781249999994 0.009868593749999998
1 0.461521234375 0.5245157578125001 0.012171265625000002 0.014802890625000042
