1 0.00320729296875 0.504285140625 0.0064145859375 0.016283179687500038
1 0.5572465937500001 0.6898147031249999 0.44342881250000005 0.3478679296874999
1 0.0139805078125 0.5797798828125 0.027961015625 0.09473849999999998
1 0.22303021874999998 0.5363580703125 0.05131668750000002 0.03503350781250001
1 0.14342356250000002 0.5013245625 0.013816031249999987 0.012335742187500021
1 0.038487515624999996 0.504285140625 0.034211125 0.020724046875000023
1 0.006908015624999999 0.50329828125 0.007565921874999998 0.010362023437499968
1 0.08399329921998708 0.5296146601007116 0.04199631459814359 0.011019981227784647
1 0.3802698125 0.522048609375 0.06052737500000003 0.05032982812500002
1 0.245727984375 0.49540340625 0.01907928125000001 0.011348882812499994
1 0.0144739375 0.5052719999999999 0.01578975 0.013322601562499958
1 0.27039946875 0.5343843515625 0.049342968749999994 0.04736925000000003
1 0.46941610937499995 0.520074890625 0.05559307812499999 0.032072929687500015
1 0.13388392187499998 0.5230354687500001 0.034211125000000016 0.03503350781250001
1 0.230596140625 0.4939231171875001 0.010197546875000008 0.006414585937500039
