2 0.67895925 0.5240223281249999 0.005592203125000002 0.019737187499999996
2 0.660866828125 0.5250091875 0.013158124999999998 0.03108607031249999
1 0.95765603515625 0.5551083984374999 0.0846879296875 0.26645203124999994
1 0.3222096838025227 0.5230354687500001 0.05888260937500001 0.02565834374999998
1 0.596392015625 0.5003377031249999 0.021381953124999954 0.011348882812499994
1 0.5434305625 0.5052719999999999 0.020066140625000038 0.011348882812499994
1 0.579944359375 0.51908803125 0.030263687499999983 0.03108607031249999
1 0.45428426562499996 0.50329828125 0.01578975000000001 0.016283179687500038
1 0.229938234375 0.5126734453124999 0.011513359375000013 0.030099210937499964
1 0.58356284375 0.5023114218750001 0.011513359374999983 0.012335742187500021
1 0.5223775624999999 0.505272 0.020066140624999975 0.012335742187500021
1 0.433889171875 0.5190880312499999 0.011513359374999983 0.018750328124999972
1 0.49770607812499995 0.5106997265625001 0.008881734374999973 0.012335742187500021
1 0.41513884375 0.5250091875 0.030263687499999983 0.0379940859375
1 0.404941296875 0.50329828125 0.021381953125000012 0.012335742187500021
1 0.33355846875 0.5087260078125 0.010197546875000008 0.004934296875000044
1 0.6164581562499999 0.520074890625 0.06250109374999996 0.0379940859375
