1 0.4674422853589474 0.5346311157497121 0.11792964925860196 0.08240275781250003
1 0.670077515625 0.6547811953125 0.379282953125 0.32171615625000005
1 0.16118703125 0.5028048515625 0.022039859375 0.005921156249999981
1 0.0779069591099263 0.5168265305990017 0.013898154399575107 0.027426381818734046
1 0.5490227656250001 0.5437595156249999 0.13750240625000001 0.09177792187499997
1 0.7371837384836225 0.5139071472058625 0.21793141940750616 0.09153141242084395
1 0.276320625 0.535864640625 0.09309373437500001 0.06414585937500003
1 0.8824166328090626 0.4899756796875 0.07779738116685854 0.07105387500000004
1 0.125331140625 0.5176077421875 0.035197984374999984 0.0478626796875
1 0.5662927391032084 0.47258229507614313 0.06118528125000004 0.06661300781249997
1 0.23585939062500003 0.5037917109375 0.039803328125 0.014802890625000042
1 0.9683470117187499 0.48306766406249996 0.06330597656250005 0.08240275781249995
1 0.2921102960520395 0.4999923230675896 0.03838881587160691 0.027928161760179294
2 0.27434690624999997 0.48898882031249996 0.013816031250000017 0.02565834374999998
1 0.02919458984375 0.516127453125 0.0583891796875 0.033059789062499956
1 0.19539815624999998 0.5003377031249999 0.04276390625 0.017270039062499975
1 0.14484897487254506 0.5035175577487725 0.004605343750000005 0.007346614674754548
2 0.197042921875 0.497377125 0.007236968749999987 0.010855453125000025
2 0.76909240625 0.4613567578125 0.013158124999999998 0.027632062500000033
1 0.6323574622604471 0.4725411914753518 0.04967192187500006 0.03108607031249999
1 0.258886109375 0.5003377031249998 0.025987296875000017 0.01282917187499999
1 0.7908033124999999 0.486521671875 0.05329040624999995 0.045888960937500035
1 0.1907928125 0.5437595156249999 0.150989484375 0.09177792187499997
1 0.235859390625 0.5141537343749999 0.020724046874999996 0.010362023437499968
2 0.21053007127151405 0.4903046613211057 0.007456275584767595 0.009046310717619743
1 0.22329337282898526 0.49441654687500003 0.014473937500000004 0.006908015625000008
1 0.31513709375 0.4968836953124999 0.008552781249999994 0.049342968749999994
1 0.962179140625 0.557575546875 0.07564171874999998 0.09868593749999999
