4 0.844751625 0.5664572812499999 0.033553218750000016 0.07401445312500003
1 0.47829784375 0.525996046875 0.025987296875000017 0.03404664843749998
4 0.868624159436657 0.5798503555478975 0.02542337212993253 0.09727610777959547
1 0.5613844874186199 0.539812078125 0.03187382888590496 0.03638395597839379
1 0.4585606562499999 0.529943484375 0.008552781249999994 0.019737187499999996
1 0.49555293387755245 0.5185946015624999 0.011842312500000023 0.01596919463648625
1 0.441126140625 0.5329040625 0.020724046874999996 0.02516491406250001
1 0.5347581724800864 0.5195814609374999 0.011603094960172674 0.0125600521426942
2 0.7885006406249999 0.5664572812499999 0.015131843749999992 0.06809329687499996
2 0.40362548437499995 0.5314237734375 0.007565921874999996 0.030099210937499964
1 0.4891532968749999 0.5195814609375 0.007330939513663578 0.014661892890371498
2 0.7088939843750001 0.5324106328125 0.007565921874999996 0.012335742187500021
2 0.39605956249999996 0.5314237734375 0.007565921874999996 0.026644936720921476
1 0.4592185624999999 0.52698290625 0.010526499999999987 0.019737187499999996
2 0.8079088750000002 0.5674441406249999 0.024013578125000025 0.07105387499999996
1 0.566786234375 0.549680671875 0.016776609375000008 0.03898094531250003
1 0.5889119158666388 0.5574039501248954 0.057409487983277545 0.06039152163743724
1 0.513064791015785 0.5628501474611773 0.09706387304735488 0.02914640332103229
1 0.671393328125 0.5926090546874999 0.12171265625000001 0.14556175781249997
1 0.502311421875 0.539812078125 0.058553656249999975 0.0281254921875
2 0.816132347919562 0.5615225847688821 0.018586606374055847 0.06686058846950518
1 0.534219875 0.7638292718953423 0.28692939540495627 0.38401170248243427
1 0.46513971875 0.525996046875 0.008552781249999994 0.016776609375000008
1 0.448363109375 0.528956625 0.020724046874999996 0.02516491406250001
2 0.809356257696998 0.5747468253922374 0.011973910329502738 0.05437609525152398
1 0.5789575000000001 0.5222131133504433 0.016776609375000008 0.013816031250000017
4 0.46382390625 0.5127831410655369 0.0026316250000000116 0.004934296875000044
1 0.49967979687499997 0.5072456897603174 0.006579062499999999 0.005921156249999981
4 0.6153066871104608 0.5324106328125 0.008223828124999954 0.029358600199112583
2 0.7202428515620443 0.5457331874986328 0.011677825246398755 0.03676042166678144
