1 0.7013280625 0.4899756796875 0.02203985937500003 0.010855453125000025
1 0.616787109375 0.4978705546875 0.01546079687499997 0.016776609375000008
1 0.33882171875000006 0.48898882031249996 0.021381953125000012 0.010855453125000025
1 0.9128449218749999 0.5116865859375 0.058553656249999975 0.029112351562500027
1 0.7957376093749999 0.5077391484375001 0.07861979687500001 0.026151773437500036
1 0.742447203125 0.49885741406249995 0.024671484374999983 0.020724046875000023
1 0.7190915312499998 0.5146471640625 0.035855890624999984 0.02516491406250001
1 0.313492328125 0.5077391484375001 0.07171178124999997 0.0379940859375
1 0.270070515625 0.5087260078125 0.030592640624999994 0.0379940859375
1 0.94014803125 0.5146471640625 0.02532939062500006 0.01282917187499999
1 0.0355269375 0.5116865859375 0.071053875 0.04687582031249997
1 0.900344703125 0.5008311328125 0.011842312499999962 0.0029605781249999906
1 0.615471296875 0.5087260078124999 0.010526500000000046 0.01578974999999998
1 0.6381690624999999 0.49589683593749995 0.008552781250000053 0.007894875000000034
1 0.5575755468749999 0.49293625781249994 0.021381953124999954 0.01282917187499999
1 0.3486903125 0.4978705546875 0.04243495312499999 0.01282917187499999
1 0.6559325312500001 0.4978705546875 0.03651379687499994 0.016776609375000008
1 0.6986964375 0.5116865859375 0.03256635937499996 0.019737187499999996
1 0.45921856250000004 0.5250091875 0.021381953125000012 0.017763468750000032
1 0.7046175937499999 0.5008311328125 0.011842312499999962 0.010855453125000025
1 0.250991234375 0.5037917109375 0.04934296875000002 0.04687582031249997
1 0.9955678828125 0.634550578125 0.008864234375000042 0.05575755468750003
1 0.539483125 0.4909625390625 0.021381953125000012 0.008881734374999973
1 0.39112526562500005 0.5047785703125001 0.017434515625000025 0.016776609375000008
