1 0.9546219687500002 0.5116865859375 0.01644765625000003 0.016283179687500038
1 0.46382390625 0.5720494865680721 0.09671221875 0.049342968749999994
1 0.258228203125 0.6044513671874999 0.16052912499999997 0.12582457031250005
1 0.9773197343749999 0.5097128671875 0.03651379687499994 0.020724046875000023
2 0.061185281249999994 0.6587286328124999 0.048685062499999994 0.16480551562499998
1 0.9609455762749425 0.634451896134977 0.07810884745011511 0.13865373725315377
1 0.9381743124999999 0.5097128721218833 0.020724046874999996 0.021710911184383265
1 0.5634027141010206 0.5620164140624999 0.08660865525969423 0.06097381017551031
2 0.113159875 0.6937621406250001 0.02894787500000001 0.066119578125
1 0.945740234375 0.504285140625 0.007565921874999996 0.004934296875000044
