1 0.6103718785024344 0.644172334715979 0.17664757608141118 0.1771410354210981
1 0.3634932031249999 0.5630032734375 0.0855278125 0.07154730468750001
1 0.020559570312499997 0.5501741015625001 0.041119140624999995 0.07154730468750001
1 0.047040296875 0.5945827734375 0.09276478125 0.10460709374999996
1 0.5013245625 0.5916221953124999 0.12500218749999997 0.11842312499999999
1 0.33026893749999997 0.5432660859375 0.032237406249999975 0.036020367187500034
1 0.0644748125 0.5738587265625 0.066119578125 0.07993560937500002
1 0.2898077031249999 0.52698290625 0.029276828124999987 0.024671484375000042
1 0.29704467187499994 0.5432660859375 0.07072492187499997 0.05082325781249999
1 0.42303371875 0.5723784375000001 0.09013315625 0.0843764765625
