1 0.44606043749999996 0.6261622734375 0.1013175625 0.09917936718749995
1 0.268754703125 0.5916221953124999 0.06546167187500002 0.05378383593749998
1 0.0065790625 0.579286453125 0.012829171875 0.05378383593749998
1 0.0644748125 0.5945827734375 0.05690889062499999 0.0675998671875
1 0.37632237499999993 0.6054382265625 0.0855278125 0.07450788281250001
1 0.22434603125 0.58224703125 0.03223740625000001 0.033059789062500046
1 0.9096288789062501 0.8692087636718749 0.18074224218749996 0.2615824726562499
1 0.042434953125 0.5738587265625 0.05230354687499999 0.03157949999999996
1 0.0462179140625 0.6360308671875 0.092435828125 0.10756767187499996
1 0.17664782812500004 0.5669507109375 0.02565834375000001 0.01924375781250003
1 0.185858515625 0.5807667421875 0.060856328125000005 0.04292838281249996
1 0.32007139062499995 0.5960630625000001 0.07072492187499997 0.057731273437499994
