2 0.6486955625 0.5610295546874999 0.021381953124999954 0.06365242968749998
1 0.9644905625 0.5383317890624999 0.037171703125000025 0.022697765624999987
1 0.8498416484375 0.7667897343750001 0.300316703125 0.2935906640625
1 0.36382215625000003 0.5467192938819908 0.014803157247669733 0.014308661069490736
1 0.3962238984382734 0.547706953125 0.010888387812283422 0.016283179687500038
1 0.42829696874999995 0.5343843515625 0.008223828125000015 0.008388304687500004
1 0.530601390625 0.55066753125 0.02532939062500006 0.01529632031250001
1 0.50724571875 0.538002789885444 0.024013578125000025 0.019737187499999996
1 0.516127453125 0.5447463749999999 0.024013578125000025 0.013322601562499958
1 0.38567394976743474 0.547706953125 0.020113189514539206 0.02326170379651309
1 0.4250074375 0.5412923671875 0.013158124999999998 0.013322601562499958
1 0.7144863026310992 0.5437595731905496 0.030263687499999983 0.023191166529725214
1 0.535206734375 0.5383317890624999 0.027303109374999992 0.019737187499999996
1 0.47435040625 0.7381708124999999 0.19835873437500004 0.23881996874999994
1 0.5539570625 0.5383317890624999 0.02532939062500006 0.016283179687500038
1 0.8909149131005757 0.5597136961354441 0.03936475465970399 0.046382390625000006
1 0.4025287063482413 0.5441714095077415 0.012500218749999981 0.01916222200774147
1 0.374389633532427 0.5477069531249998 0.012047840357899868 0.016159803762381752
1 0.634221625 0.544746375 0.06315900000000003 0.036020367187500034
1 0.49485434734087536 0.5389900397556963 0.008881734374999973 0.009704806073892503
1 0.4370964525082545 0.5340142237871455 0.008223828125000015 0.003947437500000017
1 0.468758203125 0.544746375 0.038487515624999996 0.011348882812499994
1 0.406915015625 0.5412923671875001 0.013158124999999998 0.016283179687500038
1 0.485863765625 0.614813390625 0.1276338125 0.1534566328125
1 0.341782296875 0.547706953125 0.039803328124999975 0.022697765624999987
1 0.374019703125 0.5383317890624999 0.013158124999999998 0.011348882812499994
1 0.49277178125000004 0.5383317890624999 0.01578975000000001 0.01529632031250001
1 0.35132193749999996 0.55066753125 0.020724046874999996 0.022697765624999987
1 0.3898094531249999 0.5363580703124999 0.012500218749999981 0.008388304687500004
1 0.46941610937499995 0.5373449296875 0.037171703125000025 0.016283179687500038
1 0.6052737500000002 0.59803678125 0.06875120312500003 0.075988171875
1 0.5565886875 0.5817536015625 0.04868506250000001 0.05970499218749996
1 0.931266296875 0.5363580703125 0.037171703125000025 0.023684625000000015
