1 0.44737625 0.4539553125000001 0.011513359374999983 0.012335742187500021
1 0.6223793125 0.45938303906249994 0.017105562499999987 0.016283179687500038
1 0.52435128125 0.44803415625 0.007565921874999996 0.004934296875000044
1 0.418099421875 0.46234361718749994 0.03157950000000002 0.019737187499999996
1 0.45296845312500006 0.5097128671875 0.04407971875 0.049342968749999994
1 0.5286276718749999 0.4899756796875 0.03157950000000002 0.03404664843749998
2 0.9615299843749999 0.5126734453124999 0.013816031249999956 0.07500131249999997
1 0.5022021188680463 0.444416009673398 0.021382075960781084 0.026645387378671614
1 0.47698203125 0.47467935937499994 0.025987296875000017 0.024671484375000042
1 0.43224440625000005 0.4880019609375001 0.036513796875000004 0.046382390625000006
1 0.126318 0.544746375 0.24441217187500003 0.22747108593750004
1 0.79146121875 0.52698290625 0.08519885937499995 0.08141589843750001
1 0.529943484375 0.4643173359375 0.020724046874999996 0.016283179687500038
1 0.385204109375 0.54277265625 0.07269864062500003 0.0873370546875
1 0.54211475 0.45592903125 0.011513359374999983 0.011348882812499994
1 0.50592990625 0.4613567578125 0.017105562499999987 0.012335742187500021
1 0.2862966399157364 0.5814270232553658 0.13673661056031822 0.1379968728298076
1 0.503627234375 0.47566621875 0.025987296875000017 0.02565834374999998
1 0.29934734375 0.47763993750000006 0.043092859375 0.023684625000000015
1 0.31513709375 0.47023849218749997 0.01644765625000003 0.013322601562499958
