2 0.378954 0.59408934375 0.03552693750000001 0.14950919531249998
1 0.8355409374999999 0.48306766406249996 0.006579062500000058 0.005921156249999981
1 0.865475671875 0.48504138281250003 0.006579062500000058 0.007894875000000034
1 0.8776469375 0.4880019609374999 0.00921068750000001 0.009868593749999998
1 0.8990288906249998 0.48898882031249985 0.009868593749999969 0.01282917187499999
1 0.881594375 0.4870151015625 0.005921156249999981 0.007894875000000034
1 0.8934366874999999 0.4880019609374999 0.004605343749999946 0.009868593749999998
1 0.8536333593749998 0.4919493984375 0.013816031249999956 0.013816031250000017
1 0.844422671875 0.4840545234375 0.005263250000000023 0.006908015625000008
1 0.908239578125 0.4909625390624999 0.013158124999999998 0.01578974999999998
4 0.463166 0.5886616171875 0.03782960937499998 0.11200853906250004
1 0.8602124218749999 0.4840545234375 0.005921156249999981 0.006908015625000008
1 0.834225125 0.4909625390625 0.010526500000000046 0.011842312499999962
