1 0.295728859375 0.5723784375000001 0.024013578125000025 0.02565834374999998
2 0.375335515625 0.6197476875 0.025987296875000017 0.14210775
2 0.45560007812500003 0.6083988046875 0.020724046874999996 0.1223705625
1 0.11743626562500001 0.597049921875 0.0802645625 0.02565834374999998
1 0.10493604687499998 0.577312734375 0.048685062499999994 0.03108607031249999
1 0.39934909375 0.5723784375 0.021381953125000012 0.02171090624999996
2 0.09539640624999998 0.57435215625 0.012500218749999995 0.017270039062499975
1 0.9710696249999999 0.614813390625 0.056250984375 0.12138370312499998
2 0.06118528125 0.6710643749999999 0.06381690625 0.11200853906249994
1 0.057566796875 0.595076203125 0.015789749999999995 0.03108607031249999
1 0.22434603125 0.577312734375 0.055593078125000014 0.03108607031249999
