1 0.433889171875 0.5407989375 0.026645203124999975 0.03552693749999998
2 0.4644818125 0.5023114218749999 0.005592203125000002 0.01578974999999998
1 0.485205859375 0.502311421875 0.011513359374999983 0.011348882812499994
1 0.468100296875 0.5240223281249999 0.011513359374999983 0.019737187499999996
1 0.51382478125 0.5008311328125 0.01907928124999998 0.041448093749999956
1 0.45592903125 0.527969765625 0.02171090624999999 0.02861892187499997
2 0.450007875 0.51514059375 0.006579062499999999 0.011348882812499994
1 0.3618484375 0.5738587265625 0.06348795312500002 0.08092246874999995
1 0.484219 0.5082325781249999 0.010526499999999987 0.01578974999999998
1 0.35987471875000004 0.5279697656249999 0.011513359374999983 0.01578974999999998
1 0.468100296875 0.5181011718749999 0.01907928124999998 0.019737187499999996
1 0.49112701562499994 0.5009543271076425 0.007565921874999996 0.011348882812499994
1 0.697051671875 0.650340328125 0.157568546875 0.19934559375000002
1 0.495732359375 0.48800196093750003 0.008552781249999994 0.008388304687500004
1 0.4776399375 0.5181011718749999 0.011513359374999983 0.017270039062499975
1 0.40263862499999997 0.5565886874999999 0.03782960937499998 0.04835610937499997
1 0.41316512499999997 0.5422792265624999 0.04079018750000003 0.04835610937499997
1 0.49375864062499997 0.4909625390625 0.006579062499999999 0.008388304687500004
1 0.54145684375 0.5181011718749999 0.02171090625000005 0.02861892187499997
1 0.5108642031249999 0.5240223281249999 0.023684624999999983 0.02861892187499997
1 0.587839234375 0.5536281093749998 0.05329040624999995 0.06957358593749996
1 0.489153296875 0.51514059375 0.017105562499999987 0.019737187499999996
1 0.6250109375 0.59803678125 0.07204073437499996 0.10954139062500001
1 0.55264125 0.5324106328125 0.032237406249999975 0.032566359374999986
1 0.8118563125000001 0.72435478125 0.268754703125 0.3074066953125
1 0.8853685859375001 0.8328183242187499 0.22926282812499998 0.3343633515625001
1 0.608892234375 0.5181011718749999 0.026645203124999975 0.02565834374999998
1 0.5023114218749999 0.4909625390624999 0.010526499999999987 0.01578974999999998
1 0.5257767740306775 0.5016530770398386 0.0029605781249999906 0.013322733138048371
1 0.07475459765625 0.7460656874999999 0.1495091953125 0.21217476562499993
