2 0.8277922370878021 0.49321038943682965 0.006067342898291273 0.01820208296707415
1 0.7986981798250922 0.4880019839622234 0.011842312499999962 0.01529632031250001
1 0.806264109375 0.599023640625 0.181582125 0.22006964062499995
1 0.8200801406249999 0.4870151015625 0.010197546874999948 0.010855453125000025
1 0.7458601022554909 0.5012937167267442 0.010197546874999948 0.01529632031250001
1 0.74803940625 0.4870151015625 0.026645203124999975 0.03157949999999996
1 0.693762140625 0.5368514999999999 0.035667909019832085 0.05674441406249997
1 0.863501953125 0.5092194375 0.03684275000000004 0.03996780468749996
1 0.7286311718749999 0.5190880312500001 0.023026718749999966 0.03750065625000003
1 0.7792899333895886 0.4873851627269561 0.025000437499999962 0.013075864516412228
1 0.7730398190806125 0.4961435322792093 0.038816468750000034 0.009868593749999998
1 0.593102484375 0.812711064453125 0.303623734375 0.37457787109375007
1 0.8003429202324833 0.47467935937499994 0.01578974999999995 0.01924375781250003
1 0.89672621875 0.5477069531250001 0.03782960937499998 0.09128449218750001
1 0.7029728281250001 0.5215551796875 0.04802715625000005 0.06217214062499998
1 0.7671735171322335 0.5266539802602409 0.07609781633842647 0.06332352589930164
1 0.84409371875 0.5015712958457905 0.025000437499999962 0.024918168382015615
1 0.9501723515625 0.5491872421874999 0.099655296875 0.168752953125
1 0.7661318199018706 0.4912092847429843 0.013816031249999956 0.009868593749999998
1 0.73159175 0.506258859375 0.02861892187499997 0.03157949999999996
1 0.941792796875 0.7584014296875 0.11546254687499993 0.312834421875
1 0.7970534218750002 0.49540340625 0.012829171875000019 0.01924375781250003
2 0.893765640625 0.48948225 0.007236968750000017 0.029605781249999998
1 0.64935346875 0.5521478203125 0.09769907812499999 0.13569316406249995
1 0.6200766406249999 0.585207609375 0.14473937499999998 0.1381603125
