1 0.209543140625 0.5644835625 0.084540953125 0.05970499218749996
1 0.971398578125 0.6148133906250001 0.055922031250000025 0.026151773437500036
1 0.382572484375 0.5995170703125 0.084540953125 0.09177792187499997
1 0.1802663125 0.636524296875 0.262833546875 0.15246977343749996
1 0.01307588671875 0.717446765625 0.0261517734375 0.08881734374999999
1 0.28947875 0.5955696328124999 0.08848839062499998 0.08881734374999999
1 0.908888734375 0.7603751484375 0.18222253124999999 0.19145071875
1 0.18224003125 0.541785796875 0.089146296875 0.03898094531250003
1 0.5750100625 0.62172140625 0.08454095312499993 0.09177792187499997
1 0.479942609375 0.604944796875 0.0731920703125 0.0942450703125
1 0.672709140625 0.6123462421875001 0.09177792187500002 0.10756767187500005
1 0.8810921953124999 0.6853738359374999 0.23781560937500004 0.14260117968749997
1 0.095067453125 0.5807667421874999 0.09112001562500001 0.06908015625
2 0.182568984375 0.66514321875 0.03486903124999999 0.15543035156249996
