1 0.5466542778628146 0.42129022929422194 0.061843187499999945 0.06848800273172202
1 0.534219875 0.3268970020476251 0.014802890625000013 0.013816031250000017
1 0.5322461562499999 0.2732612182196519 0.006578903924613281 0.018651499469651923
1 0.55264125 0.5407989375 0.08289618749999998 0.10362023437499994
1 0.5375423062006045 0.3458942109375 0.056250984375 0.04687582031250002
1 0.54145684375 0.39721089843749996 0.05263249999999999 0.045691607614918264
1 0.10789662500000001 0.595076203125 0.19835873437500004 0.14654861718749998
1 0.5490227656250001 0.47319907031249997 0.07302759374999995 0.05937612130818337
1 0.32303196874999995 0.46777134374999996 0.08750153124999999 0.11200853906250004
1 0.534219875 0.3153015703125 0.01282917187499996 0.024671484374999997
1 0.697380625 0.4313068968009069 0.026645203124999975 0.07204073437500003
1 0.406915015625 0.36119053125 0.04802715624999999 0.07204073437499998
1 0.5368514999999999 0.3094297639884068 0.016447656249999967 0.0330597890625
1 0.531259296875 0.26694546093749993 0.008223828124999954 0.01085545312499998
1 0.531259296875 0.30274650370574874 0.011842312499999962 0.029112351562499982
2 0.6069185156250001 0.544746375 0.02384907319192434 0.12681142968749998
