1 0.578628546875 0.5393186484375001 0.007565921874999996 0.003947437500000017
1 0.06135033356107356 0.5898953147809444 0.010197678474673958 0.03108607031249999
1 0.17763468750000003 0.64145859375 0.16941085937500003 0.14309460937500001
1 0.5697468125 0.55264125 0.013158124999999998 0.014309460937499985
1 0.581260171875 0.5496806718749999 0.011513359374999983 0.013322601562499958
1 0.12138370312499998 0.5876747578125 0.07697503124999998 0.04736925000000003
1 0.544417421875 0.5639901328125001 0.011513359374999983 0.026645203125000006
2 0.79672446875 0.5600426953125 0.011513359374999983 0.04095466406249999
1 0.688498890625 0.5580689765625 0.008223828124999954 0.03108607031249999
1 0.557904434200163 0.5324106328125 0.016776576475081482 0.014803038674633218
1 0.6570835546382744 0.5630031747377445 0.05937592391278533 0.06167871093750001
1 0.02656296484375 0.5931024843749999 0.0531259296875 0.03898094531250003
1 0.555272875 0.54672009375 0.01644765625000003 0.013322601562499958
1 0.223688125 0.5753390156250001 0.122699515625 0.09375164062500004
1 0.518759078125 0.547706953125 0.025987296875000017 0.03898094531250003
1 0.47007401562499995 0.5551083984374999 0.05559307812499999 0.06908015625
1 0.5588913264750814 0.549680671875 0.00953964062499999 0.016283179687500038
1 0.3171108125 0.576325875 0.07269864062499996 0.066119578125
1 0.391783171875 0.5837273203125 0.07138282812499999 0.05674441406249997
1 0.96909590625 0.5551083984374999 0.05361935937500005 0.04095466406249999
1 0.550996484375 0.5580689765625 0.01644765625000003 0.019737187499999996
1 0.5299434843749999 0.57040471875 0.029605781249999966 0.03108607031249999
1 0.5875102812499999 0.54672009375 0.011513359374999983 0.012335742187500021
1 0.49277178125 0.5787930234374999 0.03552693750000001 0.03108607031249999
1 0.900344703125 0.5580689765625 0.08783048437500002 0.04095466406249999
