1 0.1460551875 0.5723784375000001 0.10987034374999999 0.07401445312500003
1 0.214806390625 0.57040471875 0.056250984375 0.05970499218749996
1 0.2565834375 0.5837273203125 0.08651467187500002 0.057731273437499994
1 0.50592990625 0.57435215625 0.11875207812499997 0.08338961718749997
1 0.9184371250000001 0.5551083984374999 0.12566009375 0.06908015625
1 0.3986911875 0.5723784375000001 0.168752953125 0.095725359375
1 0.66382740625 0.5403055078125 0.04177704687499997 0.023684625000000015
1 0.0171055625 0.5827404609375 0.03092159375 0.04342181250000001
1 0.5723784375 0.5436360693902218 0.04654685403003285 0.022697765624999987
1 0.5907998125 0.5437594268112088 0.02927679852040299 0.019737187499999996
1 0.060527375 0.57435215625 0.061185281249999994 0.045395531249999975
1 0.08684365460459705 0.5674441406249999 0.016776520561208798 0.022697676811208822
2 0.6006683601935688 0.5403055768971468 0.008223828124999954 0.017270039062499975
1 0.2723731875 0.5723784375000001 0.061185281250000015 0.04736925000000003
