1 0.828961875 0.5881681875 0.07072492187500004 0.04440867187500004
1 0.9588983593749999 0.5881681875 0.04407971874999994 0.03552693749999998
1 0.69014365625 0.7948854729874641 0.5950762031249999 0.40905321093750013
1 0.8700810156250001 0.5881681875 0.022697765624999987 0.03404664843749998
1 0.712841421875 0.5787930234374999 0.0881594375 0.045395531249999975
1 0.613168625 0.5881681875 0.06085632812499995 0.03996780468749996
1 0.8723836874999998 0.5778061640625001 0.017434515624999966 0.014802890625000042
1 0.900344703125 0.5916221953124999 0.061514234375000025 0.04440867187500004
1 0.20812318700463628 0.8022108068062321 0.41624637400927256 0.39557838638753584
1 0.9605431249999999 0.57435215625 0.05164564062500006 0.032072929687500015
1 0.40954664062499996 0.5837273203125 0.1368445 0.0843764765625
1 0.49244282812499995 0.58224703125 0.04638239062499997 0.0478626796875
1 0.99170268359375 0.5837273203125001 0.016594632812500027 0.032072929687500015
1 0.8101176045757658 0.5820355602762308 0.07140632145369258 0.04655861385184625
1 0.072698640625 0.5333974921875 0.14539728125 0.18355584374999995
