1 0.6894857499999999 0.685867265625 0.07039596875000005 0.11250196875
1 0.55461496875 0.72040734375 0.033224265625000034 0.032566359374999986
1 0.528956625 0.7075781718749999 0.030263687499999983 0.06118528124999996
1 0.456915890625 0.6819198281250001 0.0750013125 0.10658081250000002
1 0.401651765625 0.6705709453124999 0.07204073437500001 0.1238508515625
1 0.02146419140625 0.829948734375 0.0429283828125 0.31875557812500005
1 0.3039526875 0.6616892109375 0.144410421875 0.20477332031249995
1 0.15082500781250002 0.7090584609375 0.30165001562500005 0.44260642968749986
1 0.8419467734375 0.80962712890625 0.3161064531250001 0.3807457421875
1 0.5013245625 0.6947490000000001 0.034211124999999974 0.08092246874999995
