1 0.9141607343749999 0.551654390625 0.06973806249999998 0.03404664843749998
1 0.8940945937499999 0.53487778125 0.039803328124999975 0.014802890625000042
2 0.34375601562499997 0.545733234375 0.013158124999999998 0.036020367187500034
1 0.9627544113570311 0.5358646406249999 0.07449117728593772 0.049836398437499964
1 0.7105387500000001 0.5309303437499999 0.03125054687500004 0.009868593749999998
2 0.36842749999999996 0.547706953125 0.008881734374999973 0.036020367187500034
1 0.041777046874999994 0.5565886875 0.028618921874999998 0.020724046875000023
2 0.3684275000000001 0.551654390625 0.008223828125000015 0.02565834374999998
1 0.8983709843749998 0.5477069531249998 0.05131668749999996 0.030099210937499964
2 0.33290056249999994 0.553628109375 0.006908015624999978 0.017270039062499975
1 0.041777046874999994 0.5699112890625 0.029934734375 0.011842312499999962
