1 0.9710807115473178 0.5344116259296563 0.05783857690536453 0.10362023437499994
1 0.2842155 0.5702584250989375 0.12237056249999997 0.10362023437499994
1 0.9677713437500001 0.48849539062499997 0.06445731249999996 0.059211562499999995
2 0.06381690625 0.5166208828124998 0.014473937500000004 0.027138632812499973
2 0.0059211776316324 0.4317509765625001 0.0029605567433676 0.01167778248341902
1 0.47829784375 0.6315900000000001 0.360532625 0.2575296023407868
2 0.0565799375 0.5407989375 0.01513184375 0.032566359374999986
1 0.809631178824167 0.5298271770762496 0.254938671875 0.1700499652966677
1 0.6941113694062352 0.9757823203797873 0.6117772611875293 0.04843535924042541
1 0.029676597744455538 0.544746375 0.059353195488911076 0.04288726438003998
1 0.404941296875 0.537838359375 0.04669316083856246 0.03157949999999996
1 0.35329565625000003 0.5570821171875 0.12237056249999997 0.0843764765625
1 0.1051005234375 0.7130058984375 0.210201046875 0.31067006399995545
