1 0.543101609375 0.4741859296875 0.01907928124999998 0.02861892187499997
1 0.9487008125 0.502311421875 0.0881594375 0.02861892187499997
1 0.8447760518298312 0.6890551617945251 0.3104478963403376 0.37225606082021406
1 0.4796136562499999 0.447047296875 0.016118703124999988 0.022697765624999987
1 0.4776399375 0.4569158906250001 0.005592203125000002 0.006908015625000008
1 0.54803590625 0.4781333671875 0.023684625000000046 0.02861892187499997
1 0.58224703125 0.549680671875 0.00296057812500005 0.005921156249999981
1 0.46645553124999994 0.46530419531249995 0.006579062499999999 0.01578974999999998
1 0.480600515625 0.45691589062500004 0.004605343750000005 0.005921156249999981
1 0.9672779140625 0.48800196093750003 0.06544417187500003 0.03996780468749996
1 0.446389390625 0.472705640625 0.015131843749999992 0.02565834374999998
1 0.459547515625 0.4682647734375 0.008552781249999994 0.019737187499999996
1 0.8223828125 0.5037917109375 0.010526500000000046 0.009868593749999998
2 0.34934821875 0.5023114218749999 0.013158124999999998 0.04687582031249997
1 0.5098773437499999 0.45691589062500004 0.006579062499999999 0.008388304687500004
1 0.5161261759694955 0.45765387995633605 0.013158124999999998 0.01578974999999998
1 0.24935253523864648 0.5871751019919155 0.09835283361961032 0.09399572133552195
2 0.29145246875 0.4939231171875 0.007565921874999996 0.03404664843749998
1 0.45198159375 0.46925015071811166 0.021052999999999975 0.02615103239030585
1 0.22303021875 0.5136603046875 0.09210687500000002 0.05279697656250004
1 0.4106965397625574 0.49614139558133613 0.032237406249999975 0.036266363631278685
1 0.4881664375 0.4583961796875 0.02171090624999999 0.017270039062499975
1 0.478626796875 0.4613567578125 0.006579062499999999 0.009868593749999998
1 0.431257546875 0.4840545234375 0.022697765624999987 0.022697765624999987
1 0.9894909999999999 0.4583961796875 0.01907928124999998 0.02565834374999998
1 0.29672082737201805 0.5585561801169154 0.0712156376070529 0.10040934940639348
1 0.43224440624999994 0.476653078125 0.027632062499999974 0.03108607031249999
1 0.5802733124999998 0.5580689765625 0.00953964062499999 0.049836398437499964
1 0.47105991713337153 0.46135532101255744 0.008552781249999994 0.014309460937499985
1 0.06373466796875 0.6616892109375 0.1274693359375 0.20230617187500002
