1 0.8515866348822397 0.52106175 0.08158037499999994 0.03404664843749998
1 0.687292305354989 0.5162916754004934 0.07960665624999995 0.048685316787006626
1 0.9603457848774437 0.5017192824356671 0.020724046874999996 0.010362023437499968
1 0.17664741690480834 0.5780538041516813 0.09671221875 0.09917998401778752
1 0.274675859375 0.5190880312499999 0.01644765625000003 0.010362023437499968
1 0.4587801278580044 0.7449149872800166 0.27303109374999995 0.3575738268840462
1 0.608892234375 0.5250091875 0.05778617131463489 0.04029686634695242
1 0.883239140625 0.5109817686577746 0.008223828124999954 0.005357360017911805
1 0.7569211406249998 0.52106175 0.06579062499999999 0.037007226562499974
1 0.7947507500000001 0.525996046875 0.01644765625000003 0.020724046875000023
1 0.25263599999999997 0.520074890625 0.010855453124999996 0.012335742187500021
1 0.468758203125 0.5304369140625 0.07960665625 0.04342181250000001
1 0.5174432656249999 0.5770489507218253 0.11375530000116374 0.11056238761884947
1 0.971069625 0.52106175 0.04605343750000005 0.032072929687500015
1 0.496390265625 0.5146471640625 0.01907928124999998 0.012335742187500021
1 0.9891620468749999 0.4939231171874999 0.013158124999999998 0.010362023437499968
1 0.8003429531249999 0.52106175 0.03914542187500002 0.03108607031249999
1 0.9595562656249998 0.4993508437500001 0.020724046874999996 0.012335742187500021
1 0.33180422160800443 0.5876747578125 0.0685317315169956 0.09177792187499997
1 0.2881629375 0.525996046875 0.01907928124999998 0.019737187499999996
1 0.09646550390625001 0.760868578125 0.19293100781250003 0.28618921875
1 0.27303109375 0.624681984375 0.1276338125 0.14704204687499994
1 0.09592273967116631 0.6083988046875 0.1502000052961663 0.10707424218749999
1 0.905279 0.520074890625 0.03201819140079205 0.02565834374999998
1 0.6292873281249999 0.525996046875 0.084540953125 0.03898094531250003
1 0.5539570625 0.51908803125 0.025987296875000017 0.02565834374999998
1 0.9858724721295069 0.5067522890625 0.01990177280123279 0.014309460937499985
