1 0.6345505781249999 0.48356109375 0.010526500000000046 0.011842312499999962
1 0.8164616562500001 0.5255026171875 0.09144896875000003 0.04884953906250002
1 0.10888348437499999 0.46036989843749987 0.020724046874999996 0.01578974999999998
1 0.43816556250000005 0.4914559687500001 0.06809329687500003 0.032072929687500015
1 0.76382915625 0.585207609375 0.12006789062499999 0.10115308593750001
1 0.8799496093750001 0.57435215625 0.14342356250000007 0.09917936718750005
1 0.5959709376741221 0.5452398046875 0.14358863824702298 0.09770087567856871
1 0.872532279756482 0.7830815369714812 0.2534903027036408 0.39648550361898083
1 0.9714948045081006 0.5753390156250001 0.05701039098379894 0.06447674684147567
1 0.17359752191221373 0.47492637381101144 0.0634871542123028 0.024178054687499985
1 0.3263215 0.49342968750000005 0.05789575000000002 0.03404664843749998
1 0.39588330197521626 0.5383329874315457 0.13281132897569972 0.07894635326190835
1 0.07038961502759283 0.47024030753675916 0.07730398437500001 0.01578974999999998
1 0.3704012187499999 0.718433625 0.3108607031249999 0.25115571093750005
1 0.08272671872703723 0.5057658835248148 0.10394918750000001 0.0478626796875
1 0.18635194531250002 0.7672831640625 0.37270389062500003 0.42533639062499995
2 0.7220521093750001 0.6557680546875 0.043092859375 0.17516753906249996
1 0.48487690625 0.5511609609375 0.08618571875 0.08092246874999995
