1 0.57829959375 0.49836398437499996 0.02861892187499997 0.011842312499999962
1 0.051316687500000006 0.5442529453125001 0.10065965625 0.063159
1 0.497048171875 0.49836398437499996 0.005263250000000023 0.009868593749999998
1 0.486850625 0.506258859375 0.014802890625000013 0.020230617187499966
1 0.459547515625 0.5003377031249999 0.007236968750000017 0.005921156249999981
1 0.30165001562500005 0.5195814609375 0.04013228125000001 0.02220433593750002
1 0.46579762499999994 0.50329828125 0.008552781249999994 0.011842312499999962
1 0.9501723515625 0.6005039296875001 0.099655296875 0.15592378125
1 0.508890484375 0.5003377031249998 0.006579062499999999 0.009868593749999998
1 0.5809312187500001 0.5373449296875 0.06283004687499995 0.07697503125000002
1 0.557575546875 0.5195814609375 0.029934734375000004 0.045888960937500035
