1 0.36612482812499997 0.5738587265625 0.05329040625000001 0.059211562499999995
2 0.543101609375 0.5486938125 0.011842312499999962 0.04292838281250004
2 0.21053000000000002 0.5486938125 0.008881734375000002 0.036513796875000004
1 0.10954139062500001 0.6054382265625 0.121383703125 0.12286399218749997
2 0.5773127343750001 0.5595492656250001 0.015131843749999992 0.06463928906250001
1 0.17302934375 0.5699112890624999 0.05329040625000001 0.06365242968749998
1 0.46448181250000004 0.565470421875 0.004605343750000005 0.012335742187500021
1 0.407572921875 0.5477069531249998 0.03486903124999999 0.041448093749999956
1 0.2718793476711544 0.6614431113057684 0.15641789450640928 0.16825829301346323
1 0.25197809374999997 0.5669507109374999 0.05690889062500002 0.05230354687499998
1 0.297044671875 0.5560952578125 0.00921068750000001 0.020724046875000023
1 0.52435128125 0.551654390625 0.012829171875000019 0.016776609375000008
1 0.31908453124999997 0.551654390625 0.03684274999999999 0.04292838281250004
1 0.442441953125 0.565470421875 0.04243495312499999 0.05082325781249999
1 0.260201921875 0.5447463750000001 0.03947437500000003 0.029112351562500027
