1 0.0465470728017084 0.5707636125935709 0.0930941456034168 0.08307563442178542
1 0.013651554687499996 0.5314237734375 0.027303109374999992 0.036020367187500034
1 0.7286311718749999 0.5861944687499999 0.11414673437500002 0.09325821093749997
1 0.10065965625 0.5245157578125001 0.029276828125 0.014802890625000042
1 0.6501764173731911 0.5928557497936678 0.08931041816101945 0.07623494593149678
1 0.45888960937500006 0.5393186484374999 0.04934296875000002 0.024178054687499985
1 0.6611957812499999 0.5393186484375 0.024013578125000025 0.013816031250000017
1 0.5449113622903166 0.6399781492485993 0.25016863690878 0.1751672281846986
1 0.5139896353069732 0.5600427175180572 0.08881725492777104 0.04687582031249997
1 0.110199296875 0.5393186484374999 0.03684275 0.021217476562499994
2 0.6631695000000001 0.5314237734375 0.005592203125000002 0.011348882812499994
1 0.8686009116088104 0.6000104777944427 0.14934462992777106 0.13322588239165656
1 0.7546184687499999 0.6054382265625 0.11151510937499995 0.09325821093749997
1 0.024013578125 0.5072457187499999 0.024013578125 0.024178054687499985
1 0.125989046875 0.5393186484375001 0.04013228125000001 0.014802890625000042
1 0.96120103125 0.6172805390624999 0.07730398437499998 0.10016622656249999
1 0.204279890625 0.57435215625 0.2355304375 0.13618659375000003
1 0.5717205312500001 0.5304369140625 0.03125054687500004 0.013816031250000017
1 0.35033507812500003 0.5215551796875 0.017434515625000025 0.024178054687499985
1 0.5463911406249999 0.5363580703124999 0.04671134374999995 0.020230617187499966
1 0.4776399375 0.514153734375 0.011184406250000004 0.014802890625000042
1 0.5677730937500001 0.5472135234375 0.04210599999999995 0.023191195312499958
1 0.36744064062500004 0.6064250859375001 0.24276740625 0.14704204687500005
1 0.6674459350361145 0.5304368696513855 0.03256641858981932 0.024178054687499985
1 0.10592290625 0.5205683203125 0.03684275 0.021217476562499994
1 0.5717205312499999 0.5141537343749999 0.03947437499999999 0.027138632812499973
1 0.538496265625 0.5264894765625 0.024671484375000042 0.011842312499999962
1 0.6776434375000001 0.5595492656250001 0.05789575000000002 0.037007226562499974
1 0.7779741406250001 0.5343843515625 0.04605343750000005 0.02220433593750002
1 0.547706953125 0.5363580703124999 0.04342181250000004 0.011842312499999962
1 0.9949099765625 0.5531346796875001 0.010180046875000077 0.014802890625000042
1 0.6971613070154369 0.5327395777127261 0.0434218157899096 0.02779654235240958
