1 0.563496703125 0.45592903125 0.025987296875000017 0.05376238363875272
1 0.380598765625 0.4041189140625 0.018092421874999983 0.03009921093750001
1 0.5881681875000001 0.46678448437500003 0.06513271875000003 0.075988171875
2 0.5043400558135971 0.3671118489019748 0.003289531250000029 0.012829010473025182
1 0.4796136562499999 0.36415110937499995 0.008552781249999994 0.009210796416525202
1 0.383230390625 0.4011583359375 0.019079274670740116 0.0281254921875
1 0.48849539062499997 0.36119053125 0.006579062499999999 0.006908015625000008
1 0.557575546875 0.4368497614037235 0.033224265625000034 0.045888960937500035
1 0.46382390625 0.37895399999999996 0.014144990954259858 0.018256888568610165
1 0.4602054177629318 0.37599342187499996 0.011842312500000023 0.01776346874999999
1 0.558891359375 0.45494217187499986 0.024028036594056345 0.04687582031249997
1 0.481587375 0.360203671875 0.007236968750000017 0.005921156249999981
1 0.5489928621887525 0.42383367398531424 0.030592640624999962 0.03801651351468562
1 0.46382390625 0.3772269923930458 0.013528191714568767 0.01776346874999999
1 0.5108642031249999 0.36415110937499995 0.008552781249999994 0.01282917187499999
1 0.46842925 0.36790119677719774 0.0034210979818681746 0.005131646972802262
1 0.49565012389499413 0.3623007438450089 0.010608735480005944 0.010978806345008873
1 0.4482900095740065 0.36415110937499995 0.00921068750000001 0.01282917187499999
1 0.7065913125000001 0.547706953125 0.22829346875000003 0.10658081250000002
1 0.37862504687500004 0.40609263281250013 0.0026316250000000116 0.006908015625000008
1 0.484219 0.45099473437499993 0.04736925000000003 0.06167871093750001
1 0.452968453125 0.3981977578125 0.018750328125 0.020724046874999978
1 0.46382390625 0.36513796874999993 0.00921068750000001 0.00789487499999999
1 0.35000612499999995 0.447047296875 0.07993560937499998 0.12878514843750005
1 0.26612307812499997 0.40232462249548295 0.029934734374999977 0.035302658455568195
