1 0.02313634420574132 0.49129153056638797 0.02763205482422239 0.02236882017577759
1 0.0857470231136502 0.592115625 0.1714940462273004 0.13980503974611197
1 0.32204510937499997 0.5314237734375 0.06381690625 0.046382390625000006
1 0.229938234375 0.4899756796875 0.03223740625000001 0.012335742187500021
1 0.06875120312500001 0.4919493984375 0.03486903125 0.019737187499999996
1 0.03782960937500001 0.4899756796875 0.0069080156250000005 0.011348882812499994
1 0.17747026192829385 0.5188412942005819 0.04358630057655022 0.012335742187500021
1 0.47435040625 0.5116865859375 0.06710643750000003 0.04835610937499997
1 0.2723731875 0.4850413828125001 0.008881734374999973 0.012335742187500021
1 0.04407971875 0.4939231171874999 0.01578975 0.013322601562499958
1 0.36645378125000005 0.5250091875 0.05888260937500001 0.04835610937499997
1 0.562180890625 0.5116865859375 0.05361935937500005 0.036020367187500034
1 0.24638589062500002 0.5136603046875001 0.08092246875000002 0.0379940859375
1 0.25460971875000005 0.481587375 0.022039859375 0.011348882812499994
