1 0.96777134375 0.5885379468658511 0.06445731250000009 0.05970499218749996
1 0.8750153125 0.5630032734375 0.014473937500000034 0.02171090624999996
1 0.9388322187499999 0.5477069531250001 0.010855453125000025 0.012335742187500021
1 0.39737537500000003 0.614813390625 0.09868593749999999 0.09276478125000001
1 0.030263687499999994 0.5960630625000001 0.040461234374999995 0.04736925000000003
2 0.05000087499999999 0.5866878984375 0.0069080156250000005 0.024671484375000042
1 0.1358549959013813 0.6098788458071607 0.08207328125261713 0.05551030263426497
1 0.27862329687500004 0.5817536015625 0.008223828125000015 0.023684625000000015
1 0.354282515625 0.5649769921875 0.014473937499999975 0.016283179687500038
1 0.96778009375 0.5477069531250001 0.01578974999999995 0.012335742187500021
1 0.015679813172722802 0.6006684435263839 0.031030598667677642 0.05411247221323619
1 0.195069203125 0.6044513671874999 0.06579062499999999 0.04736925000000003
1 0.90725271875 0.5580689765625001 0.024013578125000025 0.012335742187500021
1 0.43224440625 0.6064250859375001 0.03157950000000002 0.032072929687500015
1 0.5092194375 0.6177739687499999 0.12894962500000004 0.10065965624999995
2 0.044408671875 0.5857010390624999 0.009210687499999997 0.023191195312499958
