1 0.008388304687499999 0.5240223281249999 0.016776609374999998 0.011348882812499994
1 0.08005406545607231 0.54672009375 0.0315795 0.0253425981841084
1 0.2591787158369621 0.5600426953125 0.04729564009509479 0.04769774483558527
1 0.14293037003495107 0.5343843515625 0.022039859375000016 0.012088671510073378
1 0.5003377031249999 0.544746375 0.010855453125000025 0.014309460937499985
1 0.26941257976862665 0.54647340111103 0.01052652960637337 0.012089049548530007
1 0.5167853593749999 0.547706953125 0.02203985937499997 0.02861892187499997
1 0.122041609375 0.55066753125 0.025987296875000003 0.02861892187499997
1 0.28059701562499995 0.544746375 0.02203985937499997 0.02565834374999998
2 0.532575109375 0.6083988046875 0.027303109374999992 0.10707424218749999
1 0.152305296875 0.571391578125 0.047369250000000016 0.04736925000000003
1 0.14605518749999996 0.5279697656249999 0.010855453124999996 0.007401445312499977
1 0.06897052611557797 0.5376739141733669 0.02116269285615592 0.014967429909233854
1 0.30717638496868044 0.5560952578124999 0.04111914062500001 0.0312834098202603
1 0.21217476562499998 0.5333974921874999 0.00953964062499999 0.007401445312499977
1 0.18627521333733757 0.5458648512560063 0.050000875000000014 0.019737187499999996
1 0.1460551875 0.54672009375 0.027303109374999992 0.011348882812499994
1 0.015131843749999997 0.5393186484375 0.029605781249999998 0.016283179687500038
2 0.5718815152700283 0.6120980604759119 0.02302867457378414 0.09523151058240345
1 0.21766820275742196 0.5590558359374999 0.08325791013666303 0.0588664533479629
1 0.2112244024978394 0.5323011440689818 0.010855453124999996 0.005866046707406802
1 0.0633234765625 0.595076203125 0.126646953125 0.10362040576254969
1 0.17993735937500002 0.5837273203125001 0.070724921875 0.06266557031250004
1 0.07927798252839773 0.5531350987925967 0.030591802414806784 0.012335742187500021
1 0.3684275 0.5475092820563778 0.032237406249999975 0.024473813306377858
2 0.12434428125 0.547706953125 0.015131843749999992 0.04243495312499999
1 0.14587974407910084 0.5560952578125 0.05370708108544955 0.02861892187499997
1 0.312176515625 0.5333974921875 0.00953964062499999 0.011348882812499994
1 0.10098860937500001 0.54672009375 0.022039859375 0.016283179687500038
1 0.52566709375 0.5447463749999999 0.004934296874999984 0.010362023437499968
1 0.10493581835826711 0.5837273203125 0.054935171874999994 0.057731273437499994
1 0.4053800354792775 0.54672009375 0.03453947315575121 0.016283179687500038
1 0.037829609375 0.5403055078125 0.025329390625 0.020301210671561255
1 0.02467204318179547 0.5314237734375 0.022039859375 0.016283179687500038
1 0.46119228125 0.5383317890624999 0.013158124999999998 0.011348882812499994
1 0.33355846874999995 0.55066753125 0.029665579292496365 0.03190848507063508
1 0.24276768565339774 0.5363580703125 0.02894843380679548 0.003947437500000017
1 0.41316512499999997 0.54672009375 0.013158124999999998 0.016283179687500038
