1 0.5607334775325176 0.4531658056575176 0.025987296875000017 0.05171141674313819
1 0.5881681874999998 0.46086332812499997 0.06250109374999996 0.075988171875
2 0.5065878125 0.35674969120018296 0.003289531250000029 0.011348882812499994
1 0.34474287499999995 0.4139875078125 0.018750328125 0.03799408593750005
1 0.4796136562499999 0.360203671875 0.008552781249999994 0.00789487499999999
1 0.38980945312500004 0.3903028828125 0.0026316250000000116 0.004934296874999999
1 0.48602866734453354 0.377473629524451 0.03618486184178866 0.025165022613231967
1 0.487837484375 0.35428251562499996 0.006579062499999999 0.006908015625000008
1 0.5553825070355494 0.42681667968750003 0.033224265625000034 0.045888960937500035
1 0.46382390625 0.37204598437499997 0.014473937499999975 0.01776346874999999
1 0.46119228125 0.37105912499999993 0.012500218749999981 0.01776346874999999
1 0.558891359375 0.45099473437499993 0.024013578125000025 0.04884953906250002
1 0.484219 0.35822995312499994 0.003289531250000029 0.00789487499999999
1 0.5473310195860941 0.41680714469578223 0.03040467385554706 0.03743018562914106
1 0.46382390625 0.37303284375 0.013158124999999998 0.013816031250000017
1 0.5108642031249999 0.35724309375 0.007894874999999975 0.011842312500000007
1 0.46842924999999996 0.36316424999999997 0.003289531250000029 0.004934296874999999
1 0.49639026562500005 0.35724309375 0.011842312500000023 0.01085545312499998
1 0.448363109375 0.360203671875 0.00921068750000001 0.01282917187499999
1 0.8440933481307143 0.543101637884176 0.25274568905390105 0.11891655468750004
1 0.47961365624999996 0.47467935937499994 0.06381690625 0.08486990624999997
1 0.45362635937499995 0.3912897421875 0.018750328125 0.018750328125000014
1 0.4644818125 0.358229953125 0.00921068750000001 0.006908015625000008
1 0.36711168749999995 0.4268166796875 0.06579062499999999 0.11398225781250004
1 0.2668407948496964 0.397928610676366 0.029934734375000004 0.032072929687500015
