1 0.5529701636589128 0.4820808638866307 0.024013597858043547 0.037994145136630665
1 0.47303459374999995 0.45987646874999993 0.017105562499999987 0.024178054687499985
1 0.6315900000000002 0.4840545234375 0.027632062500000033 0.03996780468749996
1 0.471060875 0.472705640625 0.004605343750000005 0.01282917187499999
1 0.5671151875 0.48800196093750003 0.033224265625000034 0.03996780468749996
1 0.4539553125 0.472705640625 0.011513359374999983 0.021217476562499994
1 0.47303459374999995 0.4741859296875 0.005592203125000002 0.014309460937499985
1 0.42533639062499995 0.4840545234375 0.022697765624999987 0.032566359374999986
1 0.446389390625 0.476653078125 0.010526499999999987 0.02861892187499997
2 0.29441304687500003 0.5264894765625 0.032237406249999975 0.08388304687500003
1 0.506258859375 0.46974506250000003 0.006579062499999999 0.009868593749999998
1 0.6552741906689489 0.4768985985583594 0.037171703125000025 0.04342159533447445
1 0.5157985 0.46974506250000003 0.016118703124999988 0.022697765624999987
2 0.26776784374999996 0.52106175 0.024671484374999983 0.08240275781250003
1 0.43213517646211 0.47730916771808796 0.026645203124999975 0.03503327085725063
1 0.04079018749999999 0.5482003828125 0.07894874999999998 0.08980420312500001
1 0.3546110576182078 0.5139075437242849 0.05279703823226883 0.05970499218749996
1 0.484219 0.46974506250000003 0.016118703124999988 0.021217476562499994
1 0.47007401562499995 0.4712253515624999 0.006579062499999999 0.01578974999999998
1 0.39704642187499994 0.49836398437499996 0.03322426562499998 0.032566359374999986
1 0.40461234375 0.48800196093750003 0.037171703125000025 0.04292838281249996
1 0.8907963124999999 0.7830729140624999 0.21840737500000007 0.314808140625
1 0.46053437499999994 0.4712253515625 0.014144984374999996 0.017270039062499975
