1 0.84014628125 0.5240223281249999 0.05690889062499996 0.03108607031249999
1 0.6870186509049752 0.5183477830995518 0.08158037499999994 0.049342968749999994
1 0.9644905625 0.504285140625 0.01644765625000003 0.010362023437499968
1 0.9243582812500001 0.5067522890625 0.008223828124999954 0.017270039062499975
1 0.18684537499999998 0.571391578125 0.084540953125 0.09375164062500004
1 0.4592185625 0.7505065546875 0.2697415624999999 0.35526937500000005
1 0.6059316562500001 0.528956625 0.05065878125 0.03898094531250003
1 0.50461409375 0.5353712109375 0.05888260937500001 0.02861892187499997
1 0.7592238125000002 0.5230354687500001 0.06513271875000003 0.03898094531250003
1 0.7973823750000001 0.5304369140625 0.01644765625000003 0.023684625000000015
1 0.8808267124443858 0.5230354687500001 0.08826911485765349 0.03634934004949013
1 0.26587692986030365 0.5230352343034952 0.010609304860303611 0.010484941272178272
1 0.547049046875 0.5733652968749999 0.11875207812500002 0.10707424218749999
1 0.9620146640624999 0.5250091875 0.07597067187500008 0.03898094531250003
1 0.4958968063320148 0.520074890625 0.018421414473980255 0.012335742187500021
1 0.990477859375 0.49540340625 0.017105562499999987 0.010362023437499968
1 0.3052685 0.5324106328125 0.020724046874999996 0.02565834374999998
1 0.968438 0.4909625390625001 0.020724046874999996 0.020724046875000023
1 0.38421724999999995 0.5694178593750001 0.09144896875000003 0.07401445312500003
1 0.0876660078125 0.7761648984374998 0.175332015625 0.2871760781249999
1 0.28355759375 0.6167871093749999 0.11677835937499997 0.139147171875
1 0.09671221875 0.62172140625 0.15592378124999998 0.11546254687499999
1 0.9204108437499999 0.520074890625 0.01644765625000003 0.019737187499999996
1 0.629945234375 0.5304369140625 0.08783048437500002 0.046382390625000006
1 0.5539570625 0.5166208828125 0.025987296875000017 0.016283179687500038
1 0.991127015625 0.5087260078125 0.017745968749999955 0.012335742187500021
