1 0.5460621875 0.41993465227884147 0.06236260540384156 0.06946980628362831
1 0.534219875 0.3251701640625 0.014802890625000013 0.013816031250000017
1 0.5332330156249999 0.2738534765625 0.009210687499999952 0.021781397715941432
1 0.55264125 0.5407989375 0.08369206247558468 0.10362023437499994
1 0.537838359375 0.34441392187500003 0.056250984375 0.04835610937500001
1 0.54145684375 0.39721089843749996 0.05070818742589201 0.043027195164284035
1 0.5490227656250001 0.4761599617700515 0.07302759374999995 0.06217214062499998
1 0.534219875 0.3153015703125 0.01282917187499996 0.024671484374999997
1 0.697380625 0.4317509765625 0.028184705834278626 0.07204073437500003
1 0.312834421875 0.4840545234375 0.095067453125 0.13273258593749998
1 0.5368514999999999 0.30918657791957643 0.016447656249999967 0.0330597890625
1 0.5322461562499999 0.26546517187499996 0.007236968749999958 0.01085545312499998
1 0.531259296875 0.3014855390625 0.011842312499999962 0.029112351562499982
2 0.6044842735769139 0.544746375 0.029211015346171956 0.12681142968749998
