1 0.50461409375 0.6681037968749999 0.14210775000000003 0.17072667187499996
1 0.2223723125 0.5393186484374999 0.02598729687499999 0.04095466406249999
1 0.486357425411715 0.5353713687198189 0.00921064805442029 0.017516665153695588
1 0.258886109375 0.5477069531249998 0.055593078125000014 0.057731273437499994
1 0.08783048437499999 0.5363580703124999 0.042434953124999994 0.03404664843749998
1 0.401651765625 0.54672009375 0.030263687499999983 0.036020367187500034
1 0.46810029687499993 0.547706953125 0.038487515624999996 0.04835610937499997
1 0.11612045312499998 0.57435215625 0.10296232812499999 0.066119578125
2 0.6404717343749998 0.6207345468750001 0.017763468749999945 0.08536333593750003
1 0.18542031505177345 0.5437597112125903 0.04046119712022091 0.05098771574761045
1 0.36250634374999996 0.55066753125 0.05361935937499999 0.06167871093750001
1 0.152963203125 0.54672009375 0.05361935937499999 0.05131668749999996
1 0.31086070312499997 0.54277265625 0.032237406249999975 0.03898094531250003
2 0.645734984375 0.624681984375 0.01644765625000003 0.07500131249999997
1 0.10830781640625001 0.7307693671875 0.21661563281250001 0.26250459374999996
1 0.28684712500000004 0.5393186484375 0.01907928124999998 0.03404664843749998
2 0.6164581562499999 0.6064250859375 0.02532939062499994 0.12039684375000004
1 0.49277178125000004 0.5314237734375 0.010197546875000008 0.012335742187500021
1 0.43586289062500005 0.547706953125 0.025329390625 0.027632062500000033
1 0.3519798437499999 0.5817536015624999 0.07072492187499997 0.08338961718749997
1 0.03412888671875 0.5600426953125 0.0682577734375 0.08042903906249999
