1 0.8228766221359585 0.5277230680516345 0.038816399668462155 0.03651376233423109
1 0.8569412309096709 0.6854144713645063 0.2861175381806582 0.18177369184717085
1 0.6697485625000001 0.5412923671875001 0.027303109375000054 0.037007226562499974
1 0.0644748125 0.59408934375 0.128949625 0.14309460937500001
1 0.804948296875 0.5176077421875 0.008223828124999954 0.006414585937500039
1 0.7926123901895527 0.5296967399216195 0.029276814965164277 0.029359096015880493
1 0.7590593349095511 0.5564653293071633 0.1856529176089899 0.07703670572064807
1 0.9470560468750001 0.5474495143471886 0.07860549829625149 0.0776186281945285
1 0.48948225 0.551654390625 0.069409109375 0.04835610937499997
1 0.58487865625 0.5423615176155125 0.06041765359598313 0.049342968749999994
1 0.768950398978977 0.5960630625000001 0.21217476562499998 0.10453968587556836
1 0.4422445528269151 0.8458448564218717 0.8702783922371807 0.3083102871562565
1 0.179279453125 0.5753390156249999 0.11677835937499999 0.06069185156249999
1 0.292439328125 0.5620164140624999 0.10164651562499998 0.06167871093750001
1 0.6322479062500002 0.5437595156249999 0.05361935937500005 0.037007226562499974
1 0.424020578125 0.551654390625 0.05361935937499999 0.04835610937499997
