1 0.39112526562500005 0.589155046875 0.060856328125000005 0.05575755468750003
1 0.5898129531249999 0.61777396875 0.034211124999999974 0.017270039062499975
1 0.502311421875 0.6034645078125 0.021052999999999975 0.03108607031249999
1 0.5384878875921453 0.5879249635032728 0.05987505410523652 0.06957358593749996
1 0.4415192660690328 0.6031687300914174 0.042763906250000025 0.02624989919216523
1 0.471060875 0.610865953125 0.024671484374999983 0.017270039062499975
2 0.08552781250000002 0.694749 0.052632500000000006 0.2126681953124999
1 0.6072393825475613 0.6049470711194358 0.01907928124999998 0.028368037583117546
1 0.9492677304687499 0.872909486328125 0.1014645390625 0.2541810273437499
1 0.58224703125 0.59803678125 0.04736924999999997 0.054277265625000036
