1 0.9120930580197704 0.5240224042550218 0.024013578125000025 0.010855453125000025
1 0.2223723125 0.5097128671875 0.025329390625 0.019737187499999996
1 0.37862504687500004 0.5225420390624999 0.03519798437499997 0.01282917187499999
1 0.8818411234595299 0.525996046875 0.03281310783452985 0.024178054687499985
1 0.42303371875 0.5935959140625 0.16513446874999999 0.09375164062500004
1 0.141778796875 0.5077391484375 0.026645203124999992 0.016776609375000008
1 0.19770082812499998 0.5595492656250001 0.07993560937499998 0.07302759375000001
1 0.043750765625 0.54672009375 0.087172578125 0.07401445312500003
1 0.9049500468749999 0.537838359375 0.06710643750000003 0.024178054687499985
1 0.012253490200577918 0.5273118867863442 0.024506980401155835 0.02845455495787661
1 0.273360046875 0.5664572812499999 0.10033070312499998 0.06562614843750003
1 0.5874596615924516 0.5264134351025797 0.040967281652354616 0.019205681095741056
1 0.4463345031945913 0.510823111843684 0.011842312500000023 0.011390048385306528
1 0.80600864453125 0.6912949921874999 0.38798271093750003 0.26941260937499995
1 0.9513324375000001 0.5329041365159334 0.04243495312500004 0.01414508306291129
1 0.26974154591510724 0.5097128671875 0.029605797834892804 0.019737187499999996
1 0.94146384375 0.525996046875 0.03125054687500004 0.01578974999999998
1 0.34408496875 0.5156340234375 0.04868506250000001 0.019737187499999996
1 0.0013158125 0.557575546875 0.002631625 0.03108607031249999
1 0.858238703125 0.545733234375 0.07171178124999997 0.03108607031249999
1 0.5003377031249999 0.5748455859374999 0.17500306249999997 0.10658081250000002
1 0.19375339062499997 0.53882521875 0.07171178125000001 0.03996780468749996
1 0.35724309374999996 0.5146471640625 0.014473937499999975 0.010855453125000025
1 0.2407936875 0.5097128671875 0.036214734197694595 0.019737187499999996
1 0.176318875 0.5097128671875 0.025329390625 0.01282917187499999
1 0.139805078125 0.6054382265625 0.19770082812499995 0.16677923437500003
