1 0.40790225993867113 0.5415403811992651 0.022697765624999987 0.024178054687499985
1 0.555601828125 0.5491872421874999 0.016776609375000008 0.01282917187499999
1 0.19923535001975978 0.5874011488108353 0.08644206508770015 0.08311600818583517
1 0.11842312500000002 0.6039579374999999 0.10987034375 0.09473849999999998
1 0.043750765625 0.7988626640625001 0.087172578125 0.26645203124999994
2 0.43849451562499997 0.57040471875 0.01907928124999998 0.06167871093750001
1 0.571391578125 0.5383317890624999 0.039803328124999975 0.024178054687499985
2 0.4549421718750001 0.5847141796875001 0.013816031250000017 0.03503350781250001
1 0.28257056357058635 0.5738592755766867 0.06217226262815263 0.06069192476439156
1 0.42303371875 0.5472135234375 0.01546079687499997 0.030099210937499964
1 0.2447408881348008 0.5496829813106923 0.02598729687499999 0.03158038824449703
1 0.3911255024901992 0.5437611144650946 0.020066140624999975 0.024178054687499985
1 0.32871820910664673 0.5372049369546117 0.016118703124999988 0.020582991027529828
1 0.20809578709718746 0.537221911640332 0.030000705999843693 0.012385220906132765
1 0.1474004455922751 0.5592357930376336 0.05574266350436332 0.03404664843749998
1 0.2360872979375477 0.534385016643936 0.024519693962509533 0.011842312499999962
2 0.6381690624999999 0.5383317890624999 0.00953964062499999 0.008388304687500004
2 0.466126578125 0.5723784375000001 0.020724046874999996 0.06463928906250001
1 0.547049046875 0.5472135234375 0.007236968750000017 0.011842312499999962
2 0.6548707339396354 0.6206973082021405 0.01978799053792706 0.011273023697843776
1 0.8269910512884032 0.6618568237916035 0.3032981587948039 0.14918229283970233
2 0.6714490217395029 0.5463913670842182 0.008114252569739359 0.012335742187500021
1 0.5612414789837434 0.5452404011271007 0.028055115839685858 0.022909491108043144
1 0.3112991920202285 0.5621267279149359 0.038852980673409476 0.04687582031249997
1 0.6550563289364786 0.5871830257834325 0.13147266785438347 0.08026475112871471
1 0.13388392187499998 0.5664572812499999 0.04934296875000001 0.0281254921875
1 0.379940961773116 0.5494342258263043 0.021957582694456513 0.024178054687499985
1 0.31086070312499997 0.535042637262654 0.020724046874999996 0.010197452012461472
1 0.558891359375 0.5580689765625 0.05394831249999997 0.04095466406249999
1 0.3649185409141901 0.5416232065996474 0.01721584230404911 0.03108607031249999
2 0.6664590312499998 0.54672009375 0.00953964062499999 0.012335742187500021
1 0.506258859375 0.516127453125 0.03454007812500001 0.023191195312499958
1 0.039803328124999995 0.5858675905408621 0.079277703125 0.1228651239597884
1 0.589484 0.5723784375000001 0.11118615624999997 0.075988171875
1 0.275991671875 0.5403055078125 0.030592640624999994 0.011842312499999962
1 0.5886623738250857 0.5441310633339171 0.06899829628754285 0.026892144960025722
1 0.3509272948149107 0.5456362160085274 0.029145449004821522 0.03779701725723221
1 0.492442828125 0.51514059375 0.02861892187499997 0.020724046875000023
1 0.2176168828979247 0.5610759706613839 0.06585065934083012 0.05010655297123554
