1 0.3937803867565194 0.5401997752206624 0.03357671488151943 0.05484118370705833
1 0.20386869921874998 0.7672831640625 0.40773739843749995 0.3182621484375
1 0.365795875 0.5738587265625 0.037171703125000025 0.04095466406249999
1 0.770079265625 0.5748455859374999 0.08190932812500004 0.0379940859375
1 0.9865216718750001 0.626655703125 0.026956656249999968 0.05674441406249997
1 0.58224703125 0.58224703125 0.06875120312500003 0.10510052343750002
1 0.866791484375 0.5758324453125001 0.03782960937499998 0.03454007812500004
1 0.175332015625 0.597049921875 0.06875120312500001 0.03454007812500004
1 0.25855715625000003 0.5718850078125 0.17993735937500005 0.09029763281249999
1 0.5276408125 0.5644835625000001 0.05394831249999997 0.03454007812500004
1 0.030921593749999997 0.5738587265625 0.060198421875 0.06513271874999997
