1 0.038487515624999996 0.58224703125 0.04539553125 0.06513271874999997
1 0.39638851562499994 0.5414897546553303 0.021381953125000012 0.02516491406250001
1 0.5300331953836814 0.5439838122864556 0.016118703124999988 0.011842312499999962
1 0.24189026809333333 0.5697468059209376 0.05657992434187496 0.06283002384828125
1 0.18706469316586136 0.5809312143638559 0.07664607812499999 0.07204073437499998
1 0.35592728124999995 0.5881681875 0.07664607812500002 0.07401445312500003
1 0.48290318749999994 0.51514059375 0.020066140624999975 0.009868593749999998
1 0.54145684375 0.5353712109375 0.031908453125000055 0.021217476562499994
1 0.29649642068729193 0.5587268806194314 0.04671134375000001 0.049836398437499964
1 0.46053437499999994 0.51514059375 0.029276828124999987 0.011842312499999962
2 0.8672847101136019 0.6587285538645394 0.054935119243026284 0.2094607148423438
1 0.4079018750000001 0.5393186484374999 0.013816031250000017 0.024178054687499985
1 0.490469109375 0.6449126015625 0.13256810937500005 0.18158212499999998
1 0.2486885625 0.5353712109375 0.022697765624999987 0.014802890625000042
1 0.022697765624999998 0.5363580703125 0.038487515624999996 0.014802890625000042
1 0.37763824506785226 0.5380851749624914 0.013980517407142064 0.023067773126791202
1 0.20875381734037055 0.5314237734375 0.01914509240192131 0.01835576911729193
1 0.189477 0.5393186484375001 0.02598729687499999 0.020724046875000023
1 0.23587997132738928 0.5268441518903428 0.014936525535066398 0.0054894025170797
2 0.7048691290885184 0.5533959491881154 0.00899784034970897 0.033582265948690626
2 0.69935434375 0.54672009375 0.01907928124999998 0.0379940859375
1 0.52106175 0.5393186484375 0.007236968750000017 0.011842312499999962
1 0.6974275274724886 0.6082578181306089 0.19746578849919807 0.09417455377243567
1 0.016118703125 0.5881681875 0.031250546875 0.08684362500000002
2 0.625997796875 0.5353712109375 0.006908015625000038 0.010362023437499968
1 0.5327160804241452 0.5364990568693913 0.022697765625000046 0.020724046875000023
1 0.30829488927692134 0.542871219025972 0.0273030067403934 0.030099056985590077
1 0.6021486361015295 0.5704046792760199 0.10131754934200655 0.063159
1 0.0027961410364802596 0.5388251200650493 0.005592282072960519 0.011842312499999962
1 0.18355584374999998 0.5482003828125 0.020724046874999996 0.004934296875000044
1 0.024295502231160702 0.5427021719338956 0.0356679324487218 0.011842312499999962
1 0.36772423754891204 0.5387401837425545 0.020020763438327312 0.014802890625000042
1 0.31086070312499997 0.5264894765625 0.022697765624999987 0.009868593749999998
1 0.5411279037829934 0.5388251200650493 0.019408234374999958 0.014802890625000042
1 0.35169789842992155 0.5355122343522647 0.022415820304921574 0.03108607031249999
2 0.7133896712351413 0.5547794376367481 0.010416851882429393 0.03305978248328403
1 0.05592203124999999 0.5472135234375 0.027303109374999992 0.019737187499999996
1 0.1065808125 0.571391578125 0.094409546875 0.09473849999999998
1 0.5523122968749999 0.5600426953125 0.08190932812500004 0.063159
1 0.2750519089176546 0.5429841841177433 0.026645203124999975 0.029112351562500027
1 0.5555360323023899 0.5384304827964153 0.062435297927389874 0.026151773437500036
1 0.34480269509895567 0.5400363747864556 0.027303109374999992 0.029112351562500027
2 0.866791484375 0.6631695000000001 0.06052737499999997 0.19786530468750002
2 0.05246817475442433 0.5321637896783142 0.008881708059013161 0.013322562088519696
1 0.23355671875 0.5412923671875 0.04111914062500001 0.024178054687499985
