1 0.677314484375 0.565470421875 0.011184406250000004 0.016776609375000008
1 0.806922015625 0.55066753125 0.06052737499999997 0.016776609375000008
1 0.58224703125 0.5279697656250001 0.04243495312500004 0.032072929687500015
1 0.70593340625 0.529943484375 0.06842224999999995 0.03898094531250003
1 0.605602703125 0.5368514999999999 0.05329040624999995 0.03404664843749998
1 0.7079071250000001 0.55264125 0.07664607812500002 0.019737187499999996
1 0.858896609375 0.539812078125 0.05921156250000005 0.036020367187500034
1 0.760539625 0.5506675312499999 0.07664607812500002 0.018750328124999972
1 0.5427726562499999 0.5156340234375 0.05065878124999994 0.023191195312499958
1 0.39112526562500005 0.5926090546875 0.085198859375 0.09967279687500001
1 0.8125142187500001 0.5368514999999999 0.05789575000000002 0.03108607031249999
