1 0.98972896484375 0.5639901328125 0.020542070312500015 0.022697765624999987
1 0.4947455 0.52698290625 0.00625010937500002 0.006414585937500039
1 0.053170940534036856 0.5363580703125 0.04189664776091558 0.012335742187500021
1 0.899028890625 0.5403055078125 0.030263687499999983 0.01529632031250001
1 0.5303820772840773 0.5586610820556694 0.04028577694770809 0.044540239615892575
1 0.03697441164662613 0.5273776128938648 0.025724097268864866 0.015493673634432437
1 0.407572921875 0.5526412500000001 0.04671134375000001 0.05131668750000005
1 0.9095553906249999 0.5921156250000001 0.17927945312499993 0.09375164062500004
1 0.498363984375 0.528956625 0.00625010937500002 0.006414585937500039
1 0.5641546093750001 0.54672009375 0.02532939062500006 0.030099210937499964
1 0.47303459374999995 0.5570821171875 0.04243495312499999 0.05131668749999996
1 0.4782978642184446 0.5282987392184445 0.0077852171355184885 0.010362023437499968
1 0.0028783398437499997 0.549680671875 0.005756679687499999 0.011348882812499994
1 0.466126578125 0.547706953125 0.032237406249999975 0.045395531249999975
1 0.0171055896403517 0.5383317890624999 0.0342111792807034 0.023026706687621433
1 0.33673838112413995 0.5600426953125 0.04671132620501458 0.04243495312499999
1 0.4315865 0.547706953125 0.010197546875000008 0.04243495312499999
1 0.9671221874999999 0.5580689765625 0.04868506250000001 0.030099210937499964
1 0.46546867187499996 0.5299435024685677 0.008223828125000015 0.007401409125364378
1 0.6533009062499999 0.5314237734375 0.04046123437500005 0.05032982812500002
1 0.83883046875 0.5477069531250001 0.03092159374999994 0.023684625000000015
1 0.1212192265625 0.6597154921875001 0.242438453125 0.20921418750000004
1 0.009498522203986946 0.5304369140625 0.018997044407973892 0.012335742187500021
