2 0.41316512499999997 0.4825742343749999 0.004605343750000005 0.01282917187499999
1 0.49277178125000004 0.4712253515625001 0.019408234375000017 0.01529632031250001
1 0.40198071874999997 0.4899756796875 0.01546079687499997 0.019737187499999996
1 0.46119228125 0.5264894765625 0.03684274999999999 0.03996780468749996
1 0.91785270703125 0.8067575390625003 0.16429458593750007 0.3843817265625001
1 0.44803415625 0.46974506250000003 0.01644765625000003 0.016776609375000008
1 0.47138982812499997 0.49885741406249995 0.02565834374999998 0.03503350781250001
1 0.6776434374999999 0.6291228515625 0.11842312499999999 0.16085807812499997
1 0.41119140625 0.500337703125 0.02565834374999998 0.029112351562500027
1 0.39902014062499996 0.48504138281250003 0.01546079687499997 0.023191195312499958
1 0.26118878125000006 0.5802733124999999 0.08783048437500002 0.0843764765625
1 0.46415285937500006 0.49293625781249994 0.017434515625000025 0.024671484375000042
1 0.43684975000000004 0.46974506250000003 0.014144984374999996 0.01529632031250001
1 0.5980367812500001 0.5694178593749999 0.080593515625 0.09177792187499997
1 0.55198334375 0.48208080468750014 0.025658343750000038 0.029112351562500027
1 0.556259734375 0.5097128671875 0.03454007812499995 0.032072929687500015
2 0.5329040625 0.4682647734375 0.004605343749999946 0.017270039062499975
1 0.31546604687499996 0.5541215390625001 0.06118528124999999 0.07944217968749996
1 0.40527025 0.522048609375 0.03782960937499998 0.04736925000000003
1 0.48158737499999993 0.46974506250000003 0.014144984374999996 0.018256898437500002
1 0.40527025 0.49293625781249994 0.019408234375000017 0.023191195312499958
1 0.4621791406250001 0.46974506250000003 0.017434515625000025 0.018256898437500002
1 0.5437592985376463 0.4769002814152959 0.009210470412646287 0.019736861868969325
1 0.518430125 0.472705640625 0.01546079687499997 0.016776609375000008
1 0.3922763808250064 0.4752978571999506 0.010197546875000008 0.010855453125000025
1 0.55724659375 0.5432660859375 0.05000087499999998 0.06414585937500003
1 0.8092246875 0.6873475546875 0.29704467187499994 0.27385347656250003
1 0.42566534375000004 0.4712253515625001 0.014144984374999996 0.012335742187500021
1 0.5092194375 0.46974506250000003 0.01644765625000003 0.021217476562499994
1 0.47040296875000004 0.4712253515625001 0.012171265625000002 0.012335742187500021
