1 0.35000612500000006 0.47467935937499994 0.05296145312500003 0.04440867187500004
2 0.168095046875 0.6370177265624999 0.052961453125 0.19046385937499996
1 0.6217214062499999 0.525996046875 0.022697765624999987 0.04440867187500004
1 0.671393328125 0.547706953125 0.045395531249999975 0.05575755468750003
1 0.8869680743660512 0.5417856406810987 0.08783090089207021 0.045724380245732464
1 0.596392015625 0.5477069531250001 0.05361935937500005 0.05131668750000005
1 0.514153734375 0.544746375 0.05690889062499996 0.06463928906250001
1 0.7029728281250001 0.5610295546874999 0.07204073437499996 0.07500131249999997
2 0.023191195312500003 0.6271491328125001 0.046382390625000006 0.19046385937499996
1 0.9951298600342438 0.5567532681917676 0.00974027993151232 0.047040088616464894
2 0.645077078125 0.547706953125 0.01907928124999998 0.058718132812500025
1 0.09802803125000001 0.6044513671875 0.195727109375 0.18108869531250002
1 0.8065930625 0.5817536015624999 0.09408059374999998 0.09177792187499997
1 0.29572885937500004 0.5343843515625 0.06809329687500003 0.07105387500000004
1 0.216122203125 0.5649769921875 0.135857640625 0.13273258593749998
1 0.013569558697900696 0.5167854591421502 0.027139117395801392 0.0779624892279017
2 0.6664590312499998 0.547706953125 0.020724046874999996 0.058718132812500025
