1 0.49375864062499997 0.4712253515624999 0.010526499999999987 0.01578974999999998
2 0.2998735768722273 0.4999759465652726 0.0076975950027726135 0.02861892187499997
1 0.51382478125 0.4781333671875 0.016118703124999988 0.017270039062499975
1 0.4720477343749999 0.4741859296874999 0.010526499999999987 0.01578974999999998
1 0.36413938071187923 0.51119315625 0.04079018750000003 0.045395531249999975
1 0.5040384877115682 0.47048502124029506 0.007565921874999996 0.009868593749999998
1 0.16891752576498184 0.6316721902425091 0.32236486619917776 0.40411891406250006
2 0.5430159398418203 0.48047145807741976 0.008552781250000053 0.022247170704089925
1 0.42928382812500004 0.4855348124999999 0.01907928124999998 0.024178054687499985
1 0.442441953125 0.4712253515624999 0.016118703124999988 0.021217476562499994
1 0.31053174999999994 0.49540340625 0.014144984374999996 0.017270039062499975
1 0.44934996875 0.48948225 0.030263687499999983 0.037007226562499974
1 0.328624171875 0.48948225 0.024671484374999983 0.021217476562499994
2 0.596392015625 0.55066753125 0.026645203124999975 0.08536333593750003
1 0.56777309375 0.5136603046875 0.054935171874999966 0.08684362500000002
1 0.41513884375 0.4796136562499999 0.004605343750000005 0.01578974999999998
1 0.4177704687499999 0.4781333671875 0.010526499999999987 0.017270039062499975
1 0.39145368913546874 0.468857365715578 0.01907928124999998 0.02694348531853121
1 0.028975245414248837 0.9053878421490744 0.057950490828497674 0.18922431570185108
1 0.318097671875 0.48948225 0.030263687499999983 0.024178054687499985
1 0.48158737499999993 0.4712253515624999 0.016118703124999988 0.021217476562499994
1 0.36382215625000003 0.48234050152964547 0.042763906250000025 0.049836398437499964
1 0.3826323403582885 0.764579176156313 0.3569140769292282 0.4708416476873739
1 0.48520585937499994 0.46061700309460124 0.010526499999999987 0.008389084314202488
1 0.39408584375 0.4968836953125 0.03125054687499998 0.03996780468749996
1 0.40823082812499994 0.4781333671875 0.016118703124999988 0.021217476562499994
1 0.4585606562499999 0.4825742343749999 0.02171090624999999 0.024178054687499985
