1 0.14537171549082326 0.70694845442583 0.2907434309816465 0.33152139602131425
2 0.849028015625 0.59408934375 0.006908015625000038 0.03404664843749998
1 0.485863765625 0.5013245625 0.004276390625000026 0.004934296875000044
2 0.7633207667259192 0.5469443751188703 0.020724046874999996 0.08482504558023196
1 0.516127453125 0.5077391484375001 0.008223828125000015 0.012335742187500021
1 0.2673148780435195 0.5479540253285349 0.0620902597035348 0.05125634888825559
2 0.8592255625 0.664156359375 0.029605781250000025 0.15444349218750003
1 0.42698115625 0.5124268439042634 0.013158124999999998 0.012335742187500021
1 0.47138982812499997 0.6908015625 0.21085895312499994 0.30592640625000006
1 0.3726489837923829 0.5126734453124999 0.01376112441738293 0.012335742187500021
1 0.501653515625 0.5067522890625 0.008223828125000015 0.011348882812499994
1 0.386519921875 0.5146471640625 0.021381953125000012 0.024671484375000042
1 0.34671659375 0.5430196633178779 0.06151462400717046 0.06217272507325573
1 0.4092176875 0.5124268439042634 0.013816031250000017 0.01529632031250001
1 0.46546867187499996 0.5077391484375001 0.0026316250000000116 0.006414585937500039
1 0.5286276718749999 0.5097128671875 0.013158124999999998 0.014309460937499985
1 0.46185018749999995 0.50329828125 0.006908015624999978 0.004934296875000044
1 0.405599203125 0.5156340234375 0.00953964062499999 0.012335742187500021
1 0.45296845312499995 0.5097128671875 0.006908015624999978 0.012335742187500021
1 0.402967578125 0.520074890625 0.008223828125000015 0.01529632031250001
1 0.46119228125 0.5097128671875 0.008223828125000015 0.012335742187500021
1 0.4743509420015987 0.5013245625 0.00444180475279771 0.006414585937500039
