1 0.452310546875 0.5477069531250001 0.014473937499999975 0.012335742187500021
1 0.5825759843749999 0.6113593828124999 0.06710643750000003 0.0843764765625
1 0.9716348103548273 0.5893180475071216 0.05673037929034521 0.04917996811787848
1 0.46810029687499993 0.5536281093750001 0.014473937499999975 0.01529632031250001
1 0.6335637187500001 0.6340571484374999 0.08585676562500003 0.09473849999999998
1 0.958898359375 0.5857010390624999 0.07565921874999997 0.036020367187500034
1 0.5187590781249999 0.5560952578125 0.020066140624999975 0.023684625000000015
1 0.9137407929687501 0.812834421875 0.17251841406250001 0.37433115624999996
1 0.35494042187499997 0.5610295546875 0.05361935937499999 0.03108607031249999
1 0.43652079687499995 0.54672009375 0.03157950000000002 0.016283179687500038
1 0.52698290625 0.5496806718750001 0.010197546875000008 0.01529632031250001
1 0.406915015625 0.5526412500000001 0.04243495312499999 0.023684625000000015
