1 0.11587373828125 0.827513955078125 0.2317474765625 0.34497208984375005
1 0.339479625 0.5146471640625 0.03322426562499998 0.03996780468749996
1 0.30822907812499994 0.5077391484374999 0.03322426562499998 0.03848751562499997
1 0.373361796875 0.4884953906250001 0.013816031250000017 0.017763468750000032
1 0.3881646875 0.48948225 0.021052999999999975 0.029112351562500027
2 0.3039526875 0.48553481249999997 0.007236968750000017 0.010855453125000025
1 0.35592728125 0.492442828125 0.013816031250000017 0.016776609375000008
1 0.45823170312499995 0.4909625390625001 0.01644765625000003 0.020724046875000023
1 0.40954664062499996 0.48948225 0.011184406250000004 0.016776609375000008
1 0.20888523437499998 0.5353712109375 0.05888260937500001 0.04835610937499997
1 0.16480551562499995 0.4939231171875 0.028618921874999998 0.036020367187500034
1 0.4407971875 0.492442828125 0.012829171875000019 0.013816031250000017
1 0.360532625 0.5847141796874998 0.09835698437500001 0.11743626562499995
1 0.94235971484375 0.5916221953124999 0.11528057031249996 0.16283179687500002
1 0.1223705625 0.49639026562499994 0.03947437499999999 0.033059789062499956
2 0.02434253125 0.5407989375 0.01513184375 0.06069185156249999
1 0.46908715624999997 0.623695125 0.12138370312499998 0.139147171875
1 0.36250634374999996 0.5023114218750001 0.026645203124999975 0.03454007812500004
1 0.4006650905006001 0.49022249817221264 0.014802890625000013 0.023684625000000015
1 0.08651467187500002 0.49540340625 0.029276828125 0.036020367187500034
1 0.528956625 0.516127453125 0.09013315625 0.135199734375
