2 0.6013237654183902 0.6387446922625257 0.050494432041580474 0.1851597003686078
1 0.799027140625 0.5146471640625 0.03289531250000006 0.03898094531250003
1 0.85988346875 0.5343843515625 0.025987296875000017 0.027632062500000033
1 0.776329375 0.5412923671875001 0.056250984375 0.04736925000000003
1 0.691788421875 0.5412923671875 0.056250984375 0.06365242968749998
1 0.89146296875 0.551654390625 0.07467235937500002 0.057731273437499994
2 0.4025703999298065 0.6148133906250001 0.048158910506257396 0.1618449375
2 0.84409371875 0.5383317890624999 0.021381953124999954 0.058718132812500025
1 0.367768195361946 0.5945830470351627 0.1733570808853878 0.16258448923631405
1 0.128949625 0.5486938125 0.0947385 0.11743626562500005
1 0.9681002968750001 0.5610295546875 0.06379940625000001 0.04736925000000003
1 0.046875820312500004 0.5477069531249998 0.09375164062500001 0.08635019531249996
1 0.49408759374999994 0.52698290625 0.04243495312499999 0.06463928906250001
1 0.454942171875 0.5600426953125 0.09539640625000002 0.12878514843750005
1 0.233227765625 0.5649769921875 0.15362110937499995 0.15543035156249996
2 0.851659640625 0.5393186484375 0.015131843749999992 0.05329040625000001
