2 0.34151602794847175 0.5237377760542146 0.009463760072790529 0.029757748452557388
2 0.718104671875 0.5195814609375 0.014144984375000055 0.03108607031249999
2 0.3513214633986061 0.5241869489792286 0.009210708113104064 0.02763221709828061
1 0.43356021875 0.46333047656250004 0.017434515625000025 0.020724046875000023
1 0.232569859375 0.5768193046875 0.07927770312499997 0.07894874999999998
1 0.05403055078124999 0.6404717343749999 0.10806110156249998 0.13125229687499998
1 0.41777046875 0.4909625390625 0.023026718750000025 0.027632062500000033
1 0.4974866810199493 0.5470496170053041 0.12138444429439528 0.2287884092828058
1 0.133883921875 0.6088922343750001 0.09408059375000001 0.10213994531250004
1 0.281254921875 0.52698290625 0.03782960937499998 0.03059264062500002
1 0.6379224843654304 0.5301907733973081 0.04481999999043052 0.06661300781249997
1 0.42632325 0.4771465078125 0.01644765625000003 0.01924375781250003
1 0.645734984375 0.5422792265624999 0.05723784375000006 0.05674441406249997
1 0.4892847055062809 0.4296788631690884 0.013816031250000017 0.012039587276970475
1 0.90724396875 0.6419520234375 0.18551206250000002 0.224017078125
1 0.72961803125 0.5077391484374999 0.06447481249999995 0.049836398437499964
1 0.43356021875 0.520074890625 0.019408234375000017 0.03157949999999996
1 0.6697485625000001 0.5146471640625 0.05065878125 0.03454007812500004
1 0.40592815625 0.516127453125 0.024013578125000025 0.03059264062500002
1 0.439152421875 0.4968836953125 0.013816031250000017 0.027632062500000033
1 0.7250126874999999 0.5782995937500001 0.09605431249999997 0.0942450703125
1 0.46777134375 0.447047296875 0.020395093750000017 0.023684625000000015
1 0.9810939453124999 0.7539605625 0.03781210937499999 0.14260117968749997
