1 0.885212859375 0.7746846093749999 0.22763556249999997 0.32418330468750006
1 0.356914140625 0.510206296875 0.006579062499999999 0.01282917187499999
1 0.378954 0.5324106328125 0.008552781249999994 0.01282917187499999
1 0.31283442187499994 0.5225420390625001 0.006579062499999999 0.003947437500000017
1 0.2927684358664726 0.5329039465376455 0.015132230291181633 0.014309113050436561
1 0.7118545624999998 0.5383317890624999 0.06217214062499998 0.059211562499999995
1 0.4671134375 0.5452398046875 0.029276673508527355 0.043915474112209016
1 0.3434270625 0.5314237734375 0.02861892187500003 0.01578974999999998
1 0.365466921875 0.5284631953124999 0.02861892187500003 0.01578974999999998
1 0.4677999847842363 0.5452398046875 0.024356851767118156 0.03872349008091138
1 0.365466921875 0.5195814609375 0.003947437499999987 0.0029605781249999906
1 0.2934261875 0.5324106328125 0.016776609375000008 0.01578974999999998
1 0.5651414687499999 0.5141659224943183 0.007894874999999975 0.009868593749999998
1 0.378954 0.5161274531250001 0.006579062499999999 0.003947437500000017
1 0.47487673750010934 0.6196489828121718 0.12868642812439848 0.11654806406200784
1 0.5838917968749998 0.5333974921874999 0.021381953124999954 0.024178054687499985
2 0.350006125 0.5373449296875 0.007565921874999996 0.03404664843749998
1 0.48158737499999993 0.516127453125 0.006579062499999999 0.0019737187499999642
1 0.378954 0.5225420390625001 0.007894874999999975 0.003947437500000017
1 0.5544378457111018 0.5195814609374999 0.017434515624999966 0.009868593749999998
1 0.5651414687499998 0.5472135234375001 0.04407971874999994 0.04884953906250002
1 0.5644835624999999 0.514912848620847 0.009564933577795998 0.010627707995847047
1 0.448363109375 0.5264894765625 0.018750328125 0.016776609375000008
1 0.5570492485423822 0.5213577678114266 0.013487078124999977 0.009868593749999998
1 0.54514843807902 0.5205683203125 0.01619181307902006 0.011842312499999962
1 0.374019935049709 0.5193342242631548 0.00690778370029103 0.006414006125727578
1 0.5709163953451324 0.5149212492676986 0.00921068750000001 0.008114219482301444
1 0.5568964171170675 0.5257572908467246 0.025775067419651996 0.009868593749999998
1 0.346387640625 0.5235288984375 0.007894874999999975 0.003947437500000017
1 0.41777046874999996 0.5294500546875 0.00921068750000001 0.013816031250000017
1 0.6090236599640699 0.5452398046875 0.04079018750000003 0.0478626796875
1 0.40099385937499993 0.5304369140625 0.016118703124999988 0.013816031250000017
1 0.42829696874999995 0.5294500546875 0.016776609375000008 0.01578974999999998
1 0.32566359375 0.5324106328125 0.03947437499999999 0.01578974999999998
1 0.47435040625 0.5235288984375 0.013487078124999977 0.003947437500000017
1 0.5796154062500001 0.512180015625 0.027303109375000054 0.011842312499999962
1 0.5156549549042918 0.5664572812499999 0.09353034632178107 0.13026543749999994
1 0.49836398437499996 0.7867736627779566 0.24375409189695663 0.3254170092022826
