1 0.5917866718749999 0.5435512336096743 0.07204073437499996 0.09671221875000002
2 0.555601828125 0.4855348124999999 0.004605343749999946 0.01578974999999998
1 0.46908715624999997 0.4834069420143214 0.008429363772571523 0.01347675329817859
1 0.504285140625 0.4909625390625 0.01907928124999998 0.019737187499999996
1 0.23355671875 0.4870151015625 0.150002625 0.09375164062500004
2 0.38948050000000006 0.4880019609374999 0.004605343750000005 0.01282917187499999
1 0.5355356874999999 0.48800196093750003 0.01907928124999998 0.03404664843749998
1 0.5440884687499999 0.5008311328125 0.027632062499999974 0.032566359374999986
2 0.38355934375000006 0.4855348124999999 0.004605343750000005 0.01578974999999998
2 0.4065860624999999 0.492442828125 0.006579062499999999 0.019737187499999996
1 0.5013245625 0.5195814609375 0.08454095312500005 0.040176086702825665
1 0.48548356872876763 0.579286453125 0.14638414062500005 0.1141905398278257
2 0.06842225 0.5407989375 0.02171090624999999 0.06710643750000003
1 0.38092771875 0.5422792265625 0.07147539790958918 0.09671221875000002
1 0.471060875 0.4810939453125 0.010526499999999987 0.013699931017817057
1 0.49112701562499994 0.482574234375 0.005592203125000002 0.014309460937499985
1 0.446389390625 0.482574234375 0.004605343750000005 0.011348882812499994
1 0.43783660937499996 0.48800196093750003 0.018092421874999983 0.022697765624999987
1 0.43290231249999994 0.48800196093750003 0.015131843749999992 0.017270039062499975
1 0.528956625 0.4968836953125 0.008552781249999994 0.024363099493940867
1 0.461521234375 0.48553481249999997 0.013158124999999998 0.01643733142317867
1 0.129278578125 0.5037917109375 0.046382390625000006 0.027138632812499973
2 0.504285140625 0.4781333671875 0.003947437499999987 0.006908015625000008
1 0.360861578125 0.5738587265625 0.084540953125 0.10115308593750001
1 0.0478626796875 0.630603140625 0.095725359375 0.1337194453125
1 0.47303459375000007 0.8111074179687499 0.36480901562500007 0.3777851640625
1 0.30197896875 0.6133331015625 0.14647671040958915 0.1440046030931513
1 0.1487380562712324 0.727315359375 0.2962479109481162 0.28470892968749995
1 0.446389390625 0.4840545234375 0.010526499999999987 0.019737187499999996
1 0.049935095822294016 0.5052719999999999 0.026250470822294016 0.014309460937499985
2 0.37698028125 0.4880019609374999 0.006579062499999999 0.01282917187499999
1 0.6276425625 0.5647687101721741 0.09671221875000005 0.1285000007653257
1 0.4881664375 0.482574234375 0.005482553058010353 0.017270039062499975
1 0.42270476562500003 0.492442828125 0.01907928124999998 0.021217476562499994
2 0.5052719999999999 0.4781333671875 0.0029605781249999906 0.005921156249999981
1 0.539113050806902 0.4968836953124999 0.022327691431902014 0.032566359374999986
1 0.015947075434425525 0.9281628846360132 0.03189415086885105 0.14367423072797347
1 0.47961365624999996 0.4840545234375 0.013158124999999998 0.019737187499999996
