1 0.5259960468750001 0.5333974921875 0.0907910625 0.08684362500000002
1 0.8006719062500002 0.6685972265625 0.38092771875 0.35724309375
1 0.17263464237026416 0.5092194828967115 0.02506618575473588 0.027237255194603804
1 0.09553743785386513 0.5138013198435443 0.03684281579128291 0.041448093749999956
1 0.6085632812499999 0.5417857968750001 0.16645028124999997 0.09375164062500004
1 0.7728839717984658 0.522048609375 0.1917104111497808 0.11265784070153426
1 0.364809015625 0.541785796875 0.04342181249999998 0.03898094531250003
1 0.9263979231278489 0.4889888203125 0.08434353243316094 0.07431053185900245
1 0.116778359375 0.5116865859375 0.04276390625000001 0.049342968749999994
1 0.5923788298702642 0.4737911223821037 0.06118528125000004 0.06661300781249997
1 0.009046210937499998 0.5620164140624999 0.018092421874999997 0.07450788281250001
1 0.241122640625 0.5003377031249999 0.02894787500000001 0.017270039062499975
1 0.9902223945312499 0.48898882031249996 0.019555210937500078 0.05970499218749996
1 0.30921593750000004 0.494416546875 0.03815856250000002 0.017270039062499975
2 0.291123515625 0.484547953125 0.011842312500000023 0.020724046875000023
1 0.03815856250000001 0.5116865859375 0.059540515625000005 0.03454007812500004
1 0.198358734375 0.5072457187499999 0.05888260937500001 0.04243495312499999
1 0.16645028125000003 0.51514059375 0.006908015625000008 0.018256898437500002
2 0.23322776562499997 0.5013245625 0.011842312499999992 0.032072929687500015
2 0.871396828125 0.46974506250000003 0.01578974999999995 0.06414585937500003
1 0.6644853298877708 0.47277614921011146 0.05399531822340767 0.032072929687500015
1 0.271057375 0.4968836953125 0.030592640624999994 0.005304421568840034
1 0.8299487343749999 0.47171878125 0.05559307812500004 0.02861892187499997
1 0.2993476200899688 0.5422792463010693 0.1462196180058385 0.10139977117339623
1 0.22303021874999995 0.5368514999999999 0.02598729687499999 0.03898094531250003
2 0.19517870211367427 0.48668621971234016 0.007236968749999987 0.011842355264904115
1 0.2325698878849361 0.4934296875000001 0.014473937500000004 0.006908015625000008
1 0.350374366880015 0.4968836953125 0.06118528124999999 0.06414585937500003
