2 0.763500203125 0.45691589062499993 0.01907928124999998 0.06118528124999996
1 0.178621546875 0.6098790937499999 0.12138370312499998 0.09227135156250003
2 0.110199296875 0.6463928906249999 0.033224265625000006 0.135199734375
1 0.08330737890625 0.8151458437500001 0.1666147578125 0.2842154999999999
2 0.046382390625000006 0.6434323124999999 0.044737625 0.12829171874999998
2 0.8470542968749999 0.38734230468749997 0.011513359374999983 0.037007226562499974
2 0.852975453125 0.4041189140625 0.011513359374999983 0.037007226562499974
2 0.7644870624999999 0.450007875 0.021052999999999975 0.04835610937499997
2 0.8427778486809001 0.4044479650549694 0.00953964062499999 0.03651383141645983
1 0.04144809375 0.5768193046875 0.0736855 0.05674441406249997
