1 0.5766548281249999 0.6360308671875 0.19835873437500004 0.14309460937500001
1 0.0486850625 0.5486938125 0.022697765625 0.024671484375000042
1 0.40823082812500006 0.54672009375 0.07204073437500001 0.046382390625000006
1 0.84014628125 0.5551083984374999 0.12566009375 0.06266557031249995
1 0.10855453125 0.7070847421875 0.21414848437499998 0.24079368750000008
1 0.7631712500000002 0.5324106328125 0.06513271875000003 0.030099210937499964
1 0.070067015625 0.5486938125 0.03782960937500001 0.020724046875000023
1 0.88224353125 0.691788421875 0.23551293750000007 0.3572430937500001
1 0.402967578125 0.7495196953125 0.52171965625 0.37056569531249994
1 0.7417892968750001 0.55264125 0.09539640625000002 0.05032982812500002
