1 0.971020789139011 0.5346273465995605 0.05795842172197799 0.10362023437499994
1 0.2842155 0.5704022388788736 0.12237056249999997 0.10362023437499994
1 0.96736015234375 0.4870151015625 0.06527969531250004 0.06069185156249999
2 0.00065790625 0.4317509765625 0.0013158125 0.016283179687500038
1 0.47829784375 0.6315900000000001 0.360532625 0.2573083218765967
1 0.8098355998724382 0.5295205455038426 0.254938671875 0.17086764948975297
1 0.6938508326545746 0.9754215771851802 0.6122983346908506 0.04915684562963953
1 0.029889876345683963 0.5438380193350472 0.05977975269136793 0.04292838281249996
1 0.404941296875 0.537838359375 0.04654934705862631 0.03157949999999996
1 0.354282515625 0.5570821171875 0.12335742187500003 0.08536333593750003
1 0.10518667582580989 0.7130058984375001 0.21037335165161977 0.3106257306024297
