1 0.5917866718749999 0.5433429515199621 0.07204073437499996 0.09671221875000002
1 0.4671134375 0.4840545234375 0.00953964062499999 0.014309460937499985
1 0.5052719999999999 0.492442828125 0.02171090624999999 0.019737187499999996
2 0.39967804687499997 0.4880019609374999 0.004605343750000005 0.01578974999999998
1 0.536522546875 0.4796136562499999 0.017105562500000046 0.021217476562499994
1 0.16908190625 0.5052719999999999 0.02171090624999999 0.019737187499999996
2 0.40362548437499995 0.492442828125 0.004605343750000005 0.022697765624999987
1 0.2697415625 0.5136603046874999 0.014144984375000025 0.027138632812499973
1 0.5013245625 0.5195814609375 0.08454095312500005 0.04038436879253782
1 0.48576127818171705 0.579286453125 0.146384140625 0.11439882191753777
2 0.14144984375 0.537838359375 0.019079281249999993 0.06414585937500003
1 0.38092771875 0.5422792265625 0.07156796772723902 0.09671221875000002
1 0.471060875 0.4810939453125 0.00925768664419279 0.01282917187499999
1 0.49112701562499994 0.482574234375 0.005838904090987996 0.013014197599490985
1 0.572707390625 0.49836398437499996 0.09605431250000003 0.05674441406249997
1 0.446389390625 0.482574234375 0.004605343750000005 0.008388304687500004
1 0.43684975000000004 0.4880019609374999 0.018092421874999983 0.021217476562499994
1 0.4302706875 0.4909625390625 0.013158124999999998 0.017270039062499975
1 0.09605431249999999 0.5023114218749999 0.013158124999999998 0.01578974999999998
1 0.461521234375 0.4855348124999999 0.013158124999999998 0.01708501333800898
1 0.06842225 0.5037917109375 0.065461671875 0.022697765624999987
1 0.652314046875 0.4968836953125 0.07302759375000001 0.037007226562499974
1 0.360861578125 0.5738587265625 0.084540953125 0.10115308593750001
1 0.23947787499999998 0.5595492656250001 0.07993560937500002 0.07697503125000002
1 0.47303459375000007 0.8111074179687499 0.36480901562500007 0.3777851640625
1 0.30197896875 0.6133331015625 0.14656928022723906 0.14442116727257562
1 0.14846034681828296 0.727315359375 0.29610905622164146 0.28470892968749995
1 0.446389390625 0.4825742343749999 0.011513359374999983 0.01578974999999998
1 0.22303021874999998 0.505272 0.09309373437499999 0.054277265625000036
2 0.37500656250000003 0.4880019609374999 0.004605343750000005 0.009868593749999998
1 0.6276425625 0.5645604280824621 0.09671221875000005 0.12870828285503774
1 0.488043087017006 0.4825742343749999 0.007565921874999996 0.01578974999999998
2 0.41217826562499993 0.48800196093750003 0.008552781249999994 0.022697765624999987
1 0.4217179062499999 0.492442828125 0.02171090624999999 0.021217476562499994
1 0.01602216261441788 0.9282755154060018 0.03204432522883576 0.1434489691879964
1 0.4796136562499999 0.4840545234375 0.014144984374999996 0.019737187499999996
