1 0.32204510937499997 0.47566621875 0.08223828125000002 0.049342968749999994
2 0.38717782812499996 0.639484875 0.05559307812499999 0.18306241406249998
1 0.699024920591008 0.5264894445147279 0.03848751562499994 0.04638232652945566
1 0.76317125 0.5250091875 0.01578974999999995 0.00937516406250003
1 0.9588983593750001 0.5353712109375 0.07631712500000004 0.032072929687500015
1 0.675340765625 0.5383317890624999 0.05559307812500004 0.04440867187500004
1 0.5906350475075504 0.5420324636470918 0.057895771365181405 0.06340589110649705
1 0.787842734375 0.5590558359375 0.06710643750000003 0.07302759375000001
2 0.20658171437766068 0.6232017396909943 0.05707349046109585 0.18059531000349444
2 0.7171178125 0.5324106328125 0.01644765625000003 0.06365242968749998
1 0.21595712005640846 0.5940894029213262 0.18487193238285465 0.1596247184023068
1 0.0055922031249999995 0.5003377031249999 0.010855453125 0.011348882812499994
1 0.8927788250791517 0.5820825503045848 0.08958490396361007 0.0902976098021953
1 0.37829609375000006 0.5279697656250001 0.05888260937500001 0.066119578125
1 0.31974243750000003 0.5610295546875 0.118094171875 0.13273258593749998
1 0.0715473046875 0.5630032734375 0.143094609375 0.16579237500000002
