2 0.643761265625 0.6547811953125 0.048356109375000025 0.19095728906250004
4 0.8167906093749999 0.6236951249999999 0.05329040624999995 0.15937778906249997
1 0.9267344414062499 0.6005039296875 0.1465311171875 0.11546254687499999
2 0.478626796875 0.6261622734375 0.04638239062499997 0.154936921875
2 0.5954051562499999 0.6192542578125 0.04177704687499997 0.1564172109375
2 0.741789296875 0.6449126015625 0.07204073437499996 0.19095728906250004
2 0.9939231171874999 0.7475459765624999 0.012153765625000071 0.041448093749999956
1 0.652314046875 0.579286453125 0.15395006249999998 0.08980420312500001
2 0.9883309140625 0.5309303437499999 0.02333817187499996 0.05279697656250004
2 0.416783609375 0.5037917109375 0.008552781249999994 0.01282917187499999
