1 0.2223723125 0.5205683203125 0.042434953125000015 0.026151773437500036
1 0.49375864062499997 0.5126734453124999 0.021381953125000012 0.019737187499999996
1 0.14210770476815376 0.5188413133222605 0.038487515624999996 0.03404664843749998
1 0.4421495499374148 0.54672009375 0.20427989062499996 0.09769907812499996
1 0.24013578124999999 0.5240223281249999 0.020066140625000006 0.024178054687499985
1 0.16710818749999998 0.5185946015624999 0.021381953125000012 0.029112351562500027
1 0.06776434375 0.5195814609375 0.03717170312499999 0.029660606156122336
1 0.199674546875 0.5215551796875 0.027303109374999992 0.02516491406250001
1 0.11973893749999999 0.5146471640625 0.005263249999999994 0.007894875000000034
1 0.34276915625 0.5279697656250001 0.055922031250000025 0.045888960937500035
1 0.27580370315854835 0.6863606953125 0.41231925003354836 0.2919694220762903
1 0.5125747471380783 0.5205683203125 0.040658600131539185 0.029704448832117515
1 0.042800456187414876 0.5214455298752554 0.01977373743741487 0.025603518843877727
1 0.6698582193896833 0.52698290625 0.055922031250000025 0.04687582031249997
1 0.139805078125 0.5185946015624999 0.038487515624999996 0.030099210937499964
1 0.278623296875 0.5334423567719011 0.058553656249999975 0.047324385415598955
1 0.6272031207918282 0.5371829657495155 0.05723784375000006 0.06620621349915216
1 0.5750100625 0.527969765625 0.05263249999999999 0.044902101562500005
2 0.8773179843750001 0.5314237734375 0.01250021875000004 0.066119578125
2 0.061843187499999994 0.553628109375 0.020066140624999992 0.06167871093750001
1 0.7072492187500001 0.5388252187499999 0.05789575000000002 0.06365242968749998
1 0.3013210624999999 0.52698290625 0.029276828124999987 0.037007226562499974
1 0.11973893749999998 0.6113593828124999 0.18355584374999995 0.13075886718750002
1 0.38827429248853623 0.520239386924556 0.025000249997968755 0.023026654604568274
1 0.5483648248352241 0.547706953125 0.06052730592044823 0.058224690172584026
