1 0.8940945937499999 0.497377125 0.016118703125000047 0.011842312499999962
1 0.02739561067235998 0.5664572812499999 0.05479122134471996 0.066119578125
1 0.49770607812499995 0.508232578125 0.004605343750000005 0.005921156249999981
1 0.489811203125 0.5072457187499999 0.007236968750000017 0.003947437500000017
1 0.450336828125 0.516127453125 0.008552781249999994 0.011842312499999962
1 0.46777134374999996 0.513166875 0.008552781249999994 0.011842312499999962
1 0.9712253515625001 0.563496703125 0.057549296874999926 0.07105387500000004
1 0.52303546875 0.5225420390625 0.016776609375000008 0.023191195312499958
1 0.490469109375 0.513166875 0.012829171875000019 0.011842312499999962
1 0.6216401630420024 0.516127453125 0.04588892475301805 0.0281254921875
