1 0.99408759375 0.5639901328125 0.011824812500000092 0.03404664843749998
1 0.49540340625 0.52698290625 0.004276390625000026 0.006414585937500039
1 0.04742902349942814 0.5366272215269083 0.04306297262528592 0.013143195830724786
1 0.90462109375 0.547706953125 0.03914542187500002 0.03108607031249999
1 0.5316979038195133 0.5598453259375619 0.04212793409731876 0.0461192314584161
1 0.032237408443072005 0.528956625 0.030154031706677315 0.017927942571159948
1 0.407572921875 0.5570821171875 0.04868506250000001 0.058718132812500025
1 0.7960665625 0.599023640625 0.202635125 0.10707424218749999
1 0.49967979687499997 0.5304369140625 0.006908015624999978 0.006414585937500039
1 0.55724659375 0.54277265625 0.022697765624999987 0.02861892187499997
1 0.47303459374999995 0.5580689765625001 0.04243495312499999 0.054770695312500006
1 0.47698203125 0.52698290625 0.008223828125000015 0.010362023437499968
1 0.46564884405460455 0.5480007121134858 0.03490819911513145 0.04647639350131545
1 0.012927832187512811 0.5383317890624999 0.025855664375025622 0.023684625000000015
1 0.33388739556032887 0.5600426953125 0.04736924999999997 0.045395531249999975
1 0.4302706875 0.547706953125 0.010855453125000025 0.04243495312499999
1 0.9722944492187499 0.5580689765625 0.055411101562500065 0.02861892187499997
1 0.4639335828741809 0.5304369140625 0.008223828125000015 0.00937516406250003
1 0.6569193906249999 0.5314237734375 0.04243495312500004 0.05032982812500002
1 0.8408041875 0.547706953125 0.02532939062499994 0.02565834374999998
1 0.008018195755902414 0.5304369140625 0.016036391511804828 0.012171236292221898
