1 0.390467359375 0.5156340234375 0.011513359374999983 0.010362023437499968
1 0.5462273084360818 0.5168678976232621 0.03092177150822947 0.02121767654050819
1 0.28059701562499995 0.5126734453124999 0.006908015624999978 0.010362023437499968
1 0.608892234375 0.5126734453124999 0.01644765625000003 0.022697765624999987
1 0.30066315624999995 0.5126734453124999 0.00625010937500002 0.006414585937500039
1 0.2914531446780726 0.5113577293736531 0.008223828125000015 0.010362023437499968
1 0.38915154687500003 0.5156340234375 0.011513359374999983 0.010362023437499968
1 0.15197638818955736 0.5462267307218361 0.04046132325411473 0.0379940859375
1 0.3199074695569671 0.510206363534336 0.00986854931044263 0.011842245840663956
1 0.11118615625 0.5437595156249999 0.05000087499999998 0.03898094531250003
1 0.2547747508069671 0.513660438006172 0.008223828125000015 0.008388304687500004
1 0.5875102812499998 0.5126734453124999 0.03651379687499994 0.03108607031249999
1 0.34375601562499997 0.5126734453124999 0.008223828125000015 0.00937516406250003
2 0.5463911406249999 0.5156340234375 0.006908015625000038 0.022697765624999987
1 0.1565816875 0.5363580703124999 0.043092859375 0.03108607031249999
1 0.468100296875 0.5126734453124999 0.011513359374999983 0.017270039062499975
1 0.24441217187499997 0.5250091875 0.0032895312499999995 0.006414585937500039
2 0.45560007812500003 0.5324106328125 0.008223828125000015 0.033059789062500046
1 0.6664590312500001 0.5087260078125 0.03486903125000005 0.022697765624999987
1 0.27418302962152447 0.5106997265625 0.006579106939557396 0.007401578631172079
1 0.318426625 0.5116865859375 0.010197546875000008 0.012335742187500021
1 0.71382828125 0.5136603046875 0.020066140625000038 0.014309460937499985
1 0.19223230979824427 0.5256877339428513 0.1022634542070235 0.05088500248733281
1 0.2725374933053667 0.5259960592188891 0.011513359374999983 0.012829227422501166
1 0.6292873281249999 0.5126734453124999 0.02894787499999995 0.033059789062500046
1 0.25839310186329495 0.5324107661311721 0.022697765624999987 0.026645203125000006
1 0.29178142187500006 0.5077391484375001 0.00625010937500002 0.003947437500000017
1 0.358229953125 0.52698290625 0.013158124999999998 0.01529632031250001
1 0.275991671875 0.5126734453124999 0.00625010937500002 0.012335742187500021
1 0.048356109375 0.545733234375 0.09671221875 0.07500131249999997
1 0.21092486527921692 0.5449438310106116 0.03782970285901301 0.04016533081112143
1 0.23487253125000002 0.5383317890624999 0.025329390625 0.032072929687500015
1 0.2759096983893827 0.5356179979982407 0.03256645566432101 0.02615182158216047
1 0.4977057522450219 0.5138576961152986 0.008223828125000015 0.014309460937499985
1 0.18684537499999998 0.5437595156249999 0.025329390625 0.030099210937499964
1 0.3057626185006393 0.511686719256172 0.008552736810442656 0.011348749493827892
1 0.2912885032424098 0.5333974921875 0.008223828125000015 0.022697765624999987
1 0.2827539269585279 0.5218843259270763 0.009174168363214363 0.009978414498415588
