1 0.598365734375 0.5363580703125 0.006908015625000038 0.012335742187500021
1 0.52435128125 0.5383317890624999 0.003289531250000029 0.003947437500000017
1 0.09062665259016614 0.5886616171875 0.030921652996814344 0.024671484375000042
1 0.34934821875 0.5664572812499999 0.06052737499999997 0.058718132812500025
1 0.215464296875 0.5817536015625 0.06579062499999999 0.036020367187500034
4 0.12006789062499999 0.571391578125 0.027303109374999992 0.04736925000000003
1 0.52303546875 0.5447463749999999 0.011513359374999983 0.013322601562499958
1 0.529943484375 0.5447463749999999 0.008881734375000032 0.013322601562499958
1 0.13329924005280544 0.577148337355375 0.06425548920523336 0.03854236235726667
1 0.501653515625 0.553628109375 0.007565921874999996 0.016283179687500038
2 0.7109766408856696 0.5419500380547708 0.008223828124999954 0.03667823064064013
1 0.6143201164603875 0.5506675756851107 0.0305925961898892 0.03898094531250003
1 0.5074652446512727 0.5344667033984398 0.01907928124999998 0.01110224202615644
1 0.581260171875 0.549680671875 0.04605343750000005 0.04736925000000003
1 0.98166961328125 0.6794526796875 0.036660773437500065 0.15444349218750003
1 0.133226015625 0.64737975 0.15592378124999998 0.13075886718750002
1 0.048027156249999994 0.5931024843749999 0.025987296875000003 0.03108607031249999
1 0.51119315625 0.5393186484375001 0.011513359374999983 0.012335742187500021
1 0.30822907812499994 0.5639901328125 0.04802715624999999 0.06167871093750001
1 0.47895574999999996 0.5412923671875001 0.024013578125000025 0.03108607031249999
1 0.44540253125 0.547706953125 0.03782960937499998 0.058718132812500025
1 0.5136604750220912 0.5472135456550553 0.008881734374999973 0.013816053467555368
1 0.37763818749999994 0.57040471875 0.00953964062499999 0.03898094531250003
1 0.42138895312499997 0.5674441406249999 0.03782960937499998 0.03404664843749998
1 0.883239140625 0.5324106328125 0.04868506250000001 0.03108607031249999
1 0.5052719999999999 0.547706953125 0.011513359374999983 0.016283179687500038
1 0.4934296875 0.553628109375 0.025987296875000017 0.024671484375000042
1 0.5368514999999999 0.544746375 0.008881734374999973 0.011348882812499994
1 0.38092771875 0.5570821171875 0.006908015624999978 0.008388304687500004
1 0.470074015625 0.5600426953125 0.022697765624999987 0.03108607031249999
1 0.7934349375 0.5393186484375 0.07138282812499999 0.03898094531250003
