1 0.19671396875 0.7031373046875 0.243096359375 0.26497174218749997
1 0.5934314374999999 0.6005039296875 0.06743539062500001 0.08092246875000005
1 0.48767295847397174 0.5752566375512531 0.0574022709739717 0.026891942638014133
1 0.3248411023883962 0.5430194155002017 0.023684684208602095 0.0278788217502016
1 0.4952663036142082 0.6681448372060403 0.12947040120217887 0.1783746470000514
1 0.5460621875 0.5250091875 0.015131843749999992 0.019737187499999996
1 0.41119140625 0.5279697656249999 0.013158124999999998 0.01578974999999998
1 0.697051671875 0.6577417734374998 0.157568546875 0.13964060156249997
4 0.40274249421906627 0.5272684957054968 0.011513359374999983 0.021217476562499994
2 0.536522491613859 0.5252556674839012 0.004276464306521177 0.01578983289171134
1 0.5611940312499999 0.5274762800180783 0.016118647205578304 0.02072399095557831
1 0.4539553125 0.5250091875 0.013158124999999998 0.017270039062499975
1 0.43684975000000004 0.5136603046874999 0.013158124999999998 0.01578974999999998
1 0.3579009999999999 0.5565886874999999 0.04079018749999997 0.037007226562499974
1 0.300224057934169 0.5669508819891338 0.05383879449849296 0.05559332044814784
1 0.4224580439971515 0.5275996831832273 0.015131843749999992 0.01689995662072725
