2 0.62961628125 0.5866878984375 0.011513359374999983 0.03404664843749998
2 0.37040121875000004 0.6848804062500001 0.04375076562500002 0.22056307031250003
2 0.9582405370067887 0.6192542578125 0.02944124794393706 0.10608741241783717
2 0.054277265624999994 0.6449126015625 0.047369249999999995 0.16529894531249995
2 0.801658765625 0.6162936796875 0.03125054687500004 0.09375164062500004
1 0.086514671875 0.6153068203124998 0.03782960937500001 0.04391524218749998
1 0.13717345312499998 0.6123462421874999 0.08651467187499999 0.06365242968749998
1 0.41777046874999996 0.6192542578125 0.06908015625000002 0.07450788281250001
1 0.6486955625 0.634550578125 0.14802890625 0.07154730468750001
2 0.6225987666348052 0.5950761389782853 0.011513359374999983 0.0394742894710471
1 0.36711168749999995 0.6315899999999999 0.135199734375 0.09769907812499996
1 0.20987209374999996 0.620734546875 0.06858674876650286 0.053043680304248574
2 0.45592903125 0.6177739687499999 0.015131843749999992 0.06118528124999996
2 0.86514671875 0.6192542578125 0.027632062500000033 0.11102167968750001
2 0.5259960468750001 0.614813390625 0.022697765625000046 0.07105387499999996
