1 0.5917866718749999 0.543417329596163 0.07204073437499996 0.09671221875000002
2 0.555601828125 0.4855348124999999 0.003947437499999987 0.01282917187499999
1 0.536522546875 0.4825742343749999 0.01907928124999998 0.024178054687499985
1 0.5460621875 0.5008311328125 0.02171090625000005 0.030099210937499964
1 0.1881611875 0.5023114218749999 0.023684624999999983 0.01282917187499999
2 0.39803328125 0.4855348124999999 0.004605343750000005 0.01578974999999998
2 0.4065860625 0.48800196093750003 0.004605343750000005 0.019737187499999996
1 0.22401707812499996 0.51119315625 0.06546167187499999 0.03404664843749998
1 0.5013245625 0.5195814609375 0.08454095312500005 0.04030999071633712
1 0.48566210741344934 0.579286453125 0.14638414062499994 0.11432444384133715
2 0.118752078125 0.5407989375 0.02171090624999999 0.06562614843750003
1 0.38092771875 0.5422792265625 0.07153491080448315 0.09671221875000002
1 0.446389390625 0.4825742343750001 0.0029605781249999906 0.006908015625000008
1 0.43684975000000004 0.4825742343749999 0.015131843749999992 0.01578974999999998
1 0.43224440624999994 0.4880019609374999 0.016118703124999988 0.01578974999999998
1 0.53093034375 0.4880019609374999 0.0029605781249999906 0.004440867187499986
1 0.45856065625000003 0.4810939453125 0.005592203125000002 0.004440867187499986
1 0.3039526875 0.5082325781249999 0.09309373437500001 0.04687582031249997
1 0.435862890625 0.502311421875 0.05032982812500002 0.03996780468749996
1 0.360861578125 0.5738587265625 0.084540953125 0.10115308593750001
1 0.19375339062499997 0.5664572812499999 0.103620234375 0.07549474218750003
1 0.47303459375000007 0.8111074179687499 0.36480901562500007 0.3777851640625
1 0.30197896875 0.6133331015625 0.14653622330448313 0.14427241112017422
1 0.14855951758655056 0.727315359375 0.2961586416057754 0.28470892968749995
1 0.446389390625 0.4825742343749999 0.011513359374999983 0.01578974999999998
1 0.49770607812499995 0.4968836953125 0.09309373437500004 0.045395531249999975
1 0.050329828124999997 0.5052719999999999 0.025094598723077333 0.01367478941538396
2 0.37599342187499996 0.4880019609374999 0.006579062499999999 0.01282917187499999
1 0.6276425625 0.5646348061586629 0.09671221875000005 0.12863390477883713
2 0.41217826562500004 0.48800196093750003 0.004605343750000005 0.022697765624999987
1 0.4217179062499999 0.492442828125 0.018092421874999983 0.021217476562499994
1 0.5404699843749999 0.4855348124999999 0.02171090625000005 0.01282917187499999
1 0.015995348787060548 0.9282352946649658 0.031990697574121096 0.14352941067006847
