1 0.39112526562500005 0.520074890625 0.013816031250000017 0.01529632031250001
2 0.60593165625 0.5245157578125001 0.007236968750000017 0.023684625000000015
1 0.48948269770755365 0.5368504926580044 0.05131668750000002 0.03898094531250003
1 0.514153734375 0.5230354687500001 0.027303109374999992 0.02565834374999998
1 0.40362548437499995 0.5161274259854173 0.0019737187499999937 0.012335742187500021
1 0.66382740625 0.614813390625 0.11315987499999997 0.12039684375000004
1 0.5773127343750001 0.5598455733487802 0.05822470312499999 0.07401445312500003
1 0.28542186248457296 0.5422792084701384 0.03903569444336226 0.03733611937962813
1 0.4759951575652887 0.5329040696548557 0.03223738717038487 0.03898094531250003
1 0.7316725582058713 0.5153875609599933 0.015380998134102104 0.01159635475497991
1 0.467442390625 0.52106175 0.011513359374999983 0.022697765624999987
1 0.03114070128172525 0.5383317890624999 0.028508200799488896 0.023026426922587894
1 0.401651765625 0.520074890625 0.008223828125000015 0.014309460937499985
1 0.81119840625 0.5003377031249999 0.14769995312500003 0.04736925000000003
1 0.532575109375 0.5324106328125 0.008223828124999954 0.01529632031250001
1 0.66777484375 0.5240223281249999 0.04605343750000005 0.022697765624999987
1 0.7062623593749999 0.5156340234375 0.03157950000000002 0.014309460937499985
1 0.7608032313233466 0.6876438344116733 0.21217476562499998 0.19697812985253008
2 0.5884149064557052 0.5141537590467312 0.007565921874999996 0.012335742187500021
2 0.6005786725948251 0.5198505986534475 0.007565921874999996 0.013501984540080336
1 0.339808578125 0.5324106328125 0.024013578125000025 0.02565834374999998
1 0.5164094013996097 0.7822269934626723 0.26560610559843906 0.327707743999587
1 0.547706953125 0.54672009375 0.03568995901295082 0.05871746125116957
1 0.8118563125 0.52698290625 0.06315900000000003 0.022697765624999987
1 0.96909590625 0.5067522890625 0.027303109375000054 0.01529632031250001
1 0.176318875 0.5630032734375 0.07204073437499998 0.07302759375000001
1 0.4676501542841713 0.526047969783729 0.009782019556657378 0.028592906402444208
1 0.36316424999999997 0.525996046875 0.020724046874999996 0.020724046875000023
1 0.38092771875 0.5207328188050621 0.012500152959813585 0.01529632031250001
1 0.501653515625 0.5733652968749998 0.06809329687500003 0.09769907812499996
1 0.406915015625 0.5126734453124999 0.00953964062499999 0.012335742187500021
1 0.735868140625 0.5193335708614218 0.010197546874999948 0.011348882812499994
1 0.47895574999999996 0.593102484375 0.09983707376288938 0.0888801456306223
1 0.6039579375 0.5827404609375 0.07960665624999995 0.09473849999999998
1 0.639813828125 0.520074890625 0.022697765624999987 0.01529632031250001
1 0.90462109375 0.5176077421875 0.03289531250000006 0.03108607031249999
