1 0.47138982812499997 0.5437595156249999 0.03486903124999999 0.0379940859375
1 0.27774731478537856 0.5240223281249999 0.014035795687519817 0.03207311060870337
2 0.608234328125 0.5343843515625 0.009868593749999969 0.044902101562500005
1 0.03676067577181711 0.5240223281249999 0.025329390625 0.023684625000000015
1 0.022697765624999998 0.5116865859375 0.018421375 0.011348882812499994
1 0.849028015625 0.50329828125 0.02203985937500003 0.023684625000000015
1 0.5376742138174444 0.5023113355258841 0.03092159374999994 0.023684625000000015
1 0.48106138447351704 0.5116865859375 0.029868857434253708 0.023684625000000015
2 0.6200766406249999 0.5343843515625 0.013158124999999998 0.045888960937500035
1 0.8154279513282131 0.5003377031249998 0.05136364958734928 0.03785311227003012
1 0.8263302499999999 0.5600426953125 0.11875207812499997 0.15246977343749996
1 0.7858690156250001 0.5116865859375 0.03914542187500002 0.023684625000000015
1 0.17392226438273103 0.5079506526414157 0.039051439430020096 0.01952577070150614
1 0.1239060188233842 0.52698290625 0.055593078125000014 0.03371763500543219
1 0.013772741945140853 0.5216714414299372 0.027545483890281705 0.03108607031249999
1 0.7133170895249757 0.5093838252504849 0.06378093811487631 0.037774813458171685
1 0.16579280657873158 0.5240223281249999 0.042435222861707235 0.03503366965452433
1 0.47895574999999996 0.5314237734375 0.05427726562500001 0.0379940859375
1 0.26151773437500003 0.5363580703124999 0.02828996875000002 0.04243495312499999
1 0.6431033593750001 0.5179221346083119 0.07817131659901454 0.05190026947031923
1 0.8681077464232918 0.50329828125 0.018275088696433763 0.023684625000000015
1 0.21917815022242157 0.5314237734375 0.1301251391721662 0.17657751096530266
1 0.4276390625 0.5437595156249999 0.07138282812499999 0.10213994531249995
1 0.9148186406249998 0.50329828125 0.039803328124999975 0.02861892187499997
1 0.501653515625 0.5087260078125 0.025329390625 0.019737187499999996
