1 0.473363546875 0.486521671875 0.024342531250000004 0.023191195312499958
1 0.43882346875 0.4791202265625 0.017434515625000025 0.023191195312499958
1 0.4621791406250001 0.48356109375 0.019408234375000017 0.023191195312499958
1 0.544746375 0.49293625781249994 0.027632062499999974 0.03848751562499997
1 0.42040209375 0.4791202265625 0.012171265625000002 0.016776609375000008
1 0.57435215625 0.5097128671875 0.04704029687499999 0.06118528125000004
1 0.6694196093750001 0.575339015625 0.1407919375 0.16085807812499997
1 0.41020454687499996 0.47763993749999994 0.01546079687499997 0.016776609375000008
1 0.51119315625 0.4850413828125001 0.027632062499999974 0.029112351562500027
1 0.5184301250000001 0.48800196093750003 0.021381953125000012 0.024671484375000042
1 0.497048171875 0.4850413828125001 0.02236881250000001 0.029112351562500027
1 0.935204984375 0.8745131328125 0.12959003125 0.2509737343749999
1 0.38980945312500004 0.48208080468750014 0.021381953125000012 0.029112351562500027
1 0.53356196875 0.48800196093750003 0.016447656249999967 0.033553218750000016
1 0.86193067578125 0.7361970937500001 0.27613864843749997 0.3138212812500001
1 0.2723731875 0.5585624062499999 0.084540953125 0.07796189062499996
1 0.39605956249999996 0.4682647734375001 0.010197546875000008 0.00937516406250003
1 0.42961278125 0.4791202265625 0.01546079687499997 0.021217476562499994
1 0.44704729687499994 0.48208080468750003 0.02236881250000001 0.023191195312499958
