1 0.4592185625 0.592115625 0.05822470312499999 0.03404664843749998
1 0.8523175468749999 0.54672009375 0.037171703125000025 0.015543041015749548
1 0.402309671875 0.5639901328125 0.04111914062500001 0.016283179687500038
1 0.3766983223684374 0.5496806718750001 0.022697765624999987 0.012335742187500021
1 0.40230967187499994 0.5787930234374999 0.05559307812499999 0.02565834374999998
1 0.61777396875 0.5649769921875 0.05559307812500004 0.02565834374999998
1 0.483890046875 0.5649769921875001 0.032237406249999975 0.023684625000000015
1 0.376651328125 0.5590755735592191 0.03092159375 0.012335742187500021
1 0.030921593749999997 0.5867865881744788 0.060527375 0.04445801674348946
1 0.7588400255389487 0.554697198122088 0.02044989907673281 0.02845444174883518
1 0.15888436266443257 0.5945827783716489 0.05855365296056743 0.05205680489343134
1 0.7199139087169447 0.5499273947370826 0.032237406249999975 0.01529632031250001
1 0.467442390625 0.5649769921875 0.04243495312499999 0.02565834374999998
2 0.84409371875 0.5554374179024859 0.00953964062499999 0.0317440368715781
1 0.0567444087169449 0.5753390156250001 0.03223740625000001 0.023684625000000015
1 0.2792929517236227 0.5753390156249999 0.045395531249999975 0.01238861088130223
2 0.7523157968749999 0.5639901328124999 0.006908015625000038 0.02171090624999996
1 0.11381778125000001 0.5817536015625 0.02399089120974239 0.02861892187499997
1 0.084540953125 0.5926090596216488 0.05855365296056743 0.03947437993414882
1 0.0302636875 0.6082193716322848 0.060377847453987374 0.04943268527760756
1 0.5134958281249999 0.5639901328125001 0.037171703125000025 0.023684625000000015
1 0.770079265625 0.5546149506572766 0.010855453125000025 0.02203979906592197
1 0.7082360781249999 0.551654390625 0.022697765624999987 0.012335742187500021
1 0.2848871129071915 0.5639901328125 0.03781590271780848 0.016283179687500038
1 0.8579097499999999 0.6320834296874999 0.176318875 0.13075886718750002
1 0.8284534962960125 0.5458229509026076 0.02604710789340506 0.023684625000000015
1 0.5284628943294202 0.5903886383632709 0.14934477795978626 0.12311074403736635
1 0.28882084375 0.6064250859375001 0.01578975000000001 0.012335742187500021
1 0.7681055468749999 0.5570821171875 0.010197546874999948 0.014309460937499985
1 0.33355846874999995 0.57040471875 0.043092859375 0.02565834374999998
1 0.229938234375 0.57435215625 0.04144809046056744 0.012335742187500021
1 0.20724046875 0.5664572812499999 0.010197546875000008 0.010362023437499968
