1 0.039550281926276104 0.54672009375 0.04142276833010447 0.016283179687500038
1 0.44721205511981005 0.5383317890624999 0.015131843749999992 0.01529632031250001
1 0.544417421875 0.5674441406249999 0.04473762500000002 0.04736925000000003
1 0.031579499999999996 0.5363580703124999 0.033553218749999995 0.018750328124999972
1 0.41316512499999997 0.5477069531250001 0.04868506250000001 0.023684625000000015
1 0.106251859375 0.5886616171875 0.15921331249999998 0.07500131249999997
1 0.04153033203125 0.6330702890625 0.0830606640625 0.10806110156250001
1 0.9130828867187499 0.5827404609375 0.17383422656250005 0.08338961718749997
1 0.5061179044376914 0.5314237734375 0.004276390625000026 0.006414585937500039
1 0.52106175 0.5373449296875 0.004276390625000026 0.011348882812499994
1 0.444744625 0.64145859375 0.3102027968750001 0.17516753906249996
1 0.4750083125 0.5333974921875001 0.006908015624999978 0.006414585937500039
1 0.481916328125 0.5526412500000001 0.045395531249999975 0.026645203125000006
1 0.4832321406249999 0.5353712109375 0.012500218749999981 0.010362023437499968
1 0.48948225 0.5807667421875 0.07894874999999998 0.04835610937499997
1 0.47303459374999995 0.54672009375 0.033553218750000016 0.02565834374999998
1 0.00945740234375 0.5477069531249998 0.0189148046875 0.02171090624999996
1 0.33355846874999995 0.5639901328125 0.04473762500000002 0.037007226562499974
1 0.43652079687500006 0.5477069531250001 0.010197546875000008 0.023684625000000015
1 0.6322479062500002 0.59408934375 0.14342356250000007 0.07105387500000004
1 0.986859375 0.5590558359375 0.02532939062499994 0.014309460937499985
1 0.23881996874999997 0.5837273203125001 0.11677835937499997 0.066119578125
1 0.39671746875 0.54672009375 0.017105562499999987 0.023684625000000015
1 0.672709140625 0.5383317890624999 0.044408682401647324 0.054770695312500006
1 0.864817765625 0.5551083984374999 0.029605781250000025 0.022697765624999987
1 0.0070020046573425155 0.5363580703124999 0.014004009314685031 0.011348882812499994
