1 0.037829609375 0.47591279478645976 0.019490241310766338 0.021464330213540172
1 0.12697590625 0.5866878984375 0.243754265625 0.15543035156249996
1 0.36645378125000005 0.5156340234375 0.07204073437500001 0.05032982812500002
1 0.28553131249999997 0.47665307812500013 0.033553218750000016 0.012335742187500021
1 0.07894875 0.47566621875 0.034211125 0.02171090624999996
1 0.0486850625 0.472705640625 0.005592203125000002 0.010362023437499968
1 0.22434603125 0.502311421875 0.041777046874999994 0.011348882812499994
1 0.516785359375 0.4963902656250001 0.07204073437500001 0.05131668750000005
1 0.28684712500000004 0.4662910546874999 0.008223828125000015 0.007401445312499977
1 0.056908890625 0.47566621875 0.012500218749999995 0.01529632031250001
1 0.41250721875 0.5126734453124999 0.06052737499999997 0.05575755468750003
1 0.596392015625 0.49836398437499996 0.06644853124999996 0.0379940859375
1 0.29046560937500004 0.497377125 0.08651467187499999 0.04243495312499999
1 0.2671099375 0.4662910546875 0.020724046874999996 0.011348882812499994
