1 0.361519484375 0.4840545234375 0.026645203124999975 0.03059264062500002
1 0.8404664843749999 0.7746846093749999 0.31906703125000013 0.3429336328125
1 0.484219 0.5092194375 0.04144809374999999 0.03898094531250003
1 0.35987471875000004 0.49540340625 0.027632062499999974 0.03059264062500002
1 0.19013490624999996 0.6182673984374999 0.15131843749999999 0.19638501562499994
1 0.46809955777277834 0.5018174378608337 0.027960276522778334 0.03898094531250003
1 0.283228640625 0.5699112890625 0.08388304687499998 0.10362023437500004
1 0.383888296875 0.47615964843749997 0.012829171875000019 0.013816031250000017
1 0.5452376447286417 0.5437581864195487 0.05032872045379057 0.06858506505568585
1 0.33125579687500006 0.47171878125000005 0.010689629710624675 0.018006816464061704
1 0.0768105546875 0.7209007734374999 0.153621109375 0.3429336328125
1 0.39934909375 0.47467935937500005 0.01842137500000002 0.020724046875000023
1 0.6855383125 0.650340328125 0.17533201562500006 0.18404927343750002
1 0.331255796875 0.4771465078125 0.007236968750000017 0.016776609375000008
1 0.3532956562500001 0.478626796875 0.01578975000000001 0.026151773437500036
1 0.324676734375 0.557575546875 0.040461234374999995 0.07894874999999998
1 0.450994734375 0.4909625390624999 0.025987296875000017 0.033059789062499956
1 0.340466484375 0.47319907031249997 0.014802890625000013 0.02220433593750002
1 0.34408496875 0.4771465078125 0.014802890625000013 0.02220433593750002
1 0.37829609375 0.4771465078125 0.00921068750000001 0.013816031250000017
1 0.565470421875 0.5605361249999999 0.08026456249999997 0.0873370546875
1 0.7177757187499999 0.5491872421874999 0.032237406249999975 0.03059264062500002
1 0.303623734375 0.46777134374999996 0.02861892187500003 0.023684625000000015
1 0.41513884375 0.478626796875 0.01578975000000001 0.020724046875000023
1 0.429941734375 0.4840545234375 0.023026718750000025 0.023684625000000015
1 0.457076326631874 0.49540340625 0.026315352098749755 0.03059264062500002
