1 0.87962065625 0.5072457187499999 0.014473937500000034 0.019737187499999996
1 0.9929362578125 0.5279697656250001 0.014127484375000065 0.026151773437500036
1 0.8121852656249999 0.5447463749999999 0.10362023437499997 0.06365242968749998
1 0.9358716406250002 0.5008311328125 0.03125054687500004 0.027138632812499973
1 0.546391140625 0.4884953906250001 0.01250021875000004 0.00937516406250003
1 0.8496859218750001 0.5250091875 0.0618431875 0.04292838281249996
1 0.6533009062499999 0.5072457187499999 0.04111914062500001 0.0281254921875
1 0.848370109375 0.5028048515624999 0.04046123437500005 0.01578974999999998
1 0.9039631875 0.5072457187499999 0.04177704687499997 0.026151773437500036
1 0.98643943359375 0.4998442734374999 0.027121132812500073 0.01578974999999998
1 0.065461671875 0.4850413828125001 0.006250109374999997 0.00937516406250003
1 0.9252541523437501 0.639484875 0.14949169531250003 0.1618449375
1 0.96383265625 0.5383317890624999 0.07039596874999994 0.05032982812500002
1 0.7829084375 0.5092194375 0.06546167187500002 0.04687582031249997
1 0.90462109375 0.5363580703125 0.06611957812499997 0.05131668750000005
1 0.9875172812499999 0.513166875 0.024342531250000004 0.0281254921875
1 0.72435478125 0.5363580703124999 0.10033070312499995 0.075988171875
1 0.96120103125 0.5092194375 0.04111914062500001 0.01578974999999998
1 0.089146296875 0.4998442734374999 0.05361935937499999 0.032566359374999986
1 0.5240223281249999 0.48948225 0.016118703124999988 0.007401445312499977
1 0.958240453125 0.5092194375 0.036184843749999966 0.020724046875000023
