1 0.6250109375000001 0.604944796875 0.0881594375 0.07401445312500003
2 0.7635002031249999 0.563496703125 0.013158124999999998 0.07105387500000004
1 0.9468005820312501 0.7038781569810734 0.10639883593749992 0.2930977062165489
1 0.784553203125 0.5521478203125 0.05690889062499996 0.037007226562499974
2 0.771066125 0.563496703125 0.011513359374999983 0.07401445312500003
1 0.69803853125 0.54672009375 0.12434428124999997 0.06957358593749996
1 0.9023184218750001 0.5551083984374999 0.11381778125000004 0.054277265625000036
1 0.8394883749999998 0.5521478203125 0.054935171874999966 0.03996780468749996
1 0.11019929687500002 0.6434323125 0.19934559375000002 0.20625360937499995
1 0.42270476562500003 0.63356371875 0.146384140625 0.11250196875
1 0.517443265625 0.63356371875 0.20526674999999994 0.13075886718750002
1 0.714157234375 0.5950762031249999 0.10460709375000003 0.07253416406249995
