2 0.76382915625 0.5146471640625 0.01907928124999998 0.03898094531250003
1 0.596392015625 0.5163091865576614 0.021208812374354836 0.012335742187500021
1 0.18881909374999997 0.577312734375 0.135199734375 0.13174572656249994
1 0.740473484375 0.5782086964805154 0.08349349557034363 0.09473849999999998
1 0.27039946875 0.5447463750000001 0.055593078125000014 0.07401445312500003
2 0.8088814350003141 0.5099703065622644 0.00788057562531416 0.019007767499764405
2 0.7962942579227368 0.5136603046875001 0.006908015625000038 0.012040541629921098
1 0.609550140625 0.5574948074042216 0.04887645221942615 0.07872446823965218
1 0.500337703125 0.6631694999999999 0.22039859375000007 0.33158474999999993
1 0.5019330433611168 0.47029986182293787 0.17763468749999997 0.08980420312500001
1 0.8323666805017896 0.5931024843749999 0.1512031632482105 0.1519889959727764
1 0.9204108437499999 0.671064375 0.15855540624999995 0.18108869531250002
