1 0.02097076171875 0.5817536015625 0.0419415234375 0.04736925000000003
1 0.041119140625 0.569417859375 0.016447656249999998 0.036020367187500034
2 0.7874045226766441 0.5245157578125001 0.010197546874999948 0.045888960937500035
1 0.07138282812499999 0.5857010390624999 0.05756679687499999 0.08338961718749997
2 0.8837809372549117 0.5833966823409552 0.02204154422154474 0.09506913797154475
1 0.369414359375 0.6547811953125 0.73882871875 0.520074890625
1 0.7562632343750001 0.52698290625 0.057566796875000034 0.04736925000000003
1 0.828961875 0.520074890625 0.06579062499999999 0.046382390625000006
2 0.881594375 0.5787930234374998 0.017105562499999987 0.04095466406249999
1 0.9153033203125 0.72040734375 0.16939335937500008 0.22648422656249992
1 0.004934296875000002 0.5496806718750001 0.008223828125 0.012335742187500021
