1 0.7404734843749999 0.492442828125 0.017434515624999966 0.017763468750000032
2 0.466784484375 0.5097128671875 0.005263250000000023 0.02171090624999996
2 0.30707775205688326 0.5368514999999998 0.004111904193116681 0.022451045846558326
1 0.8539534995678912 0.655274625 0.2920930008642176 0.36119053124999995
2 0.7116899600732824 0.4840545234375 0.007072953689630997 0.02171090624999996
1 0.35959284788043594 0.5380496691277153 0.02565834374999998 0.024671484375000042
2 0.8921208749999998 0.48948225 0.020724046874999996 0.04835610937499997
1 0.7232854965044666 0.583233730262757 0.13010069366709504 0.17461221016597833
1 0.6134975781249999 0.5145758946762748 0.016353721604914995 0.023825526967627474
1 0.39638851562499994 0.5255026171875 0.01842137500000002 0.023684625000000015
1 0.5980367812499999 0.5047785703125001 0.010197546874999948 0.012335742187500021
1 0.5525860967965656 0.6116056955003305 0.19846796836608344 0.18380242454177687
1 0.58422075 0.8227159244077006 0.38816468749999994 0.3545681511845988
1 0.633892671875 0.5205684198204886 0.040132413927318214 0.036020367187500034
2 0.908239578125 0.4949099765625 0.011842312499999962 0.04736925000000003
1 0.6236951249999999 0.4870151015625 0.01842137500000002 0.012335742187500021
2 0.44606043749999996 0.5136603046875 0.007236968750000017 0.022697765624999987
1 0.6164581562499999 0.502311421875 0.02977015912705596 0.02220433593750002
1 0.376322375 0.5309303437499999 0.021052999999999975 0.0254118177025763
1 0.5581923566510463 0.5102062968750001 0.04401802222953511 0.01529632031250001
1 0.5639899683367599 0.48084708244058394 0.02664500575411187 0.023684625000000015
1 0.5723784375 0.5131668749999999 0.10954139062499996 0.06908015625
2 0.6431033593750002 0.4845856153526011 0.005263250000000023 0.02171090624999996
1 0.63487953125 0.5394530656573565 0.03549706700669854 0.05683421439174632
1 0.67698553125 0.5546149687499999 0.08552781250000005 0.12681142968749998
1 0.3486903125 0.5324106328125 0.01644765625000003 0.023684625000000015
1 0.585207609375 0.4804154756370849 0.019408234374999958 0.020724046875000023
