1 0.4398103281249999 0.5412923671875 0.012500218749999981 0.013322601562499958
2 0.6309117615730556 0.5682936601369475 0.007681224360954057 0.03370074097963771
1 0.4736925 0.5373449296875 0.010855453125000025 0.016283179687500038
1 0.41645465625 0.5393186484375 0.01644765625000003 0.024671484375000042
1 0.442113 0.5415390203525391 0.012829155427343746 0.014309411594531252
1 0.45658693750000007 0.5393186484375001 0.017763468750000004 0.012335742187500021
1 0.49408759374999994 0.5363580703124999 0.008881734374999973 0.011348882812499994
1 0.498199494243014 0.5786695744215943 0.044326345392090856 0.0604450349476048
1 0.4250074375 0.54672009375 0.01907928124999998 0.019737187499999996
1 0.39540165624999996 0.5580689765625001 0.033553218750000016 0.046382390625000006
1 0.5684309999999999 0.5753390156250001 0.039803328124999975 0.04342181250000001
1 0.503627234375 0.5373449296875 0.010197546875000008 0.012335742187500021
1 0.483890046875 0.5373449296875 0.008223828125000015 0.010362023437499968
1 0.19770082812499998 0.5634967771394532 0.133226015625 0.16529892064101565
1 0.8354529063574826 0.5570821171875 0.0381261326512765 0.043783195473723516
1 0.768763453125 0.5600426953125 0.07894874999999998 0.045395531249999975
1 0.2962770261326724 0.5883326881854075 0.0835541661187226 0.0973702214916301
