1 0.16941085937499997 0.5837273203125001 0.04671134374999998 0.0379940859375
1 0.91571451171875 0.717446765625 0.16857097656250003 0.3449073515624999
1 0.195069203125 0.5600426953125 0.03552693750000001 0.02565834374999998
1 0.4430998840448808 0.575339015625 0.07960665625 0.045395531249999975
1 0.37270449210491546 0.5742109701176004 0.069409109375 0.042716784057875226
2 0.37040151037025126 0.615142302089964 0.011513359374999983 0.015625481737679435
1 0.29441304687500003 0.5664572812499999 0.05361935937499999 0.04736925000000003
1 0.3103672734375 0.8783372128906249 0.620734546875 0.24332557421875006
2 0.555272875 0.5639901328125 0.01578974999999995 0.05970499218749996
1 0.2381620625 0.5837273203125 0.09671221875000002 0.07302759375000001
1 0.086514671875 0.576325875 0.04671134374999999 0.024671484375000042
2 0.3663442647100244 0.6003394706686989 0.020724046874999996 0.07993553042835524
2 0.34556529481732123 0.602724337377875 0.012664712581416578 0.025164921463464208
2 0.33473339364742866 0.5959220715123085 0.02523534494064563 0.08042903906249999
2 0.39803328125 0.55066753125 0.011513359374999983 0.02565834374999998
1 0.1276338125 0.5580689765625 0.022697765624999987 0.019737187499999996
