1 0.72040734375 0.5255026171874999 0.135199734375 0.10362023437500004
1 0.5197459375 0.5393186484374999 0.11579150000000003 0.06908015625
1 0.566786234375 0.6661300781249999 0.135199734375 0.17368724999999996
1 0.7819215781249998 0.58224703125 0.12237056249999997 0.14901576562500002
1 0.174674109375 0.61382653125 0.17204248437500003 0.10756767187499996
1 0.8003429531249999 0.4771465078125 0.07171178124999997 0.05082325781249999
1 0.37073017187499996 0.5742288154809606 0.146384140625 0.0879538251440394
2 0.255596578125 0.5738587265625 0.023684624999999983 0.08536333593750003
2 0.7437630156249999 0.6592220624999999 0.08158037500000007 0.27484033593750007
1 0.6278070333058106 0.6745183828125 0.12237056249999997 0.11052824999999995
1 0.6134975781249998 0.5240223281249999 0.084540953125 0.0774684609375
2 0.7559342812500002 0.4682647734375001 0.008552781250000053 0.05131668750000005
