1 0.18750328125000001 0.5482003828125 0.06211730322528401 0.06019842187500002
1 0.494416546875 0.5595492656250001 0.18881909375000003 0.085856765625
1 0.8140094618856495 0.5058102919069486 0.005921156249999981 0.008881734374999973
1 0.12518493822081916 0.557575546875 0.05782264971167232 0.05383865978310167
1 0.10421235855273848 0.5324106328125 0.03361900082226151 0.01578974999999998
1 0.47895574999999996 0.5185946015624999 0.006579062499999999 0.007894875000000034
1 0.8235923466032506 0.505272 0.012171265624999943 0.009549758559752153
1 0.300334203125 0.5373449296875 0.024013578125000025 0.026151773437500036
1 0.0947385 0.5393186484374999 0.03388217187499999 0.021217476562499994
1 0.8500148749999998 0.5058860502194188 0.017434515624999966 0.009868593749999998
1 0.471554319079523 0.5193347676817845 0.005921156249999981 0.008881734374999973
1 0.824685484375 0.5092194375 0.00921068750000001 0.007894875000000034
1 0.9373431796875 0.8195867109374999 0.12531364062500003 0.276320625
1 0.4769820312499999 0.79186366015625 0.3335584687499999 0.4162726796875001
1 0.9302794967145231 0.5062589185895232 0.01167790502111039 0.016776609375000008
1 0.524219707894875 0.5197788209701875 0.015329184045499981 0.007105355920499967
1 0.048027156249999994 0.5353712109375 0.03423428588278733 0.016053835505840476
1 0.6750118125 0.5205683203125 0.017434515624999966 0.01282917187499999
1 0.4250074374999999 0.5215551796875 0.001315812499999976 0.005921156249999981
1 0.462837046875 0.5245157578124999 0.012829171875000019 0.01578974999999998
1 0.09539640625000002 0.5595492656250001 0.027668607405166752 0.04314765224350046
1 0.84935696875 0.5092194375 0.012171265624999943 0.003947437500000017
1 0.41180232282163665 0.5215551796875 0.00911669968445447 0.01282917187499999
1 0.04649203713444778 0.5644835625 0.06414585937499999 0.05082325781249999
1 0.371059125 0.5264894765625 0.012829171875000019 0.016776609375000008
1 0.09974870834630001 0.8451255957614752 0.19949741669260002 0.30974880847704983
1 0.4302706875 0.5264894765625 0.00921068750000001 0.009868593749999998
1 0.4573544918676291 0.5202393628014438 0.0021930149852583012 0.01151336814711259
