1 0.6681042458499957 0.5733651932653856 0.066777501643269 0.04095466406249999
1 0.611523859375 0.5817536015624999 0.07960665624999995 0.030099210937499964
1 0.9138318897839098 0.5432660316705451 0.024013288701240518 0.016283179687500038
1 0.483232140625 0.5600426953125 0.03914542187500002 0.016283179687500038
1 0.9973858750000001 0.5551083984374999 0.004934296875000044 0.017270039062499975
1 0.06875120312499998 0.5753390156250001 0.048685062499999994 0.012335742187500021
1 0.5004475131400105 0.5664571579086124 0.027412689152753876 0.017105472049649163
1 0.71119665625 0.5570821171875 0.04111914062500001 0.017270039062499975
1 0.5567531714632422 0.5551083984374999 0.03454011759562524 0.012335742187500021
1 0.18684537499999998 0.5866878984375001 0.06381690625 0.05131668750000005
1 0.3660663232497239 0.5840411986992446 0.06052737499999997 0.04212089533048084
1 0.1169427380842199 0.5852076266432259 0.053290411183778835 0.026645208058778812
1 0.562180890625 0.5649769921875 0.045395531249999975 0.03404664843749998
2 0.9260969863574675 0.5579279940337483 0.01207727116374464 0.043844760086255444
1 0.8345540781250002 0.5570821171875 0.05065878125 0.03404664843749998
1 0.20724046875 0.571391578125 0.022697765624999987 0.020724046875000023
1 0.400993859375 0.571391578125 0.024013578125000025 0.012335742187500021
2 0.979293453125 0.5620164140624999 0.01250021875000004 0.04095466406249999
1 0.502311421875 0.5580689765625 0.013816031250000017 0.007401445312499977
1 0.28355759375 0.5931024843749999 0.03157950000000002 0.03898094531250003
1 0.031579499999999996 0.577312734375 0.033553218749999995 0.016283179687500038
1 0.6171160625 0.5620164140624999 0.037171703125000025 0.02861892187499997
1 0.3304340471769739 0.5812602261419549 0.033718075181184304 0.029852631761137262
1 0.641129640625 0.5649769921875 0.02532939062499994 0.02565834374999998
1 0.7776451874999999 0.54277265625 0.01578974999999995 0.012335742187500021
1 0.9095553906250001 0.5437595156249999 0.01250021875000004 0.018750328124999972
1 0.47829784375 0.59408934375 0.008223828125000015 0.010362023437499968
1 0.7725467577532145 0.549187187920545 0.022039931730939818 0.017270039062499975
1 0.3171108125 0.5753390156250001 0.032237406249999975 0.012335742187500021
1 0.41579675 0.5580689765625001 0.03782960937499998 0.012335742187500021
1 0.13947612499999995 0.575339015625 0.03914542187499999 0.02565834374999998
1 0.324018828125 0.5639901328125 0.045395531249999975 0.019737187499999996
