1 0.12968976953125 0.8264947265625 0.2593795390625 0.3310913203124999
1 0.32204510937499997 0.5353712109375 0.03947437499999999 0.04292838281250004
1 0.2842155 0.52698290625 0.03782960937499998 0.041448093749999956
1 0.36250634374999996 0.5077391484375 0.014802890625000013 0.02220433593750002
1 0.37730923437499997 0.5092194375 0.023026718750000025 0.029112351562500027
2 0.2986894375 0.504285140625 0.00625010937500002 0.016283179687500038
1 0.343098109375 0.5047785703125001 0.01578975000000001 0.005427726562500013
1 0.45444870929580555 0.5069992505939581 0.014802890625000013 0.01998387274122502
1 0.40198071874999997 0.506258859375 0.011842312500000023 0.017763468750000032
1 0.16645028124999997 0.5585624062499999 0.066119578125 0.055264124999999976
1 0.150989484375 0.513166875 0.03223740625000001 0.037007226562499974
1 0.43882346875 0.5102062968750001 0.012829171875000019 0.012335742187500021
1 0.3634932031249999 0.5861944687499999 0.08750153124999999 0.10756767187499996
1 0.9655509101562499 0.6054382265625 0.06889817968750005 0.16677923437500003
1 0.1058153414829117 0.5141509731292345 0.040461234374999995 0.03454007812500004
1 0.45165264062499993 0.6360308671875 0.11579149999999998 0.135199734375
1 0.3460586875 0.520074890625 0.02861892187499997 0.03454007812500004
1 0.39112526562500005 0.5047785703125001 0.01578975000000001 0.024671484375000042
1 0.06957713615205861 0.5097086471211378 0.033222390039950166 0.03799328211533579
1 0.528956625 0.5351248217215246 0.09605440459674432 0.14704218502011654
