1 0.4996797968750001 0.5116865859375 0.025329390625 0.020724046875000023
1 0.138489265625 0.5185946015624999 0.038487515624999996 0.03404664843749998
1 0.4421528726000945 0.54672009375 0.20427989062500002 0.09769907812499996
1 0.06776434375 0.5195814609375 0.03717170312499999 0.029665590150141787
1 0.3434270625 0.52698290625 0.04868506250000001 0.04095466406249999
1 0.27575671227172366 0.6863606953125 0.4122722591467236 0.2916874767553419
1 0.5127063229933064 0.5205683203125 0.04072438805915321 0.029901812614959677
1 0.04280377885009452 0.5214355618872164 0.019777060100094522 0.02559853484985819
1 0.6696389253473727 0.52698290625 0.055922031250000025 0.04687582031249997
1 0.135857640625 0.5185946015624999 0.035855890624999984 0.029112351562500027
1 0.278623296875 0.5333526473397662 0.058553656249999975 0.047414094847733866
1 0.6272081428266605 0.5371678996450185 0.05723784375000006 0.0661798478162825
1 0.5732009107728001 0.528463170641509 0.04934313322327301 0.044902101562500005
2 0.8773179843750001 0.5333974921875 0.013158124999999998 0.06809329687499996
2 0.059869468749999995 0.55264125 0.016447656249999998 0.06167871093750001
1 0.7072492187500001 0.5388252187499999 0.05789575000000002 0.06365242968749998
1 0.09506745312499998 0.6113593828124999 0.13322601562499997 0.13075886718750002
1 0.38878597858726077 0.5200200928822454 0.02708354339991903 0.023739360242077547
1 0.548858235402491 0.547706953125 0.06151412705498203 0.058409719135309145
