1 0.23618834374999995 0.4909625390625001 0.011842312499999992 0.026151773437500036
1 0.18618746875 0.636524296875 0.09506745312499998 0.1139822578125
1 0.35263775 0.636524296875 0.26480726562499995 0.21760249218750002
1 0.07927770312499999 0.5565886874999999 0.15362110937499995 0.05970499218749996
1 0.71119665625 0.5876747578125 0.157568546875 0.09276478125000001
2 0.816132703125 0.5787930234375 0.01907928124999998 0.07697503125000002
1 0.0333887421875 0.545733234375 0.066777484375 0.045888960937500035
1 0.898370984375 0.5097128671875 0.04868506250000001 0.03108607031249999
1 0.1110216796875 0.74211825 0.222043359375 0.22845794531249997
1 0.034869031249999995 0.5985302109374999 0.06973806249999999 0.07006701562500002
1 0.058553656249999995 0.5097128671875 0.04605343750000001 0.033059789062500046
1 0.2460569375 0.525996046875 0.051974593750000006 0.016776609375000008
2 0.801658765625 0.5787930234375 0.01644765625000003 0.07944217968750004
1 0.07467235937499998 0.630603140625 0.14769995312499998 0.07697503125000002
1 0.968758203125 0.6064250859374999 0.062483593750000094 0.14260117968749997
1 0.6779723906249999 0.53487778125 0.12039684374999998 0.05378383593749998
2 0.7618554375 0.5847141796875 0.020724046874999996 0.05970499218749996
2 0.6855383125 0.5314237734375 0.01907928124999998 0.027632062500000033
2 0.5539570625 0.5477069531249998 0.025987296875000017 0.05230354687499998
1 0.3176754979880891 0.4887069356831487 0.033083099126538326 0.026151773437500036
1 0.11776521874999998 0.5166208828125001 0.08980420312499998 0.0379940859375
1 0.5348777812499999 0.6764921015625001 0.36645378124999994 0.20329303125000003
1 0.5444172048397296 0.5322460904817363 0.044737500040298764 0.022204227419864785
1 0.7384991737579593 0.5447464736445068 0.046382423506502235 0.016776609375000008
1 0.607903832039513 0.545733234375 0.04065891484209736 0.04292838281250004
1 0.252307046875 0.5106997265625 0.036513796874999976 0.019737187499999996
2 0.5875102812499998 0.54277265625 0.020724046874999996 0.049342968749999994
1 0.8934366874999999 0.567444140625 0.12434428124999997 0.09967279687500001
1 0.9664644349775539 0.531917203125 0.06628375175379103 0.049836398437499964
1 0.806264109375 0.557575546875 0.11579150000000003 0.09079106249999995
1 0.49770607812499995 0.5546149687499999 0.13848926562500002 0.07993560937500002
2 0.7832373906250001 0.59014190625 0.04243495312500004 0.13273258593749998
1 0.5829049375 0.5057654296875 0.033224265625000034 0.026151773437500036
1 0.49375864062499997 0.5008311328125 0.04868506250000001 0.03108607031249999
1 0.19320482411355136 0.5949117989075902 0.2491273749328353 0.1396405226405834
