1 0.29737362500000003 0.5407989375 0.03421112500000003 0.03996780468749996
1 0.52435128125 0.5229649603659754 0.006861010035650198 0.009868593749999998
1 0.435862890625 0.5353712109375 0.0750013125 0.04835610937499997
1 0.40823082812500006 0.5595492656250001 0.05484546064872055 0.08092246874999995
1 0.232569859375 0.5407989375 0.12072579687499999 0.07105387500000004
2 0.30493954687499997 0.537838359375 0.01907928124999998 0.045395531249999975
1 0.16052912500000002 0.7115256156251384 0.29342618750000005 0.29753810156249993
1 0.87706251953125 0.4865216570712211 0.2458749609375 0.10954139062500001
1 0.43224440624999994 0.5082325781249999 0.006579062499999999 0.009868593749999998
1 0.508232578125 0.5136603046875001 0.00953964062499999 0.006908015625000008
1 0.502311421875 0.5911762129660916 0.13352333718927228 0.07159475202859164
1 0.32571998777665456 0.5324106328125 0.00953964062499999 0.01282917187499999
1 0.32615703577330385 0.5316704697775441 0.007565921874999996 0.013569297902544176
1 0.502311421875 0.568502778921469 0.10561190905483388 0.08775870545353097
1 0.36744064062500004 0.576325875 0.09075943093927226 0.11940998437500001
1 0.596392015625 0.5708981484375 0.06596269151079769 0.08313151742130351
1 0.6779723906249999 0.6133331015625 0.16151598437499998 0.1765632370850181
1 0.8378182958282113 0.5107376968826831 0.088614896867317 0.05404953594134154
1 0.46546867187499996 0.52106175 0.016118703124999988 0.01282917187499999
1 0.427310109375 0.5097128671875 0.004605343750000005 0.005921156249999981
1 0.6049447968749999 0.5878789373567778 0.050465947821185256 0.10658081250000002
1 0.3181963498193467 0.54094695441652 0.017105562499999987 0.032566359374999986
1 0.8575728061501181 0.7820335444185437 0.28485438769976396 0.4359329111629127
1 0.6039579375 0.5097128671875 0.13585764062499994 0.08684362500000002
1 0.33158475 0.6276425625 0.12927857812500002 0.1381603125
1 0.518430125 0.7940123483975441 0.27829434374999995 0.3458942109375001
1 0.013487078125 0.5679375703125 0.02697415625 0.03404664843749998
1 0.49770607812499995 0.5097128671875 0.008552781249999994 0.009868593749999998
1 0.5404699843749999 0.5309303437499999 0.027632062499999974 0.037007226562499974
