1 0.008344437845899085 0.5240223281249999 0.01668887569179817 0.010296078614078042
1 0.07984349973173203 0.54672009375 0.0315795 0.02502674959759803
1 0.2574052549653041 0.5600426953125 0.04868506250000001 0.04736925000000003
1 0.14276565624999998 0.5373449296875 0.024013578125000008 0.011348882812499994
1 0.4990216495317388 0.5414564218367928 0.010855453125000025 0.014309460937499985
1 0.27039946875 0.546555640754147 0.00953964062499999 0.011348882812499994
1 0.516127453125 0.5477069531250001 0.02203985937500003 0.026645203125000006
1 0.122041609375 0.55066753125 0.025987296875000003 0.02861892187499997
1 0.2811234308833291 0.5463256207749875 0.02203985937499997 0.024868720862506244
2 0.562732735095972 0.61300297802577 0.03223646992061605 0.10641820859626794
1 0.15329237152808134 0.5733659427092441 0.04835632465308133 0.04983736718886602
1 0.14605518749999996 0.527970411459244 0.010855453124999996 0.007401445312499977
1 0.06875120312500001 0.5374189778766028 0.020822777793803614 0.014309460937499985
1 0.30822907812499994 0.5560952578125 0.04111914062500001 0.032072929687500015
1 0.21283267187500002 0.5333974921874999 0.00953964062499999 0.007401445312499977
1 0.183994275937676 0.542443445156514 0.050000875000000014 0.019737187499999996
1 0.1460551875 0.54672009375 0.025987296875000003 0.011348882812499994
1 0.01513184375 0.5383317890624999 0.0302636875 0.019737187499999996
2 0.6033000312499998 0.6123462421874999 0.02894787499999995 0.09769907812499996
1 0.21828238869353805 0.5590558359375 0.0842230594648456 0.05662906172353974
1 0.2105516999467518 0.5319502240347262 0.011469645488430658 0.008191121208339425
1 0.0633234765625 0.5946533318504279 0.126646953125 0.10354967596207194
1 0.17829259375 0.5837273203125001 0.069409109375 0.06266557031250004
1 0.07960665624999999 0.5526412500000001 0.025987296874999996 0.012335742187500021
1 0.36776959375 0.54672009375 0.032018251090981664 0.02532961101147251
2 0.11250196875 0.545733234375 0.013816031250000001 0.03108607031249999
1 0.14517788092964823 0.5560952578125 0.05405801266017588 0.02861892187499997
1 0.312176515625 0.5333974921875001 0.00986894227998872 0.012335742187500021
1 0.09732321372709904 0.54672009375 0.022039859375 0.016283179687500038
1 0.5249490446664231 0.5437595156249999 0.0058318582294710685 0.010900560250182689
1 0.10581317484391292 0.5837273203125 0.054935171874999994 0.059376159609130584
1 0.404941296875 0.547706953125 0.03486903124999999 0.016283179687500038
1 0.0366602107290764 0.5403055078125 0.025182976770923605 0.019737187499999996
1 0.025329390625 0.5314237734375 0.022039859375 0.02220595052311003
1 0.46119228125 0.5389897342314847 0.013596755112656449 0.011348882812499994
1 0.33355846875 0.55066753125 0.030144132281498356 0.030592464350879568
1 0.24243845312499998 0.5383317890624999 0.028837131574051995 0.003947437500000017
1 0.41283638715308135 0.54672009375 0.017105562499999987 0.014309460937499985
