1 0.6184318750000001 0.5812601718749999 0.06842224999999995 0.04687582031249997
1 0.37698028125 0.5926090546875 0.08651467187499999 0.06167871093750001
1 0.974030203125 0.5881681875 0.04111914062500001 0.03404664843749998
1 0.69014365625 0.795197895455919 0.5950762031249999 0.4090532109374999
1 0.8944235468749999 0.5881681875 0.005921156249999981 0.01924375781250003
1 0.805606203125 0.581260171875 0.06381690625 0.036513796875000004
1 0.693762140625 0.5837273203125 0.07664607812500002 0.04095466406249999
1 0.9223845625 0.5881681875 0.056250984375 0.04095466406249999
1 0.20806533099195945 0.8023670180404595 0.4161306619839189 0.39526596391908103
1 0.981925078125 0.57435215625 0.034211124999999974 0.029605781249999998
1 0.522048609375 0.581260171875 0.04704029687500005 0.05674441406249997
1 0.6437612656249999 0.5837273203125 0.04704029687499999 0.04440867187500004
1 0.99713041015625 0.5857010390624999 0.005739179687500003 0.011348882812499994
1 0.8470971917033342 0.5815819731921762 0.06809329887732597 0.04513809019625894
1 0.17228919921875 0.5368514999999999 0.3445783984375 0.19737187499999997
