1 0.864817765625 0.5551083984374999 0.01907928124999998 0.014309460937499985
1 0.55593078125 0.59408934375 0.10625185937499998 0.06809329687499996
1 0.9444156718749999 0.6113593828124999 0.1111686562500001 0.15543035156250004
1 0.6013263124999999 0.5931024843749999 0.07960665624999995 0.07105387499999996
1 0.2384916570499189 0.6125928367640776 0.13964103452432028 0.09473859621373784
2 0.36250634374999996 0.5928557895756034 0.018092448600804428 0.06291238537801665
1 0.8079088750000002 0.5526412500000001 0.06513271875000003 0.026645203125000006
1 0.833238265625 0.54277265625 0.017763468749999945 0.012335742187500021
4 0.6319189531250001 0.5595492656250001 0.016118703125000047 0.017270039062499975
1 0.7720529843749999 0.55264125 0.008223828124999954 0.016283179687500038
1 0.13651554687500003 0.6054382265625 0.07894875000000003 0.06167871093750001
1 0.724025828125 0.618760828125 0.2766495781250001 0.19539815625
