1 0.369414359375 0.60198421875 0.09408059374999998 0.09276478125000001
1 0.5641546093750001 0.6291228515624999 0.011513359374999983 0.024178054687499985
1 0.6506692812500001 0.6434323124999999 0.035197984375000026 0.009868593749999998
1 0.5565886875000001 0.6298632662478546 0.015625453540236478 0.027139173120709348
1 0.5329040625 0.6118528124999999 0.04572448437499996 0.06957358593749996
1 0.6039579375 0.610865953125 0.042763906250000025 0.07253416406250005
1 0.448363109375 0.6148133906250001 0.060856328125000005 0.054277265625000036
1 0.487179578125 0.6261622734374999 0.03618484375000002 0.04391524218749998
1 0.67698553125 0.623695125 0.029276828125000046 0.054277265625000036
1 0.6524795440196732 0.61062076915451 0.06792936062070941 0.08116963385059117
