2 0.628629421875 0.47566621875 0.006579062500000058 0.02565834374999998
1 0.8032870683961157 0.47120065728167343 0.025724093847975027 0.02220433593750002
1 0.51119315625 0.5546149687499999 0.0618431875 0.026151773437500036
1 0.787842734375 0.4662910546875 0.01208131801420033 0.016776609375000008
1 0.278623296875 0.5161274531250001 0.04078356762649863 0.029112351562500027
1 0.30822907812499994 0.5353712109375 0.0618431875 0.05279697656249995
1 0.792448078125 0.44803415625 0.014802890625000013 0.016776609375000008
1 0.23605108626677357 0.520074890625 0.04243495312499999 0.03834374389366983
1 0.785869015625 0.43323126562500003 0.007236968750000017 0.010855453125000025
1 0.4171125625 0.4840545234375 0.029605781250000025 0.010855453125000025
2 0.718762578125 0.5407989375 0.014144984375000055 0.05674441406249997
1 0.8268022300628173 0.5424079508065355 0.13258240323680207 0.05378383593749998
1 0.8246854843749998 0.447047296875 0.010197546874999948 0.010855453125000025
1 0.5852358028257669 0.5176077421875 0.03558646192929445 0.012335742187500021
1 0.3759276593037472 0.6542877656249999 0.28586026562500005 0.2458661699358724
1 0.7760004218750001 0.447047296875 0.01578974999999995 0.01529632031250001
1 0.5853732257315833 0.5541219189938611 0.03125054687500004 0.054524550365791666
1 0.7944217968749998 0.45395531250000004 0.010197546874999948 0.010855453125000025
1 0.47457442891115753 0.5085686121167363 0.05931649296384247 0.07656239026136644
1 0.393756890625 0.4978705546875 0.04243495312499999 0.026151773437500036
1 0.820080140625 0.5230354687500001 0.08585676562500003 0.03059264062500002
2 0.883239140625 0.434218125 0.004605343749999946 0.011348882812499994
1 0.535864640625 0.5146471640625 0.08585676562500003 0.09819250781250002
1 0.7760004218750001 0.47023849218749997 0.024013578125000025 0.02220433593750002
1 0.16796774283732976 0.5603451689434947 0.08112411783732977 0.07056044531249998
2 0.64014278125 0.4796136562499999 0.007565921874999996 0.027138632812499973
2 0.754947421875 0.5407989375 0.015131843749999992 0.04391524218749998
1 0.02565834375 0.57435215625 0.0513166875 0.0942450703125
1 0.8664818619876666 0.5477069531249998 0.14671309374999997 0.04687582031249997
1 0.20658256249999998 0.516127453125 0.028618921874999998 0.041448093749999956
1 0.633892671875 0.5284631953125 0.04704029687499999 0.024531967045269276
1 0.8325808807839524 0.43643973176389306 0.0166108292901189 0.01529632031250001
2 0.9345558281249999 0.5454869011156029 0.019244012202068696 0.041448093749999956
1 0.09210687499999999 0.57435215625 0.09166385758433243 0.07798175024550398
2 0.69409109375 0.45691589062499993 0.004605343749999946 0.021217476562499994
1 0.820080140625 0.45729716832596684 0.01578974999999995 0.02220433593750002
1 0.5490227656250001 0.61580025 0.12072579687499996 0.13125229687499998
1 0.81383003125 0.447047296875 0.011184406250000004 0.012335742187500021
1 0.7541261788565834 0.4157150816157916 0.020395093750000017 0.020724046875000023
2 0.932582109375 0.5195814609375 0.011513359374999983 0.02565834374999998
1 0.219411734375 0.5077391484375 0.008223828125000015 0.016776609375000008
1 0.8270978097283578 0.5485293322824633 0.12774346597835778 0.0554285942524265
1 0.6497754334281538 0.5935959140625 0.11877204551121541 0.10352564366425394
1 0.25197809374999997 0.5521478203125 0.07249606106160131 0.0578371981103432
2 0.6506692812500001 0.4741859296875 0.007380870514408736 0.027416209853386952
1 0.5969846888102626 0.5454950499803699 0.04188197733884245 0.05305222185536991
1 0.8190932812499999 0.46481076562499996 0.013199250035769694 0.020724046875000023
1 0.8107872290368545 0.447047296875 0.007236968750000017 0.006908015625000008
2 0.387559352762243 0.4714718819873653 0.006579062499999999 0.021217476562499994
2 0.63619534375 0.4781333671875 0.006579062500000058 0.02565834374999998
1 0.26485016341324275 0.4978705546875 0.055621711691397915 0.03672833837756793
2 0.74540778125 0.5521478203125 0.025658343750000038 0.06118528125000004
1 0.4414576358687556 0.5284631953125 0.07368550000000003 0.03059264062500002
1 0.762529936302003 0.7209341826839938 0.47494012739599406 0.32911760156250003
1 0.81383003125 0.5407989375 0.11710731249999995 0.06240286552267769
