1 0.585207609375 0.4825742343750001 0.030263687499999983 0.023684625000000015
1 0.566786234375 0.6676103671875 0.23289881249999997 0.34095991406250004
1 0.470074015625 0.4939231171875 0.024013578125000025 0.059211562499999995
1 0.5776416875 0.5023114218750001 0.05065878125 0.020724046875000023
1 0.493100734375 0.5102062968750001 0.02565834374999998 0.012335742187500021
1 0.407572921875 0.5240223281249999 0.032237406249999975 0.06365242968749998
1 0.439810328125 0.49935084375 0.05789575000000002 0.0675998671875
1 0.0828961875 0.6537943359374999 0.16480551562499998 0.260530875
1 0.5730363437499999 0.4939231171875001 0.056250984375 0.029112351562500027
1 0.37270389062500003 0.5284631953125001 0.06447481250000002 0.08536333593750003
1 0.24276740625 0.5807667421875 0.08092246875000002 0.10460709374999996
1 0.42698115624999994 0.5171143124999998 0.03125054687499998 0.055264124999999976
1 0.317439765625 0.5546149687499999 0.09276478125000001 0.08832391406250002
1 0.66777484375 0.516127453125 0.11579150000000003 0.08141589843750001
