1 0.450007875 0.5511609609375 0.06414585937499998 0.07056044531249998
1 0.285860265625 0.4514881640625001 0.01546079687499997 0.012335742187500021
1 0.22664870312499996 0.46678448437500003 0.007236968749999987 0.010855453125000025
1 0.24803065625000004 0.46382390625000003 0.015460796875 0.01529632031250001
1 0.3898094531249999 0.5156340234375 0.03684274999999999 0.05032982812500002
1 0.247043796875 0.4485275859375001 0.014144984374999996 0.012335742187500021
1 0.41645465625 0.5432660859375 0.04177704687499997 0.06266557031249995
1 0.22960928125 0.4544487421875 0.012171265625000002 0.013816031250000017
1 0.360203671875 0.5126734453124999 0.019408234375000017 0.033553218750000016
1 0.24276740624999996 0.4776399374999999 0.01940823437499999 0.021217476562499994
1 0.22434603125 0.5097128671875 0.027632062500000002 0.032072929687500015
1 0.237833109375 0.44852758593750003 0.012171265625000002 0.013816031250000017
1 0.35000612499999995 0.5082325781250001 0.02565834374999998 0.029112351562500027
1 0.33355846874999995 0.46678448437500003 0.01546079687499997 0.023191195312499958
1 0.335861140625 0.48504138281250003 0.019408234375000017 0.024671484375000042
2 0.3332295156249999 0.45099473437499993 0.0029605781249999906 0.005921156249999981
1 0.6062606093749999 0.6000105 0.16316074999999994 0.16529894531249995
1 0.231583 0.50329828125 0.02565834375000001 0.033553218750000016
1 0.250004375 0.4899756796875 0.021381953125000012 0.024671484375000042
1 0.27566271875 0.4514881640625001 0.012171265625000002 0.01529632031250001
1 0.7062623593749999 0.6533009062499999 0.21414848437499998 0.20181274218750006
1 0.231583 0.46974506250000003 0.014144984374999996 0.01529632031250001
1 0.25921506250000004 0.4485275859375001 0.015460796875 0.01529632031250001
1 0.20724046875 0.5220486093749999 0.02236881250000001 0.041448093749999956
1 0.526653953125 0.5753390156250001 0.09473850000000006 0.11644940625000003
1 0.162173890625 0.5496806718749999 0.08256723437499999 0.10855453124999999
1 0.9018162421875 0.7856957890625 0.19636751562500004 0.42860842187500003
1 0.33059789062499995 0.46382390625000003 0.012171265625000002 0.01529632031250001
1 0.30822907812499994 0.45592903125 0.014144984374999996 0.013816031250000017
1 0.33783485937499996 0.500337703125 0.02236881250000001 0.029112351562500027
1 0.369414359375 0.5141537343749999 0.02565834374999998 0.041448093749999956
1 0.22862242187499998 0.447047296875 0.011184406250000004 0.010855453125000025
1 0.30197896875 0.452968453125 0.014144984374999996 0.01529632031250001
1 0.39902014062499996 0.5264894765625 0.039803328124999975 0.05032982812500002
1 0.26842574999999996 0.452968453125 0.011184406250000004 0.012335742187500021
