1 0.449678921875 0.5255026171875 0.004605343750000005 0.006908015625000008
1 0.32829521875 0.569417859375 0.042106000000000005 0.03898094531250003
1 0.46016514182926704 0.7085650312499999 0.2510717944664659 0.3455820414557982
1 0.5296145312499999 0.5225420390625001 0.029276828125000046 0.026151773437500036
1 0.259544015625 0.5452398046874999 0.02681833197479341 0.01578974999999998
1 0.737183953125 0.5452398046875 0.164805515625 0.09523192968750002
1 0.08923601005869775 0.565470421875 0.03537741433097669 0.027138632812499973
1 0.20000349999999997 0.557575546875 0.009133282393834404 0.004934296875000044
1 0.34770345312500006 0.557575546875 0.03256635937500001 0.03898094531250003
1 0.500337703125 0.512180015625 0.0026316250000000116 0.0019737187499999642
1 0.43616193953215004 0.5284631953125 0.004037151947856661 0.009464878734645054
1 0.4756662187499999 0.5171143125000001 0.006579062499999999 0.003947437500000017
1 0.4496789218749999 0.5264894765625 0.006579062499999999 0.009868593749999998
1 0.317439765625 0.5546149687499999 0.022697765624999987 0.021217476562499994
1 0.45516144167221123 0.5264894765625 0.006579062499999999 0.009046186722908444
1 0.6092211875 0.504285140625 0.04210599999999995 0.026151773437500036
1 0.9459781992187499 0.5013245625 0.10804360156250006 0.07697503125000002
1 0.0513166875 0.5664572812499999 0.016118703124999998 0.02220433593750002
1 0.412836171875 0.5333974921875 0.007894874999999975 0.010855453125000025
1 0.069409109375 0.6083988046875 0.12006789062499999 0.08783048437499996
1 0.66645903125 0.5003377031249999 0.022697765624999987 0.01619737552950422
1 0.222701265625 0.58224703125 0.05000087499999998 0.049836398437499964
1 0.653629859375 0.5324106328125 0.11875207812499997 0.063159
1 0.21085895312499994 0.5546149687499999 0.007236968749999987 0.009868593749999998
1 0.5593612660963588 0.5034391980062614 0.01254719100208715 0.00817670851252279
1 0.47171878124999994 0.5304369140624999 0.016118703124999988 0.01578974999999998
1 0.48750853125 0.5171143125 0.006579062499999999 0.004934296875000044
1 0.4402762998210286 0.5301080102804687 0.006579062499999999 0.005921156249999981
1 0.6459917269624095 0.5003377031249998 0.022697765624999987 0.01578974999999998
1 0.210858953125 0.5510712283426347 0.007894875000000004 0.005921156249999981
1 0.1486868125 0.5935959140625 0.05131668750000002 0.05082325781249999
1 0.4736925 0.5225420390625 0.007236968750000017 0.004934296875000044
1 0.070724921875 0.5725634833471366 0.006661305098727392 0.013939395148091106
1 0.14325908593749997 0.7687634531249999 0.28651817187499995 0.2773074843749999
1 0.27270214062500003 0.5723784375 0.048027156250000015 0.049836398437499964
1 0.29967629687499997 0.5664572812499999 0.025987296875000017 0.036020367187500034
