1 0.435204984375 0.5590558359375001 0.11875207812500002 0.07697503125000002
1 0.8571269929612148 0.6856931144418221 0.2857460140775704 0.18195945389871487
1 0.7345523281249999 0.5166208828125001 0.03092159374999994 0.012335742187500021
1 0.84409371875 0.52106175 0.01578974999999995 0.016283179687500038
1 0.76382915625 0.520074890625 0.022697765624999987 0.011348882812499994
1 0.7969219677329958 0.5333974921875 0.04710612065860763 0.036020367187500034
1 0.357572046875 0.5610295546875 0.05822470312499999 0.06463928906250001
1 0.7598817187499999 0.5526412500000001 0.18684537499999992 0.07401445312500003
1 0.9477609465628384 0.54672009375 0.07678705787459397 0.07944217968749996
1 0.501653515625 0.55066753125 0.04671134375000001 0.04440867187500004
1 0.5837422721291701 0.540978364234388 0.06309919273331938 0.056250989309346265
1 0.7688353551884773 0.5960630625000001 0.21217476562499998 0.10488481724706729
1 0.82567234375 0.527969765625 0.024671484374999983 0.03108607031249999
1 0.44441569819182897 0.8569963828537743 0.866791484375 0.28600723429245145
1 0.1752223733551535 0.5746811027961349 0.121383703125 0.06102081784523028
1 0.28947875 0.5630032734375 0.09539640625000002 0.05970499218749996
