1 0.5450753281249999 0.539812078125 0.026645203124999975 0.03404664843749998
1 0.35855890625 0.5876747578125 0.09046210937499997 0.0379940859375
1 0.615471296875 0.5664572812499999 0.07861979687500001 0.02516491406250001
1 0.47895574999999996 0.531917203125 0.04868506250000001 0.03898094531250003
1 0.609550140625 0.5368515 0.06447481249999995 0.04884953906250002
1 0.502311421875 0.5368514999999999 0.06250109374999996 0.03898094531250003
1 0.3962227238027546 0.5126730406171938 0.043258179052721425 0.016776609375000008
1 0.460534375 0.5718850078125 0.11118615624999997 0.032072929687500015
1 0.3565851875 0.5250091875 0.021381953125000012 0.005921156249999981
1 0.7552763749999999 0.545733234375 0.06250109374999996 0.036020367187500034
1 0.5434305625 0.5674441406249999 0.09638326562500002 0.03108607031249999
1 0.344742875 0.5106997265625 0.03454007812500001 0.019737187499999996
1 0.258886109375 0.5916221953124999 0.12039684374999998 0.044902101562500005
1 0.43652079687500006 0.5240223281249999 0.06250109375000003 0.03996780468749996
1 0.34276915625 0.5156340234375 0.01546079687499997 0.011842312499999962
1 0.36119053125 0.5176077421875 0.03388217187499999 0.013816031250000017
1 0.70724921875 0.545733234375 0.06381690625 0.0379940859375
