2 0.49014015624999996 0.5595492656250001 0.01611869654604714 0.07845532031250002
2 0.713170375 0.7929415078125001 0.07204073437499996 0.3330650390625
2 0.947056046875 0.6123462421875 0.04046123437500005 0.1968784453125
2 0.41908628125 0.7243547812500001 0.08980420312500001 0.24276740625000004
2 0.61251071875 0.6271491328125001 0.04046123437500005 0.17812811718750005
2 0.9901401562500001 0.6592220624999999 0.01971968749999995 0.13470630468750003
2 0.67895925 0.62172140625 0.019737187500000055 0.10806110156250001
1 0.227964515625 0.5664572812499999 0.05789575000000002 0.06118528125000004
1 0.96383265625 0.5309303437499999 0.013158124999999998 0.017270039062499975
2 0.7572500937500001 0.6636629296875001 0.052961453124999974 0.14013403125000004
2 0.459547515625 0.6434323124999999 0.052961453124999974 0.1929310078125
2 0.18421375000000004 0.6000105 0.03223740625000001 0.11595597656250005
2 0.02434253125 0.7564277109374999 0.0486850625 0.2348725312499999
2 0.21414848437499998 0.62172140625 0.045066578125 0.14852233593749994
1 0.40066490625 0.5536281093750001 0.0881594375 0.06562614843750003
2 0.6970516718750001 0.6893212734375 0.06842225000000006 0.2644783125
2 0.36612482812499997 0.5432660859375 0.009868593750000028 0.017763468750000032
2 0.144739375 0.555046728746837 0.008963944593173186 0.031641169690662795
1 0.04695805859375 0.5807667421875 0.0939161171875 0.06414585937500003
2 0.102633375 0.610865953125 0.037829609374999996 0.154936921875
2 0.64935346875 0.6893212734374999 0.06283004687499995 0.3478679296874999
2 0.5134958281249999 0.670077515625 0.084540953125 0.20230617187500002
1 0.49770607812499995 0.55066753125 0.07641110153722111 0.05515838377326325
1 0.1157915 0.576325875 0.028618921874999998 0.05131668750000005
1 0.9851236210937501 0.5264894765625 0.029752757812500027 0.027138632812499973
