1 0.450007875 0.5252065783233821 0.007894874999999975 0.008388304687500004
1 0.5407989375 0.5324106328125 0.021053000000000033 0.020230617187499966
1 0.31086070312499997 0.545733234375 0.024013578125000025 0.03108607031249999
1 0.26303090611774527 0.5373449296875 0.012960765757254755 0.010362023437499968
1 0.34605868749999996 0.5388252187499999 0.008552781249999994 0.024178054687499985
1 0.28224178125 0.545733234375 0.031250546875000014 0.036020367187500034
2 0.5539570625 0.547706953125 0.01907928124999998 0.07105387499999996
1 0.470731921875 0.52698290625 0.007894874999999975 0.011842312499999962
1 0.324018828125 0.54277265625 0.01644765625000003 0.029605781249999998
1 0.022697765625 0.5546149687499999 0.014802890625000002 0.011842312499999962
1 0.11973893749999999 0.5724670070486123 0.06317587039021189 0.054378487966271295
1 0.06151423437499999 0.5926090546874999 0.07434340624999998 0.06069185156249999
1 0.92632325 0.5926090546875 0.14735349999999994 0.126318
1 0.0197371875 0.5758324453125 0.03684275 0.03108607031249999
1 0.061446944486663886 0.5502301764694468 0.016118703125000005 0.011842312499999962
1 0.08847723894773964 0.5610295546875 0.014780587270479269 0.011842312499999962
1 0.15789750000000005 0.5610295546875 0.021053000000000002 0.020230617187499966
1 0.26118878125 0.5546149687499999 0.025329390625 0.03108607031249999
1 0.45987646875 0.525996046875 0.014802890625000013 0.010362023437499968
1 0.3355321875 0.53882521875 0.019094582320474333 0.024671484375000042
1 0.193753390625 0.5699111780391549 0.04868506250000001 0.03848751562499997
1 0.2355304375 0.5565886875 0.042395077638636515 0.04342181250000001
1 0.030387051089684414 0.555601828125 0.0069080156250000005 0.008388304687500004
1 0.2265665758643194 0.5475218830692358 0.04724577127787315 0.028803843903338323
1 0.452310546875 0.5373449296875 0.019737187499999996 0.020230617187499966
