1 0.25411561964289064 0.5622632103221484 0.057238241783281234 0.06636659149371091
2 0.3827369203298867 0.5105455617636515 0.005530527459633502 0.01671495807420138
2 0.6524787224541406 0.5030514849903517 0.009046265214765608 0.02269809128859377
2 0.3905833231584767 0.5105546712111326 0.008552781249999994 0.023046079587919887
1 0.4452928253822642 0.4579026019696135 0.015351091007264254 0.017763468750000032
1 0.343098109375 0.533890921875 0.03881646874999998 0.03996780468749996
1 0.28684712500000004 0.5521478203125 0.05065878125 0.058224703124999964
1 0.43356021875 0.48010708593750007 0.01842137500000002 0.023684625000000015
1 0.502640375 0.5131668749999999 0.07006701562500002 0.13125229687499998
1 0.18618746875 0.57435215625 0.09769907812499999 0.09967279687500001
1 0.73619709375 0.5728718671875 0.10427814062500004 0.11644940625000003
1 0.31546604687499996 0.5452398046875 0.03322426562499998 0.04835610937499997
1 0.33640924232033986 0.5072456200630757 0.01973715460435853 0.016118620885896374
1 0.5947473815825659 0.5067522397190378 0.0282900016456414 0.038652271800452366
1 0.439152421875 0.47023849218749997 0.014802890625000013 0.017763468750000032
1 0.14671309375 0.5975433515625 0.07927770312500002 0.08980420312500001
1 0.5977078281249999 0.5161274531250001 0.032237406249999975 0.03750065625000003
1 0.484219 0.433560037823972 0.007894907895641446 0.013322650905962163
1 0.4934296875 0.4324910396778515 0.011842312500000023 0.015789967109062532
1 0.0486850625 0.6380045859374999 0.097370125 0.13125229687499998
1 0.8935924140625 0.6419520234375 0.21281517187500007 0.21464191406249994
1 0.6707354218749998 0.539812078125 0.06644853124999996 0.08042903906249999
1 0.454942171875 0.502311421875 0.020395093750000017 0.024671484375000042
1 0.491784921875 0.44556700781250014 0.01578975000000001 0.020724046875000023
1 0.629945234375 0.49935084375 0.04144809374999999 0.027632062500000033
1 0.425336390625 0.5008311328125 0.019408234375000017 0.024671484375000042
1 0.459547515625 0.48849539062499997 0.02203985937500003 0.027632062500000033
1 0.6246819843750001 0.5284631953124999 0.04243495312500004 0.04687582031249997
1 0.478626796875 0.4317509765625001 0.014802890625000013 0.01529632031250001
1 0.6850455522321094 0.5590558359375 0.05904750206320308 0.07746878660109377
