1 0.7858695756715941 0.5572167107404518 0.08932575494560228 0.05530882950433789
1 0.013158125 0.5106997265625001 0.025987296875 0.0379940859375
1 0.8582387031249998 0.6227082656249999 0.18618746874999997 0.105593953125
1 0.668598140835279 0.5422795633998397 0.08454037568956056 0.045888960937500035
1 0.058553656249999995 0.525996046875 0.042434953125 0.009868593749999998
1 0.199674546875 0.4909625390624999 0.011184406250000004 0.01282917187499999
1 0.5759504979731748 0.5443233708072821 0.06381675584199158 0.026151773437500036
1 0.94146384375 0.5758324453125 0.10592290624999995 0.08190932812499999
1 0.7852112475657146 0.5295486991677857 0.04368465716135681 0.022796099176178152
1 0.6480378602482653 0.6080040364577082 0.16829236979041642 0.10737028776010407
1 0.10501845500972368 0.6542878001714693 0.2065006610468249 0.17294713137860188
1 0.31376667004022424 0.5758324453125001 0.035800914766559146 0.05049426630343001
1 0.28553131249999997 0.5758324453125001 0.09440954687499996 0.07401445312500003
1 0.544417421875 0.5955696328124999 0.12829171874999995 0.10065965624999995
1 0.40727742904363284 0.6148621419625637 0.193719610530726 0.17102205810615345
1 0.8745428099756196 0.5562802414320542 0.048911013555211366 0.0341081696086631
1 0.1723714375 0.557575546875 0.03585589062500002 0.05970499218749996
1 0.7204898263424663 0.5852075649547789 0.0797710587787981 0.07043694352490633
1 0.7233679218750001 0.5388252187500001 0.03914542187500002 0.029112351562500027
1 0.384546203125 0.5097128671875 0.035855890624999984 0.029112351562500027
1 0.2907945625 0.5195814609375 0.02203985937500003 0.017763468750000032
1 0.077303984375 0.565470421875 0.14769995312499998 0.085856765625
1 0.4889690134322208 0.5810136670842826 0.07502219298466782 0.061524908009592316
1 0.5062589975560396 0.5463911636551734 0.12127399066953787 0.05806027262284656
1 0.7963955156249999 0.5876747578125 0.12829171874999995 0.102633375
2 0.785869015625 0.6301097109375 0.06710643750000003 0.15543035156250004
1 0.9861104804687499 0.5758324453125 0.02777903906250003 0.07302759375000001
1 0.2434253125 0.557575546875 0.10987034374999999 0.08783048437499996
1 0.23224090625 0.5146471640625 0.029934734375000004 0.005921156249999981
1 0.418428375 0.53882521875 0.075988171875 0.036020367187500034
1 0.137831359375 0.5565886874999999 0.027961015625000012 0.0478626796875
1 0.8329093125 0.80864026953125 0.33125579687499995 0.3827194609375
1 0.622191443411382 0.5197752692676068 0.0296292069070122 0.02925330307530487
1 0.17171353125 0.5097128671875 0.038487515624999996 0.016776609375000008
