1 0.5907998125 0.5176077421875 0.030592640624999962 0.023191195312499958
1 0.572707390625 0.5126734453124999 0.011184406250000004 0.01282917187499999
1 0.6273136093749999 0.5225420390625 0.06973806249999998 0.03404664843749998
1 0.5750100625 0.5156340234375 0.007236968750000017 0.011842312499999962
1 0.5217196562499999 0.5146471640625 0.006579062499999999 0.008881734374999973
1 0.51777221875 0.5126734453124999 0.003947437499999987 0.003947437500000017
1 0.512837921875 0.5225420390625001 0.016118703124999988 0.017763468750000032
1 0.504943046875 0.5126734453124999 0.00921068750000001 0.01282917187499999
1 0.528956625 0.5195814609375 0.011184406250000004 0.013816031250000017
1 0.493100734375 0.5116865859375 0.006579062499999999 0.006908015625000008
