1 0.7256705937499999 0.5294500546875 0.06644853124999996 0.04687582031249997
2 0.256254484375 0.6320834296874999 0.046382390625000006 0.15098948437499998
1 0.8908050625 0.5353712109375 0.02171090625000005 0.037007226562499974
1 0.8746863593749999 0.5264894765625 0.018092421875000042 0.03108607031249999
1 0.9164634062499999 0.5368515 0.042763906250000025 0.05131668750000005
1 0.7360813638633533 0.5531291462810518 0.018092421875000042 0.03108607031249999
1 0.80527725 0.59803678125 0.09506745312500003 0.1041136640625
1 0.6586105314659468 0.5637366988323486 0.11875524007154184 0.09893146661379681
1 0.88225228125 0.5294500546875 0.011513359374999983 0.03108607031249999
1 0.962187890625 0.5482003828125 0.07204073437499996 0.06957358593749996
2 0.76646078125 0.5225420390624999 0.015131843749999992 0.041448093749999956
1 0.7184815811892178 0.5664525383301872 0.04079018750000003 0.06957358593749996
1 0.5697468125 0.63356371875 0.251649140625 0.12829171874999998
1 0.6276425625 0.5763258749999999 0.12730485937500002 0.07253416406249995
2 0.345729734375 0.6192542578125 0.037171703125000025 0.15098948437499998
