1 0.391125265625 0.5807667421875 0.07697503124999999 0.07845532031250002
1 0.5602049514636103 0.614813390625 0.011018819481805171 0.01282584125791555
1 0.625997796875 0.6207345468750001 0.033224265625000034 0.006908015625000008
1 0.551654390625 0.614813390625 0.011513359374999983 0.011348882812499994
1 0.529943484375 0.5965564921875 0.039803328124999975 0.049836398437499964
1 0.5883293334454156 0.5898935260977078 0.041284727393194845 0.06414585937500003
1 0.4549421718750001 0.5980367812499999 0.05329040625000001 0.041448093749999956
1 0.4881664375 0.6034645078125 0.02861892187500003 0.03108607031249999
1 0.65724834375 0.59803678125 0.02171090625000005 0.054277265625000036
1 0.6273106488264805 0.5921122943829156 0.05641213032041558 0.0668536165249285
