1 0.7321263242449095 0.6238184735555546 0.23951898409212877 0.10843116850833283
2 0.9335689687499998 0.5437595156249999 0.00953964062499999 0.032566359374999986
2 0.729179429276354 0.5666217545229687 0.013158124999999998 0.023849108141562513
2 0.8243565312499999 0.5610295546875 0.013158124999999998 0.045395531249999975
2 0.7674476406249998 0.5595492656250001 0.00953964062499999 0.02565834374999998
1 0.6118528125 0.6034645078125 0.10921243749999997 0.04736925000000003
1 0.9013315460521792 0.5857010390624999 0.12039689309346216 0.07993560937500002
2 0.8024661991219636 0.5569923957255821 0.014952417871963537 0.0329700676005821
1 0.20370422265625 0.9669078417968748 0.4074084453125 0.06618431640625015
1 0.9743425789241466 0.6500818758757109 0.05131484215170694 0.31666438498885885
1 0.23867605400651412 0.6331628056833123 0.09605431249999997 0.04884953906250002
1 0.7097076171875 0.8370124765625 0.5805847656249999 0.3259750468750001
2 0.6095501406249999 0.599023640625 0.017105562499999987 0.07401445312500003
1 0.08676138671875 0.77369775 0.1735227734375 0.18306241406250007
1 0.116778359375 0.6380045859375 0.113488828125 0.05575755468750003
