1 0.6519850937499999 0.5225420390625 0.02532939062500006 0.016776609375000008
1 0.63751115625 0.5195814609375 0.007894874999999975 0.006908015625000008
1 0.054606218750000005 0.5595492656250001 0.026645203125000006 0.0379940859375
1 0.668103796875 0.525996046875 0.04243495312500004 0.02516491406250001
2 0.007565921875 0.5304369140624999 0.007565921875 0.007401445312499977
1 0.6408006875 0.5195814609375 0.003947437499999987 0.008881734374999973
1 0.607576421875 0.5225420390625001 0.004605343749999946 0.006908015625000008
1 0.65987996875 0.5955696328125001 0.08125142187499997 0.09079106250000005
1 0.6069185156249998 0.5205683203125 0.005921156249999981 0.006908015625000008
1 0.59014190625 0.5368514999999999 0.020724046874999996 0.023191195312499958
1 0.5954051562500001 0.5225420390625 0.00921068750000001 0.013816031250000017
1 0.6102080468750001 0.525996046875 0.00921068750000001 0.01282917187499999
1 0.5855365625 0.5205683203125 0.006579062500000058 0.006908015625000008
4 0.422046859375 0.5580689765625 0.024013578125000025 0.037007226562499974
