1 0.559549265625 0.43520498437500005 0.024013578125000025 0.04884953906250002
1 0.38125667187499995 0.371059125 0.011842312500000023 0.009868593749999998
1 0.5842207499999998 0.44408671875000005 0.058553656249999975 0.06908015625
2 0.5098773437499999 0.3399730546875 0.003289531250000029 0.014309460937499985
1 0.3631642499999999 0.4011583359375 0.03125054687499998 0.037994085937499956
1 0.484219 0.34441392187500003 0.00921068750000001 0.011842312500000007
1 0.441126140625 0.3434270625 0.008552781249999994 0.00789487499999999
1 0.49244282812499995 0.3350387578125 0.006579062499999999 0.006908015625000008
1 0.5539570871721011 0.41201408512771415 0.03190840378079767 0.040954664062500035
1 0.46842924999999996 0.35428251562499996 0.013158124999999998 0.01578974999999998
1 0.46579762499999994 0.35132193749999996 0.011842312500000023 0.013816031250000017
1 0.555272899672101 0.4305178279374953 0.02039501973369641 0.045888960937500035
1 0.547049046875 0.4035275831001927 0.02848726589521977 0.03483602384282958
1 0.4697450625000001 0.355269375 0.011842312500000023 0.01282917187499999
1 0.5157985 0.3389861953125 0.008552781249999994 0.013816031250000017
1 0.49967979687499997 0.3379993359375 0.010526499999999987 0.011842312500000007
1 0.4509950501257949 0.33865862359722765 0.00921068750000001 0.01282917187499999
1 0.46250809375 0.3671116875 0.039803328124999975 0.01776346874999999
1 0.7885006406249999 0.5077391484374999 0.20164826562500007 0.09473849999999998
1 0.3746776093749999 0.39030288281250003 0.02203985937499997 0.030099210937499964
1 0.48290318750000005 0.5037917109375 0.100330703125 0.1376668828125
1 0.4592185625 0.374019703125 0.018750328125 0.018750328125000014
1 0.48224528125 0.3379993359375 0.007894874999999975 0.009868593749999998
1 0.46974506250000003 0.3389861953125 0.007894874999999975 0.006908015625000008
1 0.39934909375 0.39425032031249996 0.04671134375000001 0.08684362500000002
1 0.2802680625 0.37698028125 0.02861892187499997 0.032072929687500015
