1 0.010444261718749999 0.5664572812499999 0.020888523437499997 0.08092246874999995
1 0.4776399375 0.5412923671875001 0.024013578125000025 0.011842312499999962
1 0.689156796875 0.5906353359375001 0.11940998437500004 0.09819250781250002
1 0.04325637692405901 0.5284629781773813 0.0366772420456861 0.026151773437500036
1 0.593760390625 0.5955696328125 0.11743626562500005 0.08092246875000005
1 0.413494078125 0.5472135234375 0.053948312500000026 0.037007226562499974
1 0.62698465625 0.5393186484375001 0.04407971875000006 0.014802890625000042
1 0.404941296875 0.5245157578125001 0.024671484374999983 0.006908015625000008
1 0.5075746718749999 0.514153734375 0.02203985937499997 0.011842312499999962
1 0.2630528379930098 0.5220485847030222 0.05197462006677632 0.014802890625000042
1 0.43224440625 0.654287765625 0.298360484375 0.1939178671875
1 0.44375776562499997 0.5531346796875 0.11019929687500003 0.03108607031249999
1 0.214806390625 0.50329828125 0.036842750000000014 0.021217476562499994
1 0.034540078125 0.5363580703124999 0.025987296874999996 0.010855453125000025
2 0.6322479062500002 0.5314237734375 0.005592203125000002 0.008388304687500004
1 0.81777746875 0.6064250859375 0.166779234375 0.14309460937500001
1 0.7003412031249998 0.6074119453125 0.11151510937499995 0.10016622656249999
1 0.0277965390625 0.5072457187499999 0.055593078125 0.021217476562499994
1 0.9769820312499999 0.57435215625 0.04603593749999994 0.037007226562499974
1 0.9398925664062501 0.632576859375 0.1202148671875 0.11792969531250001
1 0.12072579687499999 0.577312734375 0.24145159374999997 0.14704204687499994
1 0.32566359375 0.5205683203125 0.04342181249999998 0.024178054687499985
1 0.51514059375 0.5422792265624998 0.061514234375000025 0.033059789062499956
1 0.4848769062500001 0.514153734375 0.009868593750000028 0.011842312499999962
1 0.53093034375 0.5472135234375 0.027961015624999953 0.03108607031249999
1 0.259544015625 0.6074119453125 0.269412609375 0.16529894531249995
1 0.6592220625 0.5294500546875 0.03125054687500004 0.024178054687499985
1 0.5644835624999999 0.50329828125 0.031908453125 0.0029605781249999906
1 0.5139066236932186 0.5565886258109563 0.04087262627064258 0.024918152951967087
1 0.505600953125 0.5324106328125 0.04802715624999999 0.026151773437500036
1 0.6397041233532483 0.5628387804270147 0.06809331003338812 0.04062572738548518
1 0.7641579596901017 0.5324105045111587 0.04687583100427849 0.021217476562499994
1 0.6158002499999999 0.514153734375 0.022697765624999987 0.023191195312499958
1 0.5137421954859505 0.5407988412739939 0.06348795312500002 0.030592608549664658
1 0.9707406718749998 0.5595492656250001 0.04013228124999995 0.026151773437500036
1 0.6828516791150252 0.5253380460400994 0.046382428458960234 0.030757155021460304
