1 0.842448953125 0.5013245625 0.018092421875000042 0.013816031250000017
1 0.04144809375 0.4643173359375 0.016118703125000005 0.014802890625000042
1 0.30428164062499996 0.47615964843749997 0.010526499999999987 0.010855453125000025
1 0.0241780546875 0.5452398046875 0.048356109375 0.06019842187500002
1 0.32007139062500006 0.47517278906250004 0.03059264062500002 0.010855453125000025
1 0.017434515624999994 0.5452398046875 0.033224265625 0.063159
1 0.9401935699743211 0.5391484478863985 0.08602679738644123 0.04799866289923802
1 0.5157985 0.5363580703124999 0.12006789062499999 0.06513271874999997
1 0.8749243242187499 0.64145859375 0.25015135156250007 0.208227328125
1 0.39079631249999996 0.563496703125 0.10000175000000003 0.06908015625
1 0.10386694921874999 0.6355374375 0.20773389843749998 0.11792969531250001
1 0.46886785416666665 0.49704817187500006 0.054606218749999984 0.020888523437499983
1 0.38158562499999993 0.784553203125 0.38948049999999995 0.3794474296875
1 0.7531050422606576 0.5343843515625 0.07743558667842111 0.027138632812499973
1 0.2381620625 0.5052719999999999 0.08421200000000001 0.04391524218749998
1 0.735210234375 0.5102062968750001 0.027303109375000054 0.023191195312499958
1 0.7871848281249999 0.5215551796875 0.05263249999999999 0.036020367187500034
1 0.44441567187500003 0.5255026171874999 0.05789575000000002 0.03996780468749996
1 0.11213149972037674 0.8000052931712123 0.22426299944075348 0.39998941365757545
1 0.11217301562500001 0.49441654687500003 0.13355496875000003 0.11891655468750004
1 0.7989175512339831 0.5069166610869417 0.02324587340786633 0.018092345481803475
1 0.504943046875 0.5753390156250001 0.19079281250000005 0.063159
1 0.9605431249999999 0.583233890625 0.07730398437499998 0.06513271874999997
1 0.638498015625 0.729289078125 0.34145334374999997 0.28816293749999994
1 0.6837289296852734 0.6061784044001984 0.15806195929248973 0.13717345312500004
1 0.8620764603415447 0.5376739047438414 0.06655818960211377 0.01990167502817073
