2 0.39704642187499994 0.610865953125 0.04835610937499997 0.16381865624999997
2 0.518430125 0.5407989375 0.021052999999999975 0.06957358593749996
2 0.5108642031249999 0.614813390625 0.039803328124999975 0.15246977343749996
2 0.5671151875 0.607905375 0.032237406249999975 0.14802890624999998
2 0.6144844375 0.61777396875 0.035197984375000026 0.15246977343749996
2 0.8263302499999999 0.6518206171874998 0.09769907812499999 0.2432608359375
2 0.65987996875 0.5452398046874999 0.024671484374999983 0.06957358593749996
2 0.6427744062499999 0.6389914453125 0.05131668749999996 0.16776609374999998
2 0.456915890625 0.5309303437499999 0.017105562499999987 0.06957358593749996
2 0.69409109375 0.54672009375 0.025658343750000038 0.08536333593750003
2 0.206911515625 0.67303809375 0.06644853125000001 0.2407936875
