1 0.5000087499999999 0.7554408515625 0.4657976249999999 0.4179349453124999
1 0.18092421875 0.492442828125 0.057237843749999996 0.04292838281250004
1 0.4105335 0.44556700781250014 0.02861892187500003 0.020724046875000023
1 0.2149708671875 0.9963902656249999 0.429941734375 0.007219468749999969
1 0.549680671875 0.5452398046875 0.11447568750000006 0.03157949999999996
1 0.5324444429388354 0.4708299217021234 0.08585676562499997 0.03937523165558225
1 0.5199598338344641 0.4472198820608037 0.06130033804053584 0.03787078088145277
1 0.3855330625 0.4539553125000001 0.06908015625000002 0.023684625000000015
1 0.23421462499999995 0.5008311328125 0.07664607812499999 0.04835610937499997
1 0.4282241523278216 0.4519261590743107 0.04704029687499999 0.03166182965447835
2 0.990477859375 0.5240223281249999 0.014144984375000055 0.05279697656249995
1 0.32763731249999994 0.516127453125 0.09868593749999999 0.06661300781249997
1 0.562838796875 0.45395531250000004 0.07368550000000003 0.05378383593749998
1 0.83685675 0.7797746328124999 0.324676734375 0.44045073437500004
1 0.45658693749999996 0.44951444531249996 0.049671921875000004 0.036020367187500034
1 0.620734546875 0.45642246093749994 0.04802715625000005 0.04835610937499997
1 0.6266603945540029 0.49354987820729795 0.07368549999999997 0.033428805756599275
1 0.14210775 0.45938303906249994 0.04243495312499999 0.049836398437499964
1 0.4880063176762354 0.45024924293712 0.05986946875000001 0.041448093749999956
1 0.45560007812500003 0.5407989375 0.10065965624999998 0.04835610937499997
