2 0.3139674868623954 0.5324928718247415 0.00948481461683901 0.037089465574741534
2 0.7465179198709656 0.5393186484375 0.013774938168011511 0.051501919072586055
2 0.32421648847939555 0.5353712109375 0.01072393844716822 0.03848751562499997
1 0.16250284375 0.6088922343750001 0.107896625 0.09819250781250002
1 0.615471296875 0.5659638515625 0.08486990624999997 0.10213994531249995
1 0.404941296875 0.4993508437500001 0.013816031250000017 0.023684625000000015
1 0.491784921875 0.5896484765624999 0.18278046929567965 0.3407837117560194
1 0.03051040234375 0.6518206171875 0.0610208046875 0.12434428124999997
1 0.255596578125 0.5383317890624999 0.04243495312499999 0.03059264062500002
1 0.24276740624999996 0.5422792265624999 0.024013578124999994 0.03059264062500002
1 0.6615247343750001 0.52698290625 0.04243495312500004 0.03454007812500004
1 0.6769855312499999 0.5659638515625 0.06365245435750412 0.07130061204675373
1 0.7500131250000001 0.5230354687500001 0.07204073437499996 0.04292838281250004
1 0.39013840625 0.5407989375 0.03519798437499997 0.04292838281250004
1 0.697380625 0.529943484375 0.032237406249999975 0.024671484375000042
1 0.39474375000000006 0.516127453125 0.021381953125000012 0.008388304687500004
1 0.7994001513192395 0.6236294679299687 0.14419127878567709 0.12694317311139064
