1 0.5171143125 0.5167358933739881 0.012450752748987999 0.03214712868901799
1 0.48439315562689306 0.48550577530682093 0.016931406873107 0.026151773437500036
1 0.54935171875 0.547706953125 0.04046123437500005 0.054109501131936
1 0.4227404338141792 0.5077391484375 0.010744478846268812 0.024671484375000042
1 0.5301981602728901 0.5240223281249999 0.030263687500000042 0.04391524218749998
1 0.416783609375 0.5092194375 0.014802890625000013 0.026151773437500036
1 0.4011912437501771 0.5284631953125001 0.012829171875000019 0.026151773437500036
1 0.318426625 0.5807667421875 0.06250109375000003 0.05378383593749998
1 0.5023114218749999 0.506258859375 0.006321235429861775 0.016776609375000008
1 0.5038525454308913 0.5047785703125001 0.013383436055891273 0.01924375781250003
1 0.9824027889953556 0.6270655070067679 0.03519442200928869 0.06554252263176794
1 0.39934909375 0.5171143124999998 0.0332681252375617 0.03710591069076381
1 0.50329828125 0.5008311328125 0.013816031250000017 0.01924375781250003
1 0.34425727898183317 0.5583039409022503 0.05922722983866624 0.07056044531249998
1 0.5552751265495712 0.55856240625 0.0410560518594855 0.0449054788868569
1 0.580602265625 0.5945827734375 0.06085632812499995 0.07154730468750001
1 0.507903625 0.506258859375 0.015991612046998917 0.018217658355747623
1 0.453626359375 0.5023114218750001 0.02500043750000002 0.023684625000000015
1 0.500337703125 0.4939231171875001 0.011842312500000023 0.01315039875796531
1 0.43619184375 0.506258859375 0.012829171875000019 0.016776609375000008
2 0.5672796321541107 0.5122293298761995 0.0101317945400672 0.03404664843749998
1 0.297044671875 0.5876747578125 0.06447481249999999 0.026151773437500036
1 0.45066578124999995 0.48849539062499997 0.012829171875000019 0.010855453125000025
1 0.416783609375 0.5131668749999999 0.00921068750000001 0.029297399799744373
1 0.4788798450590825 0.5385594682066003 0.03448944708099214 0.04148602243469055
1 0.303623734375 0.6607023515624999 0.25033332812500003 0.12977200781249998
1 0.43291962951281454 0.5077391484374999 0.012777220836556443 0.012803196355778201
1 0.439810328125 0.49935084374999994 0.011184406250000004 0.009868593749999998
1 0.5377693847995241 0.538721756886786 0.03881116216587343 0.05142014936321395
1 0.483890046875 0.49540340625 0.01406245425787104 0.01529632031250001
1 0.382572484375 0.589155046875 0.07269864062499996 0.10460709374999996
2 0.8118563125 0.6064250859375001 0.033224265625000034 0.09375164062500004
1 0.3792004230078709 0.5342605563868065 0.02878320388024734 0.028987389043290613
2 0.4539553125 0.6162936796875 0.020066140624999975 0.10115308593750001
1 0.56316775 0.5723784375000001 0.05596073049078048 0.06568419729867081
1 0.38737922887155213 0.5275871084896564 0.026443802378447855 0.03059264062500002
1 0.514153734375 0.5077391484375 0.014222677256463416 0.02220433593750002
