1 0.4597245800345692 0.6329557466129764 0.12077614826327666 0.11842312499999999
1 0.264149359375 0.5837273203125 0.07533026562500002 0.06069185156249999
1 0.025658343750000003 0.5992701556956517 0.05115207775543446 0.07845532031250002
1 0.38092771875 0.6000105 0.09671221875 0.09128449218750001
1 0.22434603125 0.5708981484375 0.03223740625000001 0.03996780468749996
1 0.021053112950361948 0.5643172787317088 0.042106225900723895 0.020229261783156628
1 0.012171265625 0.6454060312500001 0.02434253125 0.09917936718749995
1 0.179279453125 0.5546149687499999 0.029276828124999987 0.01924375781250003
1 0.18684537499999998 0.5706514798542865 0.066119578125 0.04687582031249997
1 0.317439765625 0.5918686772382514 0.07779737171377299 0.066119578125
