1 0.10000174999999999 0.5605361249999999 0.069409109375 0.06019842187500002
1 0.23355671875 0.5472135234375 0.021381953125000012 0.01578974999999998
1 0.23092509374999998 0.5373449296875 0.031250546875000014 0.014802890625000042
1 0.356914140625 0.5403055078125 0.02203985937500003 0.021217476562499994
1 0.445073578125 0.5274763359375 0.005263250000000023 0.004934296875000044
1 0.156252734375 0.5595492656250001 0.04868506250000001 0.04884953906250002
1 0.19145071875 0.565470421875 0.051316687499999986 0.044902101562500005
1 0.544417421875 0.57435215625 0.12204160937499993 0.05723784375000003
1 0.3049395468750001 0.5333974921875 0.021381953125000012 0.005921156249999981
1 0.2486885625 0.5383317890624999 0.02467148437500001 0.011842312499999962
1 0.27829434375 0.5304369140625 0.03947437499999999 0.013816031250000017
1 0.457573796875 0.5373449296875 0.021381953125000012 0.02516491406250001
1 0.263491453125 0.571391578125 0.14276565624999998 0.07993560937500002
1 0.22072754687499999 0.5482003828125 0.02467148437500001 0.020230617187499966
1 0.42632325 0.5304369140625 0.007236968750000017 0.007894875000000034
1 0.3855002056754005 0.532015877220069 0.017368723026261534 0.020131928289392233
1 0.4512907997863855 0.5248118123683347 0.006118525953889827 0.005921156249999981
1 0.39638851562499994 0.577312734375 0.174674109375 0.07796189062499996
1 0.8568136102149732 0.5789574868414802 0.19276653125000004 0.08519885279574009
1 0.4664349818095992 0.5238784010029007 0.003289531250000029 0.003947437500000017
1 0.4621791406250001 0.5245157578125 0.004605343750000005 0.004934296875000044
