1 0.31447918750000003 0.5827404609375 0.03421112500000003 0.033059789062500046
1 0.6019842187499999 0.5620164140624999 0.020724046874999996 0.016283179687500038
1 0.3016505040520107 0.5681849844949245 0.009210554292633392 0.010362289852233175
1 0.50592990625 0.5560952578125 0.017105562499999987 0.01529632031250001
1 0.4750083125 0.5649769921874999 0.011513359374999983 0.02171090624999996
1 0.90198946875 0.5304369140625 0.004276390624999967 0.00937516406250003
1 0.34803240625000004 0.5733652968749999 0.01578975000000001 0.016283179687500038
1 0.47698203125 0.5600426953125 0.01907928124999998 0.023684625000000015
1 0.42698115624999994 0.5600426953125 0.008881734374999973 0.012335742187500021
1 0.4365207968749999 0.5590558359375001 0.004934296874999984 0.00937516406250003
1 0.8529754531250001 0.549680671875 0.05822470312499999 0.03996780468749996
1 0.43224440625 0.551654390625 0.01644765625000003 0.023684625000000015
1 0.926003046875 0.525996046875 0.008881734375000032 0.013322601562499958
1 0.487837484375 0.5580689765625 0.012500218749999981 0.018750328124999972
1 0.7891585468750001 0.5412923671875 0.02203985937500003 0.018750328124999972
1 0.8329091562386712 0.5388254531419931 0.009539578120468543 0.012829218753398663
1 0.7529737031249998 0.5403055078125 0.021381953124999954 0.02171090624999996
1 0.6273136093749999 0.545733234375 0.020724046874999996 0.012335742187500021
1 0.7062623593749999 0.544746375 0.017105562499999987 0.017270039062499975
1 0.9431086093750001 0.5560952578125 0.04473762500000002 0.0379940859375
1 0.5855365625 0.5610295546875 0.02532939062499994 0.019737187499999996
1 0.4924429613323666 0.5558489758926914 0.005263205597544444 0.016283179687500038
1 0.5299434843749999 0.5580689765625001 0.018421374999999962 0.023684625000000015
1 0.38849364062499997 0.567444140625 0.01644765625000003 0.01529632031250001
1 0.418757328125 0.5639901328124999 0.013158124999999998 0.013322601562499958
1 0.5194169843750001 0.5496806718750001 0.004276390625000026 0.003947437500000017
1 0.45560007812500003 0.5817536015624999 0.04671134375000001 0.057731273437499994
1 0.50724571875 0.5570821171875 0.013816031250000017 0.013322601562499958
1 0.50592990625 0.5600426953125 0.01578975000000001 0.019737187499999996
1 0.36513796875000004 0.5733652968749999 0.025329390625 0.024671484375000042
1 0.487837484375 0.5600426953125 0.006908015624999978 0.016283179687500038
