1 0.28882084375 0.5304369140625 0.017763468750000004 0.019737187499999996
1 0.1750030625 0.52106175 0.008223828125000015 0.013322601562499958
1 0.687183078125 0.5477069531250001 0.0618431875 0.020724046875000023
1 0.7440919687499999 0.5590558359375 0.069409109375 0.024671484375000042
1 0.28355759375 0.520074890625 0.003289531250000029 0.004934296875000044
1 0.977310984375 0.5733652968749999 0.045378031249999985 0.04440867187500004
1 0.5306013906249999 0.5373449296875 0.018421374999999962 0.01529632031250001
1 0.85988346875 0.5649769921875001 0.11612045312500001 0.04342181250000001
1 0.15427901562500004 0.5230354687500001 0.020066140625000006 0.023684625000000015
1 0.16546342187500002 0.5250091875 0.007565921874999996 0.014309460937499985
