1 0.5171143125000001 0.5630032734375 0.05690889062500002 0.06365242968749998
2 0.665472171875 0.529943484375 0.006250109374999961 0.03108607031249999
1 0.269412609375 0.5585624062500001 0.08289618749999998 0.0774684609375
1 0.347703453125 0.5669507109375 0.08289618749999998 0.09128449218750001
1 0.08092246875000002 0.5906353359375001 0.12960753125000002 0.10756767187499996
1 0.456257984375 0.5393186484374999 0.04144809374999999 0.04687582031249997
2 0.68619621875 0.5407989375 0.011842312499999962 0.04440867187500004
1 0.43882346875 0.5338909218750001 0.014802890625000013 0.03454007812500004
1 0.13881821875 0.5215551796875 0.060856328125000005 0.05674441406249997
1 0.548364859375 0.5353712109375 0.033224265625000034 0.04391524218749998
1 0.43323126562500003 0.686854125 0.18125317187499998 0.2097076171875
1 0.4931095494490749 0.5324106328125 0.024835348779578107 0.029112351562500027
1 0.06350240005195609 0.5208155860983796 0.06349138120936246 0.049836398437499964
1 0.664156359375 0.5324106328125 0.008223828124999954 0.010855453125000025
1 0.514153734375 0.52698290625 0.01644765625000003 0.01924375781250003
1 0.5950762031249999 0.5546149687499999 0.04769820312499995 0.05674441406249997
1 0.40954664062499996 0.5477069531249998 0.060856328125000005 0.06908015625
1 0.02113523828125 0.5092194375 0.0422704765625 0.05674441406249997
1 0.9627548085937501 0.6728237480468751 0.07449038281250005 0.65435250390625
1 0.47797746083590614 0.5304383832415124 0.01710654195267498 0.030346844018132833
