1 0.8513007993356876 0.5214206829480942 0.0805038511320627 0.03297012456956274
1 0.68619621875 0.5181643213317304 0.07998151519729338 0.04835610937499997
1 0.960214171875 0.5003377031249998 0.01907928124999998 0.010362023437499968
1 0.176318875 0.5798693880243655 0.09802803124999998 0.10527953386123094
1 0.45790274999999997 0.7421182500000001 0.2709258091473619 0.3510751937861962
1 0.6087668475336917 0.5259020067440187 0.056783503783691694 0.04095466406249999
1 0.8790285617427028 0.5107984177794258 0.01562522944228526 0.006414585937500039
1 0.802974578125 0.5250091875 0.03651379687499994 0.026645203125000006
1 0.7569211406249998 0.52106175 0.06579062499999999 0.037007226562499974
1 0.7940928437499999 0.52698290625 0.017763468749999945 0.024671484375000042
1 0.29331664611156805 0.524351445729852 0.020943294131715955 0.02023098726716723
1 0.5175529232449398 0.5764081182149549 0.1144208586900301 0.10707424218749999
1 0.971069625 0.520074890625 0.04605343750000005 0.03404664843749998
1 0.49014015624999996 0.5136603046874999 0.005592203125000002 0.010362023437499968
1 0.990477859375 0.49540340625 0.013158124999999998 0.010362023437499968
1 0.507903625 0.5304369140625 0.069409109375 0.037007226562499974
1 0.957582546875 0.49244276276599114 0.01907928124999998 0.016529861851745587
1 0.33224265625 0.5876747578125 0.06860728547105115 0.09079106249999995
1 0.09613655078125 0.760868578125 0.1922731015625 0.2812549218749999
1 0.27303109375 0.624681984375 0.12631799999999996 0.14506832812499998
1 0.09539640625 0.6113593828124999 0.150989484375 0.11200853906250004
1 0.95593778125 0.505272 0.010855453125000025 0.012335742187500021
1 0.33224265625 0.5324106328125 0.032895312499999996 0.03108607031249999
1 0.9047150901585963 0.5209207553871055 0.03308330531719257 0.026645203125000006
1 0.629287328125 0.5279697656250001 0.08717257812499994 0.04342181250000001
1 0.55461496875 0.5166208828125 0.022697765624999987 0.024671484375000042
1 0.986859375 0.5087260078125 0.01907928124999998 0.016283179687500038
