1 0.3471689474717568 0.5811985209193435 0.026151765213713023 0.03324486528627411
1 0.15855540625 0.5837273203125 0.03782960937500001 0.03404664843749998
1 0.467442390625 0.5580689765625 0.008223828125000015 0.007401445312499977
1 0.28553131249999997 0.593102484375 0.00625010937500002 0.01529632031250001
1 0.4531021169759327 0.5599810043043771 0.007586485544374296 0.0040553967642148695
1 0.4349230523465156 0.5600426953125 0.008223828125000015 0.007401445312499977
2 0.408230828125 0.6064250859375 0.01907928124999998 0.075988171875
1 0.44943262648843 0.5658403090859867 0.01241775840318405 0.012335742187500021
1 0.18125317187499998 0.6093856640624999 0.0667304524002223 0.06463928906250001
1 0.32467683634588007 0.5847141796875001 0.023684574014559995 0.023684625000000015
1 0.216780109375 0.6054382265625 0.014473937500000004 0.04095466406249999
1 0.9231364577403696 0.59803678125 0.04708728302889125 0.03728918102166849
1 0.48882434375000006 0.5580689765625001 0.008077630391127558 0.010471696409265352
1 0.30625552055612126 0.593102484375 0.030044242144558867 0.029934546330358545
1 0.2355304375 0.600997359375 0.027303109374999992 0.03404664843749998
1 0.022697765624999998 0.644419171875 0.045395531249999996 0.06365242968749998
1 0.116778359375 0.6177739687499999 0.07072492187499999 0.057731273437499994
1 0.2655478296134301 0.6005037816437894 0.04704000078757877 0.04736925000000003
2 0.39934909375 0.62172140625 0.010855453125000025 0.03898094531250003
