1 0.39737537500000003 0.5699112890625001 0.07039596875 0.09375164062500004
1 0.53487778125 0.5309303437499999 0.013816031250000017 0.01578974999999998
1 0.42106 0.54277265625 0.00921068750000001 0.016776609375000008
1 0.47171863159017163 0.5353713231823714 0.021217588807371256 0.028372263153685663
1 0.23618834374999997 0.6093856640624999 0.100330703125 0.09276478125000001
1 0.5080135037347708 0.524433604916164 0.006140523388505947 0.005921156249999981
2 0.959556265625 0.6074119453125 0.026645203124999975 0.10065965625000003
1 0.49046910937500005 0.545733234375 0.021381953125000012 0.023191195312499958
2 0.3790194456410415 0.5314237734375 0.0053290706236050886 0.010756722189592338
1 0.4532968147348807 0.545733234375 0.03168927237810137 0.04161275231715207
2 0.8299487343749999 0.5837273203125001 0.021381953124999954 0.07697503125000002
2 0.3727038906249999 0.5314237734375 0.004934296874999984 0.007401445312499977
1 0.429941734375 0.5437595156249999 0.019408234375000017 0.0281254921875
2 0.96909590625 0.6074119453125 0.027303109375000054 0.11003482031249998
1 0.48568418324362195 0.5303022741499431 0.011842312500000023 0.01740467897505695
2 0.6967227187499999 0.5600426953125 0.01578974999999995 0.05329040625000001
1 0.5368514999999999 0.539812078125 0.017434515625000025 0.02516491406250001
1 0.528956625 0.5195814609375 0.007894874999999975 0.006908015625000008
1 0.551654390625 0.5437595156249999 0.027303109375000054 0.032072929687500015
1 0.5115221093749999 0.545733234375 0.048685062499999945 0.018750328124999972
1 0.5809312187500001 0.55066753125 0.04671134375000001 0.06167871093750001
1 0.504943046875 0.5329040624999999 0.020724046874999996 0.009868593749999998
1 0.496390265625 0.5185946015624999 0.003947437499999987 0.003947437500000017
2 0.9875172812499999 0.600997359375 0.022697765624999987 0.10707424218749999
1 0.5073552162901859 0.6431030304432557 0.13432212584137762 0.18125269492397056
1 0.441126140625 0.5388252187500001 0.008552781249999994 0.020724046875000023
1 0.3746776093749999 0.5565886874999999 0.03125054687499998 0.05082325781249999
1 0.5700757754942352 0.525996046875 0.002631624999999952 0.005921156249999981
1 0.488495390625 0.5195814609374999 0.007894874999999975 0.009868593749999998
4 0.5592203125 0.5230354687500001 0.004934296875000044 0.012335742187500021
2 0.851659640625 0.5876747578125 0.022697765624999987 0.07204073437499998
