2 0.8414620937499999 0.504285140625 0.017105562499999987 0.03108607031249999
1 0.5965997459166734 0.5169845513124798 0.022490035333326594 0.012335742187500021
2 0.6000105 0.5097128671875 0.006250109374999961 0.007401445312499977
1 0.76119753125 0.5551083984374999 0.04111914062500001 0.04736925000000003
2 0.8086720944612735 0.5101273119665448 0.006908015625000038 0.019164772904044815
2 0.7974582971477093 0.5136603046875 0.006908015625000038 0.011652528554930264
1 0.608892234375 0.5496806718750001 0.04868506250000001 0.066119578125
1 0.500337703125 0.6631694999999999 0.22039859375000007 0.33158474999999993
1 0.6911305156249999 0.6064250859375 0.15789749999999997 0.17812811718749993
1 0.5017762313409356 0.4697118167472586 0.17763468750000003 0.08980420312500001
1 0.36382215625000003 0.5240223281249999 0.10427814062499999 0.06908015625
1 0.833238265625 0.5931024843749999 0.14769995312500003 0.15148291406250003
1 0.9210270998629614 0.6730380213819206 0.15794580027407717 0.18108869531250002
