1 0.7934349375000002 0.5630032734375 0.10625185937500005 0.05970499218749996
1 0.32796626562500003 0.571391578125 0.056250984375 0.07105387500000004
1 0.3802698124999999 0.528956625 0.014473937499999975 0.006414585937500039
1 0.483890046875 0.5314237734375 0.013158124999999998 0.017270039062499975
1 0.483890046875 0.5383317890624999 0.011513359374999983 0.02565834374999998
1 0.39244107812499995 0.52698290625 0.01644765625000003 0.003947437500000017
1 0.560207171875 0.5931024843749999 0.08026456249999997 0.09769907812499996
1 0.4592185625 0.5314237734375 0.01907928124999998 0.010362023437499968
1 0.42270476562500003 0.5314237734375 0.01907928124999998 0.010362023437499968
1 0.38421724999999995 0.5847141796874998 0.084540953125 0.10065965624999995
1 0.9927717812499999 0.5230354687500001 0.014456437500000046 0.0379940859375
1 0.6171160625 0.5343843515625 0.07138282812499999 0.04835610937499997
1 0.7536316093750001 0.5393186484374999 0.135199734375 0.06908015625
1 0.42270476562500003 0.52698290625 0.01644765625000003 0.012335742187500021
1 0.5861944687499999 0.5240223281249999 0.01907928124999998 0.024671484375000042
1 0.17302934375 0.571391578125 0.07006701562500002 0.054770695312500006
1 0.39605956249999996 0.5393186484374999 0.03486903124999999 0.013322601562499958
1 0.15033157812499998 0.5580689765625 0.020724046874999996 0.024671484375000042
1 0.41941523437500006 0.5383317890624999 0.03092159375 0.017270039062499975
1 0.5634027328986375 0.7968889453125 0.2547036889763625 0.32418330468750006
1 0.9444244218749999 0.5240223281249999 0.06250109374999996 0.036020367187500034
1 0.453626359375 0.5559308503280839 0.04824648464879389 0.049013976151809226
1 0.691788421875 0.5393186484375 0.049342968749999966 0.04243495312499999
1 0.3573253299753032 0.5279080576168214 0.01521407175151624 0.005489397563637155
1 0.8565939374999999 0.5733652968749999 0.14342356249999993 0.0843764765625
1 0.439810328125 0.525338239307977 0.01907928124999998 0.00904628988388163
1 0.29572885937500004 0.5600426953125 0.036513796875000004 0.04835610937499997
1 0.44145509374999997 0.5314237734375 0.01644765625000003 0.010362023437499968
1 0.3631642499999999 0.5447463749999999 0.038487515624999996 0.013322601562499958
1 0.6631695 0.5190880312499999 0.011513359374999983 0.013322601562499958
1 0.3335584687499999 0.52698290625 0.04243495312499999 0.024671484375000042
1 0.5285180233918747 0.5306836461764043 0.07894874999999998 0.09901488294937595
1 0.596392015625 0.5190880312500001 0.008881734375000032 0.006414585937500039
1 0.492113875 0.6434323125000001 0.11250196875 0.13569316406250004
1 0.7177757187499999 0.5166208828125 0.01644765625000003 0.014309460937499985
1 0.435862890625 0.5763258749999999 0.04736924999999997 0.06365242968749998
1 0.6575772968749999 0.5176077421875 0.008223828124999954 0.012335742187500021
2 0.99672796875 0.502311421875 0.004934296875000044 0.004934296875000044
