2 0.437178703125 0.49293625781249994 0.0026316250000000116 0.011348882812499994
1 0.52106175 0.49836398437499996 0.008223828125000015 0.008388304687500004
1 0.11250196875 0.5210618042797083 0.016447656249999998 0.014309460937499985
1 0.49277178125 0.4939231171875001 0.010855453125000025 0.006414585937500039
1 0.23434620993426764 0.5110944813653029 0.01578975000000001 0.023684625000000015
1 0.18454270312499998 0.5649769921875 0.15033157812499998 0.08240275781249995
2 0.245727984375 0.6483666093749999 0.057566796875000006 0.16480551562499998
1 0.4821795285213096 0.4948113829972545 0.021381953125000012 0.01174361235138397
1 0.245727984375 0.5097128671875 0.01578975000000001 0.02220441735706231
1 0.47895574999999996 0.4987587849694643 0.01190808891388393 0.004934296875000044
1 0.3460586875 0.576325875 0.15592378124999998 0.095725359375
