1 0.558891359375 0.5388252187500001 0.029934734375000004 0.032072929687500015
1 0.8811078991293211 0.8118475625 0.23778420174135775 0.37630487500000004
1 0.3247339431912784 0.545733234375 0.058553656249999975 0.06365242968749998
1 0.463166 0.55066753125 0.04177704687499997 0.0478626796875
1 0.4454454343736848 0.5187233255219293 0.012042546528362348 0.009868593749999998
1 0.45658693749999996 0.52106175 0.012500218749999981 0.013816031250000017
1 0.7885006406249999 0.5916221953124999 0.22171440624999997 0.11990341406249998
1 0.7378418593750001 0.5718850078125 0.13585764062500008 0.08388304687500003
1 0.3842642288027598 0.5391071930722401 0.01193630394074668 0.018750353501420135
1 0.35899751626477094 0.543430584430391 0.02379427750369274 0.03519803591141901
1 0.6064250152111635 0.5565886875 0.0682577158695518 0.05773126356870888
1 0.14506832812499998 0.5985302109374999 0.22697765625 0.12878514843749994
1 0.40066490625 0.5496806718749999 0.03914542187500002 0.049836398437499964
1 0.41009488706124997 0.5282987154604688 0.012280918859687517 0.007236955591875027
