1 0.982582984375 0.5565886874999999 0.029934734375000004 0.06365242968749998
1 0.8158032098236963 0.5054363275483473 0.05986939424292359 0.045888960937500035
1 0.22434603125 0.5250091875 0.046053437499999995 0.03108607031249999
1 0.17763468749999997 0.6083988046875 0.26020192187499996 0.12977200781249998
2 0.36776959375 0.5847141796875 0.022697765624999987 0.05970499218749996
1 0.619418734375 0.5166208828125001 0.011184406250000004 0.032072929687500015
1 0.086514671875 0.53882521875 0.083883046875 0.04292838281249996
1 0.7458186275074273 0.5055185274772465 0.04868506250000001 0.026151773437500036
1 0.916134453125 0.725341640625 0.16645028125000003 0.27928120312499993
1 0.98775524609375 0.5106997265625 0.024489507812500002 0.04292838281249996
1 0.82830396875 0.4899756796875 0.035197984375000026 0.016776609375000008
1 0.8582387031249998 0.5546149687499999 0.10394918749999996 0.07302759375000001
1 0.6068079580805706 0.5797796592912708 0.12982710031702377 0.09671233051061456
2 0.34375601562499997 0.6009973593750001 0.033553218750000016 0.1337194453125
1 0.5954051562499998 0.5299434843750002 0.05526412499999995 0.017763468750000032
1 0.7710673478985121 0.5447472034151211 0.08651459297832176 0.07006701562500002
1 0.502311421875 0.64935346875 0.29408409375000005 0.22154992968750004
1 0.2713863281249999 0.545733234375 0.11579149999999998 0.08190932812499999
1 0.16513446874999999 0.5146471640625 0.07105387500000002 0.0379940859375
2 0.22664870312499996 0.5324106328125 0.024013578124999994 0.057731273437499994
1 0.19375339062499997 0.4736925 0.01940823437499999 0.004934296875000044
1 0.5809312187500001 0.4899756796875 0.035855890624999984 0.01282917187499999
1 0.019408234375 0.4909625390625001 0.035197984375 0.026151773437500036
1 0.35000612499999995 0.5057654296875 0.029276828124999987 0.032072929687500015
1 0.12434714509905515 0.5399366666527188 0.085198859375 0.04662915785623269
1 0.324676734375 0.5758324453125 0.09967279687499998 0.09276478125000001
1 0.17171353125 0.5437595156249999 0.10592290625 0.0379940859375
1 0.512837921875 0.5299434843749999 0.12697590624999996 0.049836398437499964
1 0.7013280625 0.5437595156249999 0.06250109374999996 0.07697503125000002
1 0.672709140625 0.5240223281249999 0.07796189062499993 0.06365242968749998
1 0.9381743124999999 0.5437595156249999 0.08651467187499999 0.08486990624999997
2 0.6720512343749999 0.54672009375 0.024013578125000025 0.08042903906249999
1 0.3986911875 0.5565886874999999 0.144410421875 0.09868593749999999
1 0.04942520703125 0.5644835625 0.0988504140625 0.09276478125000001
2 0.006332347656249999 0.6167871093749999 0.012664695312499998 0.14950919531249998
1 0.324676734375 0.5047785703125001 0.046053437499999995 0.023191195312499958
2 0.1950683254740063 0.5345486555531753 0.030482956712509602 0.03207295927124134
1 0.255596578125 0.5008311328125 0.055264125000000004 0.029112351562500027
