1 0.37181821226781037 0.5731375665194891 0.021989261907481666 0.023684625000000015
1 0.15993102411372065 0.5824713368007568 0.039863133488720684 0.03507843270889897
1 0.281254921875 0.5960630625000001 0.02828996874999999 0.03108607031249999
1 0.444744625 0.5590558359374999 0.008223828125000015 0.007401445312499977
2 0.261517734375 0.6093856640624999 0.02598729687499999 0.07006701562500002
1 0.5217196562499999 0.5630032734375 0.024671484375000042 0.01529632031250001
1 0.183884796875 0.6093856640624999 0.063159 0.06365242968749998
1 0.045395531249999996 0.6281359921874999 0.090462109375 0.05970499218749996
1 0.498363984375 0.5580689765625001 0.008223828125000015 0.011546314288561366
1 0.3375059501118787 0.5817536015624999 0.01195201325179589 0.014309487254627218
1 0.22928032812500002 0.6024776484375 0.03092159375 0.03898094531250003
1 0.9221104339820807 0.5968854480537578 0.04676617383959633 0.03585589336625779
1 0.484876903782796 0.5590558359375 0.008223828125000015 0.011842313733601983
1 0.3223741365022427 0.5857010390624999 0.02368455099775725 0.02467170638172824
1 0.25329390625 0.5960630625000001 0.029605781250000025 0.032072929687500015
1 0.14967367187499997 0.6113593828124999 0.03157949999999999 0.05032982812500002
1 0.350006125 0.5857010390624999 0.02828996874999999 0.032072929687500015
2 0.24638589062500002 0.6261622734375 0.01907928125000001 0.04243495312499999
