2 0.089146296875 0.5679375703125 0.014144984374999996 0.05131668749999996
2 0.7639936722872699 0.4591363834309046 0.018092421875000042 0.06266568873680925
1 0.17302934375 0.6100470675845663 0.12335742187499998 0.09523192968750002
2 0.10449747066892953 0.5654704070723314 0.011513359374999999 0.04375080016456003
2 0.102633375 0.6463928906249999 0.0302636875 0.135199734375
2 0.0407901875 0.68488040625 0.05230354687500001 0.2106944765625
2 0.8200801241776728 0.38260536488490543 0.009144877138207264 0.019243733141509047
2 0.8993578437499998 0.3829014375 0.00953964062499999 0.03108607031249999
2 0.76646078125 0.450007875 0.021052999999999975 0.04835610937499997
2 0.887844484375 0.3829014375 0.007565921874999996 0.03552693750000002
1 0.6815908749999998 0.655274625 0.3368479999999999 0.26497174218749997
1 0.037829609375 0.5768193046875 0.073410960313346 0.055508985472557004
