1 0.38586201562499994 0.5279697656250001 0.040461234374999995 0.023684625000000015
1 0.32336092187499993 0.522048609375 0.06118528124999999 0.02565834374999998
1 0.754289515625 0.5373449296875 0.057566796875000034 0.04736925000000003
1 0.6171160625 0.5240223281249999 0.049342968749999966 0.01529632031250001
1 0.354282515625 0.52698290625 0.037171703125000025 0.024671484375000042
1 0.860541375 0.5393186484375 0.07072492187500004 0.05032982812500002
1 0.66777484375 0.5363580703124999 0.06644853124999996 0.04440867187500004
1 0.423362671875 0.527969765625 0.06579062499999999 0.03898094531250003
1 0.8092246875000001 0.5333974921875 0.057566796875000034 0.05032982812500002
1 0.55329915625 0.522048609375 0.07138282812499999 0.03404664843749998
