1 0.975346015625 0.530621981572984 0.021381953124999954 0.018719316192338464
1 0.9582404531250001 0.5600426953125 0.06447481249999995 0.05131668749999996
1 0.802974578125 0.5447463750000001 0.03157950000000002 0.012335742187500021
1 0.9025742645588614 0.5346036828859161 0.023355671874999945 0.018750328124999972
1 0.6102080468750001 0.5553705370838202 0.03870340486273456 0.021911349686038938
1 0.44277090625 0.7677765937500001 0.48323214062500003 0.3532956562500001
1 0.404941296875 0.5580689765625 0.025329390625 0.017270039062499975
1 0.722052109375 0.55066753125 0.04177704687499997 0.01529632031250001
1 0.8646798142558628 0.5314715493310287 0.028157291874059708 0.011969663973617272
2 0.8490280550980328 0.5393186188327252 0.005921156249999981 0.013816001645225295
1 0.7973706222946639 0.8388187836392763 0.404941296875 0.3223624327214475
1 0.42866703240642867 0.558624072047143 0.021381953125000012 0.017270039062499975
1 0.84277790625 0.5321122660367947 0.011283861841901792 0.010407902961442072
1 0.5896484222868625 0.55264125 0.028783452713137335 0.022697765624999987
1 0.877975890625 0.5410454278354873 0.03157950000000002 0.012335742187500021
1 0.8236986249999999 0.5393186484375 0.021381953124999954 0.017270039062499975
1 0.9635037031249998 0.5314237734375 0.04736924999999997 0.020724046875000023
1 0.99713041015625 0.5639901328125 0.005739179687500122 0.022697765624999987
1 0.3710764381765698 0.5606140349871074 0.03289531226915224 0.013478421536715057
4 0.9056079531249999 0.56008755940783 0.020724046874999996 0.057731273437499994
1 0.44676619242335025 0.5560952578125 0.02459971136497471 0.020024279540101286
1 0.5220485271474083 0.5539980891345844 0.02754976254805624 0.01912055456735935
1 0.19333210203447523 0.7175852688232871 0.17434515625 0.20773389843750004
1 0.4650799118775259 0.5610295546874999 0.03899588936742238 0.01471318031628881
