1 0.475227952453826 0.638498015625 0.12796287422622973 0.1269760510516397
1 0.2723731875 0.5837273203125 0.07730398437500004 0.06069185156249999
1 0.024523579279601967 0.6032669208975993 0.049047158559203934 0.08654778222740082
1 0.391783171875 0.602971078125 0.1013175625 0.09523192968750002
1 0.23421514630885037 0.5702071318350993 0.03223740625000001 0.037007226562499974
1 0.021857556394055542 0.5711178676735235 0.043715112788111084 0.030319954093762824
1 0.00435862890625 0.6607023515625 0.0087172578125 0.09128449218750001
1 0.189477 0.5546149687499999 0.028618921874999998 0.02220433593750002
1 0.19770082812499995 0.5723784375 0.068093296875 0.04687582031249997
1 0.32763731250000006 0.5931024843749999 0.07927770312500003 0.0675998671875
