1 0.555601828125 0.405599203125 0.003947437499999987 0.012829171875000035
1 0.42073104687499996 0.405599203125 0.010526499999999987 0.012829171875000035
1 0.5037919429561818 0.3994316800592725 0.009292809771909145 0.015419503720363669
1 0.512837921875 0.41004007031249995 0.016118703124999988 0.02121747656250004
2 0.42632325 0.40066490625 0.0026316250000000116 0.013322601562500003
1 0.6210635 0.43964585156249997 0.025658610223349143 0.026398421662912685
1 0.481587375 0.3671116875 0.005592203125000002 0.006908015625000008
1 0.489153296875 0.3829014375 0.007565921874999996 0.008388304687500004
1 0.4671134375 0.3671116875 0.007565921874999996 0.008388304687500004
1 0.42731010937499997 0.39721089843749996 0.00953964062499999 0.012829171875000035
1 0.4986929374999999 0.38882259375 0.010526499999999987 0.014309460937499985
1 0.40658606249999996 0.45247502343749996 0.04736924999999997 0.05279697656250004
2 0.360532625 0.42879039843749994 0.0036184843750000084 0.013322601562499958
1 0.48717957812499996 0.40263862499999997 0.011513359374999983 0.014309460937499985
1 0.36842749999999996 0.45395531250000004 0.029276828124999987 0.03996780468749996
1 0.506258859375 0.4041189140625 0.007565921874999996 0.014309460937499985
1 0.514811640625 0.41990866406249994 0.016118703124999988 0.017270039062499975
1 0.4671134375 0.36316424999999997 0.023684624999999983 0.01282917187499999
1 0.93594512890625 0.4825742343750001 0.1281097421875 0.06266557031250004
1 0.386519921875 0.43273783593749987 0.018092421874999983 0.021217476562499994
1 0.5763258749999999 0.41842837499999985 0.00953964062499999 0.01282917187499999
1 0.891783171875 0.7016570156249999 0.21643365624999997 0.25460971874999994
4 0.432573359375 0.4038234169178819 0.004605343750000005 0.016875400437727884
1 0.33717695312499996 0.45395531249999993 0.04736924999999997 0.049836398437499964
1 0.347703453125 0.42138895312499997 0.015131843749999992 0.017270039062499975
1 0.48158737499999993 0.389809453125 0.016118703124999988 0.027138632812500018
1 0.50724571875 0.40165176562499993 0.011513359374999983 0.017270039062499975
2 0.6878409843750001 0.45592903125 0.011842312499999962 0.05378383593749998
2 0.8983709843749998 0.51908803125 0.032237406249999975 0.10904796093750005
1 0.489153296875 0.3671116875 0.007565921874999996 0.006908015625000008
