1 0.39018539888224135 0.5318467141766379 0.021945874110517197 0.024178054687499985
1 0.5317527271792863 0.5366047823807115 0.019654950143929522 0.01295252975946477
1 0.21239406673365846 0.5697468143275153 0.06864155257067077 0.07105387390349076
1 0.14769995312500003 0.58422075 0.08848839062500001 0.08388304687500003
1 0.26502654212300497 0.6205700812776407 0.13519974534014068 0.12121923752764072
2 0.5333975201480962 0.5378383643092228 0.008223828124999954 0.014802885690777146
1 0.547049046875 0.5314237734375 0.037171703125000025 0.021217476562499994
1 0.27993910279593753 0.5474602530841406 0.053948312500000026 0.036267096834140575
2 0.87040996875 0.6567549140625 0.07204073437499996 0.17615439843749997
1 0.4065860624999999 0.5371804772483095 0.016118703124999988 0.02598732099830956
1 0.49441654687500003 0.6123462421875 0.11315987500000002 0.1435880390625
1 0.23932604931288515 0.5392427355939425 0.022798982749743204 0.029491915780287047
1 0.00879949609375 0.5264894765625 0.0175989921875 0.014802890625000042
1 0.37474129333102485 0.531582934938885 0.015153055605782543 0.026470096440270117
1 0.20681523604320842 0.5207007015682816 0.009298948008884622 0.0030327878113436844
1 0.15924322480575287 0.5414717916790482 0.04539553125 0.028484351039190337
1 0.22554222415995592 0.5160153095724285 0.016836418671607914 0.0074463022849559305
2 0.6978240002659993 0.5523838062971617 0.0028747662749028773 0.00933226493124062
2 0.689156796875 0.547706953125 0.014473937500000034 0.04736925000000003
1 0.52303546875 0.5373449296875 0.007236968750000017 0.011842312499999962
1 0.7419208769407675 0.6197476860197094 0.24171475585525581 0.1144756860197095
2 0.6362893170646373 0.5324106328125 0.009351693995725323 0.014309460937499985
1 0.5368514999999999 0.5292307544316779 0.022697765624999987 0.020724046875000023
1 0.30132106249999996 0.5424765526474692 0.03730326656776579 0.04194148527914097
1 0.6164581348662294 0.5718850398881561 0.11250201151754145 0.07302759375000001
1 0.14901575465985928 0.5452398046875 0.030373342196713556 0.004934296875000044
1 0.36151948889814883 0.528956613692128 0.022039856359567445 0.014802890625000042
1 0.30118010172254694 0.5233526974656837 0.022697765624999987 0.009868593749999998
1 0.5477667535408219 0.5362683696887671 0.022697765624999987 0.015251393743664821
1 0.34803240625 0.5335769166790483 0.017494327078380677 0.03108607031249999
2 0.7125124687500001 0.5526412500000001 0.005427747944132358 0.030345943051030045
1 0.05608650452296875 0.5721317275905469 0.11167957606890624 0.10608738281250005
1 0.5611940220393126 0.5551084181746875 0.08947525921068754 0.06809330871731252
1 0.2637546119407152 0.5375423034046424 0.02861892187499997 0.03286241534535757
1 0.5633651241118879 0.5342856840793256 0.06381690625 0.026151773437500036
1 0.33621540095083485 0.5324106328125 0.026290942799165152 0.030326945380623815
1 0.4835610937499999 0.5131668750000001 0.03125054687499998 0.014802890625000042
1 0.463166 0.513166875 0.00921068750000001 0.010855453125000025
2 0.79540865625 0.735210234375 0.08158037500000007 0.2901366562499999
1 0.21831523004998346 0.5452397992050149 0.061404582115003326 0.04457314478250991
