2 0.694749 0.52106175 0.008223828124999954 0.04460575550058765
1 0.19210862499999998 0.5589214001690788 0.07697503124999999 0.07042600954407882
1 0.377967140625 0.516127453125 0.011184406250000004 0.01282917187499999
1 0.433889171875 0.51514059375 0.016118703124999988 0.02220433593750002
1 0.291781421875 0.5333974921874999 0.030263687499999983 0.024178054687499985
1 0.250991234375 0.5472135234375001 0.05032982812499999 0.05181011718750002
1 0.365466921875 0.5383317890624999 0.03815856250000002 0.03898094531250003
1 0.10839001079619154 0.5523636381934388 0.052077451952111664 0.044470334126696806
1 0.026234011718750002 0.5758324453125 0.052468023437500004 0.06167871093750001
4 0.06381690625 0.5393186484375 0.010197546875000008 0.02565834374999998
1 0.4092176875 0.514153734375 0.020395093750000017 0.016776609375000008
1 0.086843625 0.5659638515625 0.08980420312500001 0.06463928906250001
1 0.33224265625 0.52698290625 0.030263687499999983 0.029605781249999998
1 0.5157985 0.516127453125 0.020395093750000017 0.02565834374999998
2 0.6337369733396048 0.5158939053219072 0.008223828124999954 0.03404664843749998
