1 0.744420921875 0.4939231171875001 0.011842312499999962 0.017763468750000032
2 0.46842924999999996 0.5082325781249999 0.005263250000000023 0.02171090624999996
2 0.30658431250000007 0.5409469524920058 0.004605343750000005 0.021809582911337257
1 0.8532750969109827 0.6592220624999999 0.29344980617803446 0.36119053124999995
2 0.7329075625000001 0.48948225 0.008881734375000032 0.027138632812499973
1 0.349677171875 0.5462266640625 0.0036184843750000084 0.020724046875000023
2 0.863173 0.4949099765625 0.02236881250000001 0.04736925000000003
1 0.7194290274124913 0.5858804669445572 0.12504918022988712 0.16942581069455728
1 0.6106266870844023 0.520074890625 0.013905756015224095 0.02503035517528014
1 0.5950762031249999 0.510206296875 0.01068131638129645 0.011610087928055268
1 0.552970203125 0.6167871093749999 0.19732126882204917 0.18750328125
1 0.58422075 0.8251701640625001 0.38816468749999994 0.3496596718749999
1 0.631918953125 0.5250091677626809 0.039474365131340505 0.03577362520493628
2 0.9171213125000001 0.5003377031249999 0.018092421875000042 0.04736925000000003
1 0.6200766406249999 0.492442828125 0.024013578125000025 0.012335742187500021
2 0.44441567187500003 0.5205683203125 0.008881734374999973 0.020230617187499966
1 0.6118528125 0.507469999833248 0.028768448877362237 0.01937833211462605
1 0.5582451991725429 0.5102062968750001 0.045383785202457005 0.01529632031250001
1 0.56316775 0.48416025640690386 0.025658343750000038 0.023684625000000015
1 0.573529761101326 0.5166208951486739 0.10855453125000002 0.06685960546259748
2 0.6428790671997809 0.4909625390624999 0.005263250000000023 0.02171090624999996
1 0.6350205043130404 0.5422792265625 0.03571491756195968 0.05434772818966147
1 0.6775300017268182 0.5577457005347728 0.08498334202318188 0.12352757553477281
1 0.23750415625 0.5945827734375 0.13421287499999995 0.12977200781249998
1 0.19309548437500001 0.568431 0.011842312499999992 0.029112351562500027
1 0.5847141747531702 0.4847946605672554 0.019408234374999958 0.020724046875000023
