1 0.693762140625 0.520074890625 0.07204073437499996 0.054770695312500006
1 0.960872078125 0.5146471640625 0.006908015625000038 0.010362023437499968
1 0.9513324375 0.5087260078125 0.029605781250000025 0.016283179687500038
1 0.03396441015625 0.545733234375 0.0679288203125 0.06908015625
1 0.4648107656249999 0.7060978828125 0.22105649999999996 0.28520235937500005
1 0.5888260937500001 0.61777396875 0.11315987499999997 0.12434428124999997
1 0.610865953125 0.5333974921875001 0.05559307812500004 0.046382390625000006
1 0.7720529843749999 0.5250091874999999 0.06447481249999995 0.04095466406249999
1 0.820080140625 0.5333974921875 0.006908015625000038 0.019737187499999996
1 0.8510017343749999 0.520074890625 0.037171703125000025 0.024671484375000042
1 0.2559668198996207 0.5302518330596593 0.0024261389791663626 0.010855572778408717
1 0.896397265625 0.5477069531250001 0.15427901562499996 0.09079106250000005
1 0.972714390625 0.5304369140625 0.03157950000000002 0.024671484375000042
1 0.48882434374999995 0.520074890625 0.006908015624999978 0.010362023437499968
1 0.26480726562499995 0.5333974921875 0.01644765625000003 0.017270039062499975
1 0.850343828125 0.5176077421875 0.034211124999999974 0.024671484375000042
1 0.18454270312499996 0.6745183828125 0.18388479687499998 0.1801018359375
1 0.3204003437499999 0.573365296875 0.07467235937499997 0.09079106250000005
1 0.168095046875 0.5733652968749999 0.07269864062500002 0.04835610937499997
1 0.516127453125 0.5353712109375 0.08914629687499993 0.049342968749999994
1 0.950016625 0.51908803125 0.03651379687499994 0.019737187499999996
1 0.6404717343749999 0.5324106328125 0.09408059374999998 0.045395531249999975
1 0.555272875 0.520074890625 0.024671484374999983 0.017270039062499975
1 0.03396441015625 0.6710643749999999 0.0679288203125 0.1366800234375
