1 0.18158212499999996 0.5028048515625001 0.0062501093749999905 0.00937516406250003
1 0.23651729687499998 0.5250091875 0.06546167187500002 0.04292838281249996
1 0.19013490624999996 0.5225420390625 0.06348795312499998 0.04292838281249996
1 0.08848839062499998 0.5072457187499999 0.04309285937499999 0.014802890625000042
1 0.0182568984375 0.4978705546875 0.036513796875 0.05970499218749996
1 0.022204335937499996 0.7396511015625 0.04440867187499999 0.18552956250000002
1 0.555272875 0.4968836953124999 0.016118703125000047 0.013322601562499958
1 0.06743536869581503 0.5001732375270924 0.007565921874999996 0.007401445312499977
1 0.064145859375 0.4998442734375 0.008223828124999999 0.011348882812499994
1 0.08486990625 0.4934296875000001 0.024342531250000004 0.012335742187500021
1 0.67508530078125 0.8845050839843751 0.6498293984375001 0.23098983203125006
1 0.2950705978529605 0.525996046875 0.07204066529432568 0.046382375821998334
