1 0.9105422785108548 0.5205683773342095 0.024671465367763545 0.01184228398914522
1 0.22286572697231485 0.5077391484375 0.025329390625 0.019737187499999996
1 0.333229515625 0.5166208828125 0.01546079687499997 0.010855453125000025
1 0.881594375 0.5225420390624999 0.033224265625000034 0.024178054687499985
1 0.373361796875 0.5827404609375 0.144410421875 0.085856765625
1 0.143094609375 0.5047785703125001 0.022697765624999987 0.016776609375000008
1 0.19770082812499995 0.557575546875 0.07730398437500001 0.07993560937500002
1 0.058553656249999995 0.545733234375 0.085856765625 0.07302759375000001
1 0.9049500468749999 0.5338910551163384 0.06579062499999999 0.024178054687499985
1 0.023355405392323243 0.5274762693168308 0.035197984375 0.0379940859375
1 0.28224178125 0.565470421875 0.08914629687499996 0.06365242968749998
1 0.5907998125 0.5225420390625 0.04111914062500001 0.019737187499999996
1 0.45044643576142934 0.5089727421886069 0.011842312500000023 0.008306098960178065
1 0.9513324375000001 0.5309303437499999 0.04605343750000005 0.016776609375000008
1 0.270070515625 0.5037917109375 0.030592640624999994 0.02171090624999996
1 0.94146384375 0.5195814609374999 0.030592640624999962 0.01282917187499999
1 0.33322951562500003 0.5097128671875 0.011842312500000023 0.007894875000000034
1 0.009621878906249999 0.54672009375 0.019243757812499998 0.04884953906250002
1 0.861528234375 0.54277265625 0.07664607812500002 0.03108607031249999
1 0.4750083125 0.565470421875 0.16447656250000003 0.102633375
1 0.21261303058522277 0.5483651137798329 0.07105387500000002 0.06809281986593821
1 0.36513796875 0.5116865859375 0.020724046874999996 0.01282917187499999
1 0.24079368749999996 0.5047785703125001 0.030592640624999994 0.016776609375000008
1 0.17368725 0.5077391484374999 0.030592640624999994 0.01282917187499999
1 0.13158125 0.5886616171875 0.18750328125000001 0.14654861718749998
