1 0.41941523437499995 0.5314237734375 0.006908015624999978 0.007401445312499977
1 0.40329623933110403 0.5432665238158438 0.011513359374999983 0.017270039062499975
4 0.6658011250000001 0.620734546875 0.10625185937500005 0.16085807812499997
1 0.41184931250000006 0.5393186484375001 0.00625010937500002 0.011940865010376545
1 0.45165264062500005 0.5393186484375001 0.008223828125000015 0.01529632031250001
1 0.44803415625 0.5314237734375 0.007565921874999996 0.011348882812499994
1 0.03651382440706604 0.6093856640624999 0.07302764881413208 0.09375131024020752
1 0.3820639406363144 0.5510716101307925 0.020724046874999996 0.02565834374999998
1 0.4218274323407091 0.5304369140625 0.006908015624999978 0.00937516406250003
4 0.9605431249999999 0.6291228515625 0.07763293749999996 0.11940998437500001
1 0.71645990625 0.5477069531249998 0.12960753125 0.06365242968749998
1 0.40573082885070794 0.5393186484374999 0.010065921149292183 0.013520040151061697
1 0.3762283958447695 0.5600426953125 0.008881734374999973 0.036020367187500034
1 0.390467359375 0.544746375 0.01578975000000001 0.019737187499999996
1 0.4592185625 0.54277265625 0.013158124999999998 0.026645203125000006
1 0.35545529950505866 0.5600426953125 0.039803328124999975 0.04736925000000003
1 0.47204773437499997 0.5486938125 0.03157950000000002 0.04095466406249999
