1 0.5532991562499999 0.5067522890625 0.020724046874999996 0.011348882812499994
1 0.579944359375 0.5116865859375 0.008223828124999954 0.01529632031250001
1 0.8477122031250001 0.5116865859375 0.024013578125000025 0.017270039062499975
1 0.503627234375 0.5077391484375 0.0026316250000000116 0.008388304687500004
1 0.597049921875 0.5156340234375 0.022697765624999987 0.011348882812499994
1 0.5881681874999998 0.5116865859375 0.021381953124999954 0.01529632031250001
1 0.48948225 0.5087260078125 0.004934296874999984 0.011348882812499994
1 0.467442390625 0.5116865859375 0.017105562499999987 0.017270039062499975
1 0.500337703125 0.5087260078125 0.0026316250000000116 0.011348882812499994
1 0.735868140625 0.4963902656250001 0.03848751562499994 0.026645203125000006
1 0.0776329375 0.5343843515625 0.03092159375 0.026645203125000006
1 0.595734109375 0.5324106328125 0.03157950000000002 0.037007226562499974
1 0.544417421875 0.5324106328125 0.033553218750000016 0.03898094531250003
1 0.579286453125 0.5176077421875 0.008223828124999954 0.03108607031249999
1 0.47895574999999996 0.5116865859375 0.011513359374999983 0.014309460937499985
1 0.73093384375 0.5116865859375 0.03848751562499994 0.00937516406250003
1 0.483890046875 0.5116865859375 0.010197546875000008 0.01529632031250001
1 0.828961875 0.5649769921875 0.15098948437499995 0.07006701562500002
1 0.49474549999999995 0.5087260078125 0.005592203125000002 0.014309460937499985
1 0.55593078125 0.52106175 0.024013578125000025 0.03404664843749998
1 0.44671834374999997 0.5156340234375 0.021381953125000012 0.023684625000000015
1 0.5052719999999999 0.504285140625 0.010197546875000008 0.012335742187500021
1 0.8875155312499999 0.5116865859375 0.04868506250000001 0.023684625000000015
1 0.85988346875 0.5116865859375 0.017105562499999987 0.023684625000000015
1 0.5463909728261853 0.5158803817087692 0.021381953124999954 0.0029605781249999906
1 0.589484 0.5240223281249999 0.022697765624999987 0.03108607031249999
1 0.55724659375 0.5013245625 0.007565921874999996 0.008388304687500004
