1 0.070724921875 0.50329828125 0.020724046874999996 0.021217476562499994
1 0.21528475322984336 0.5595492656250001 0.12198176149328113 0.07401445312500003
1 0.160200171875 0.5482003828125 0.080593515625 0.08092246874999995
1 0.8240275781249999 0.5393186484375 0.049342968749999966 0.010855453125000025
1 0.6644853125 0.5294500546875 0.03125054687500004 0.014802890625000042
1 0.32961059060043013 0.5477071183685887 0.05394831249999997 0.0503299933685887
1 0.23326177244681154 0.5257408303257971 0.04255975506205318 0.010855453125000025
1 0.7065913125 0.57040471875 0.06217214062499998 0.059211562499999995
1 0.554943921875 0.5393186484375 0.04868506250000001 0.03404664843749998
1 0.2996762968749999 0.5552780069995962 0.05777238957127467 0.049558837472868066
1 0.6750118125 0.5333974502488075 0.01578976397956424 0.020724025905653677
1 0.316123953125 0.5111931562500001 0.029934168711384265 0.014802890625000042
1 0.774684609375 0.5945827734375 0.14737099999999995 0.1139822578125
1 0.826001296875 0.577312734375 0.09539640625000002 0.08486990624999997
1 0.24276740625 0.50329828125 0.038816468750000006 0.023191195312499958
1 0.22521678745045534 0.5112512078372722 0.006617763558181533 0.011842312499999962
2 0.7685449052598209 0.5240223281249999 0.008223828124999954 0.013651696103403933
1 0.9505013046874999 0.57435215625 0.09899739062500004 0.1041136640625
1 0.880607515625 0.585207609375 0.05657993749999998 0.08092246874999995
1 0.47829784375 0.5013245625 0.016118703124999988 0.009868593749999998
2 0.7509999843749999 0.74014453125 0.06579062499999999 0.2965512421875
1 0.40743188557175763 0.5608181186569455 0.19441132319151316 0.117083793291203
1 0.356914140625 0.514153734375 0.03125054687499998 0.014802890625000042
1 0.2750048125 0.5393186484374999 0.031250546875000014 0.021217476562499994
1 0.09079106249999999 0.5664572812499999 0.007894875000000004 0.021217476562499994
1 0.5874319574363435 0.5852546088324624 0.18224003125000005 0.1094239049045151
1 0.8917919218750001 0.5432660859375 0.038816468750000034 0.02286210077159607
1 0.6718868569029404 0.5197660140044162 0.02483606002794036 0.014802890625000042
1 0.51777221875 0.5595492656250001 0.04210599999999995 0.066119578125
1 0.13487078125 0.5131668749999999 0.02894766831639828 0.010197753558601707
1 0.07883911613645256 0.5472135234375 0.118752078125 0.05082325781249999
1 0.009457402343749999 0.6784658203125 0.018914804687499998 0.049836398437499964
1 0.3117925918549067 0.530025739401357 0.06546167187500002 0.014802890625000042
1 0.5677730937500002 0.5235288984375 0.03125054687500004 0.011842312499999962
1 0.7618554375 0.5363580703124999 0.03454007812499995 0.009868593749999998
1 0.10822557812499999 0.5595492656250001 0.068093296875 0.045888960937500035
2 0.674682859375 0.5353712109375 0.010197546874999948 0.01529632031250001
1 0.0228622421875 0.5422792265624999 0.045724484375 0.05082325781249999
1 0.8017245328290293 0.5251079261346839 0.04960615467097066 0.02338858475322798
1 0.6256684031004301 0.512180015625 0.014473827337607522 0.02171107149358873
1 0.034352078862253214 0.51119315625 0.017434515625 0.010432591538240388
1 0.09539640624999998 0.5531346796875 0.07006701562499999 0.056250984375
2 0.6911305156249999 0.756921140625 0.14539728124999993 0.3685919765624999
2 0.7509999843749999 0.5250091874999999 0.005592203125000002 0.010362023437499968
