1 0.8591889695082896 0.5613585231645157 0.01637456237867371 0.012335742187500021
1 0.555272875 0.5980367812499999 0.11118615625000003 0.06365242968749998
1 0.689814703125 0.5600426953125 0.04868506250000001 0.01529632031250001
1 0.6273136093749999 0.592115625 0.13191020312499996 0.06167871093750001
1 0.29441304687500003 0.6197476875 0.14342356249999996 0.11546254687499999
2 0.35757204687500005 0.5847141796875 0.011842312500000023 0.03898094531250003
1 0.98068275390625 0.549680671875 0.03863449218749994 0.14309460937500001
1 0.8072509687499999 0.5580689765625 0.06809329687499996 0.02861892187499997
1 0.833238265625 0.5486938125 0.017763468749999945 0.012335742187500021
1 0.20460884375 0.6103725234375 0.07960665624999998 0.07500131249999997
1 0.5677730937500001 0.7228744921875 0.33224265625000005 0.26250459375
1 0.7584014296875 0.5595492656250001 0.03536246093750002 0.023684625000000015
1 0.1348708273051876 0.6089909092592549 0.08171192309026493 0.06444191166087751
1 0.7062623593749999 0.5526412500000001 0.010855453125000025 0.003947437500000017
1 0.737183953125 0.5600426953125 0.007565921874999996 0.011348882812499994
