2 0.820080140625 0.504285140625 0.01842137500000002 0.02565834374999998
1 0.596807555845061 0.5163611215273167 0.022282225404938908 0.012335742187500021
2 0.5979897734450784 0.5083030898323824 0.005498187515156872 0.00937516406250003
1 0.014638414062499999 0.5477069531249998 0.029276828124999998 0.08338961718749997
2 0.8085141501710746 0.510245770184194 0.006908015625000038 0.019283231121694035
2 0.7973064267889879 0.5136603046874999 0.006908015625000038 0.011703152007837314
1 0.610208046875 0.5560952578125 0.049342968749999966 0.07697503125000002
1 0.500337703125 0.6631694999999999 0.22039859375000007 0.33158474999999993
1 0.720078390625 0.6271491328125001 0.18684537500000004 0.20082588281250002
1 0.5017966903574754 0.46978853805928295 0.17763468749999997 0.08980420312500001
1 0.293755140625 0.5240223281249999 0.12434428125000002 0.07204073437499998
1 0.8434358125 0.5931024843749999 0.12500218750000006 0.15246977343749996
1 0.9210490361263344 0.6733670653325152 0.1579019277473313 0.18108869531250002
