1 0.71423072265625 0.7810082070312501 0.5715385546875 0.4379835859375
1 0.5579044999999999 0.551654390625 0.1276338125 0.0873370546875
1 0.6273136093749999 0.5383317890624999 0.06513271875000003 0.06069185156249999
1 0.7852111093749999 0.5437595156249999 0.10921243749999997 0.04835610937499997
1 0.5957341093749999 0.5106997265625001 0.01578974999999995 0.012335742187500021
1 0.047933161586856475 0.5202158826197154 0.013910025913143505 0.012335742187500021
1 0.7960665625 0.5126734453124999 0.01578974999999995 0.011897098302568665
1 0.5888260937500001 0.5097128671875 0.014473937500000034 0.010362023437499968
1 0.0908276459457761 0.5166208828125 0.061989402128310424 0.03404664843749998
1 0.28224178125 0.5630032734375 0.133226015625 0.08536333593750003
1 0.341124390625 0.5166208828124998 0.02828996874999999 0.013322601562499958
1 0.8435180623975379 0.5126734453124999 0.024424734682386293 0.011348882812499994
1 0.015460787006948992 0.522048609375 0.025658353618051008 0.016283179687500038
1 0.48257423437499997 0.504285140625 0.020066140624999975 0.012335742187500021
