1 0.2677678092118214 0.6646497372552322 0.1998390407065892 0.22204330756773222
1 0.7763176179886568 0.6708352348751134 0.216803623397686 0.18725650560809895
1 0.49649989030958064 0.6026969768779192 0.12434428124999997 0.07110864780666129
1 0.5157985 0.5023114218749999 0.010526499999999987 0.009868593749999998
1 0.35329565625 0.5294500546875 0.02565834374999998 0.027138632812499973
1 0.5223775624999999 0.8132044941406249 0.27730748437499997 0.3735910117187501
1 0.557575546875 0.5136603046875 0.018092421875000042 0.019737187499999996
1 0.55264125 0.5097128671875 0.005592203125000002 0.009868593749999998
1 0.89054959765625 0.81998915234375 0.21890080468750003 0.36002169531250006
1 0.35790099999999997 0.5725429652345781 0.055922031250000025 0.06283009804707813
2 0.28684712500000004 0.5407989375 0.011513359374999983 0.03996780468749996
2 0.5460621875 0.5115632534958567 0.00296057812500005 0.014309460937499985
1 0.5697468125 0.5166208828125 0.015131843749999992 0.019737187499999996
1 0.459547515625 0.51119315625 0.01907928124999998 0.017270039062499975
1 0.43882346875 0.5136603046875 0.01907928124999998 0.019737187499999996
1 0.508232578125 0.5023114218750001 0.010526499999999987 0.006908015625000008
