1 0.40461234374999994 0.4909625390625 0.016118703124999988 0.010855453125000025
1 0.6056027031249999 0.48898882031249996 0.013816031249999956 0.005921156249999981
1 0.5210617499999999 0.4909625390624999 0.014473937499999975 0.01578974999999998
1 0.99803503125 0.5028048515625 0.0039299374999999985 0.011842312499999962
1 0.922713515625 0.537838359375 0.06776434374999998 0.04884953906250002
1 0.7259995468749999 0.5225420390625001 0.08848839062499998 0.04884953906250002
1 0.314808140625 0.5028048515624999 0.046053437499999995 0.024178054687499985
1 0.618760828125 0.5116865859375 0.06710643750000003 0.045888960937500035
1 0.6095501406249999 0.4899756796875 0.013816031249999956 0.005921156249999981
1 0.7891585468750001 0.5279697656250001 0.07105387500000002 0.0379940859375
1 0.076646078125 0.48504138281250003 0.031250546875 0.011842312499999962
1 0.793105984375 0.5028048515624999 0.026645203124999975 0.01282917187499999
1 0.40198071874999997 0.5087260078124999 0.021381953125000012 0.024178054687499985
1 0.04934296875 0.4978705546875 0.0565799375 0.03108607031249999
1 0.452310546875 0.4919493984375 0.025329390625 0.019737187499999996
1 0.009621878906249999 0.49589683593749995 0.019243757812499998 0.01282917187499999
1 0.547706953125 0.4919493984375 0.036513796875000004 0.016776609375000008
1 0.4996797968750001 0.5185946015624999 0.025329390625 0.03108607031249999
1 0.944744625 0.5309303437499999 0.11051075000000002 0.058718132812500025
1 0.674024953125 0.5146471640625 0.049342968749999966 0.03404664843749998
1 0.43257335937499997 0.49293625781249994 0.022697765624999987 0.016776609375000008
1 0.048685062499999994 0.5077391484375 0.05855365624999999 0.03108607031249999
1 0.3611904161261918 0.48898882031249985 0.014638451066581244 0.0054276648890312805
1 0.21546429687499996 0.5067522890625 0.009868593749999998 0.010855453125000025
