1 0.511522109375 0.5407989375 0.09934384375000001 0.07056044531249998
2 0.043750765625 0.773236689453125 0.086514671875 0.45352662109375
1 0.5663966852026191 0.6638577042736904 0.13539450896119049 0.17368724999999996
1 0.7829084374999999 0.581286418530343 0.12335742187500003 0.14997637834465696
1 0.17335830455040663 0.6133331245887199 0.17291971317608432 0.10888351507662648
1 0.8007376818751574 0.47714650781250006 0.07368549999999997 0.057336544687342526
1 0.36994068358550775 0.575339015625 0.14671309243417963 0.08980420312500001
1 0.61908978125 0.5560952578124999 0.153621109375 0.11743626562499995
1 0.6273136093749999 0.6745183828125 0.12237056249999997 0.11052824999999995
1 0.64409021875 0.5023114218749999 0.07993560937500005 0.04687582031249997
