1 0.07409669140625 0.6454060312500001 0.1481933828125 0.2758271953125
1 0.4536263593749999 0.5077391484375001 0.04243495312499999 0.066119578125
1 0.36360286330501496 0.5126734535370134 0.078619791391991 0.05756678316747745
1 0.4315865 0.5531346796875 0.03684274999999999 0.075988171875
1 0.786526921875 0.6054382265625 0.12697590625000005 0.11743626562500005
2 0.58487865625 0.5235288984375 0.00921068750000001 0.0379940859375
1 0.5003377031249999 0.5422792265624999 0.08750153125000004 0.059211562499999995
1 0.286518182841018 0.5556018363495134 0.09331301635396701 0.09523192968750002
1 0.705604453125 0.55856240625 0.08289618749999998 0.09523192968750002
1 0.5060708805211231 0.4970246794529077 0.0765990932808154 0.11222002020775382
1 0.59145771875 0.5338909218750001 0.011842312499999962 0.029112351562500027
1 0.6134975781249998 0.5284631953124999 0.03947437499999999 0.04687582031249997
1 0.622050359375 0.5240223281249999 0.011842312499999962 0.01924375781250003
1 0.88758901953125 0.823813232421875 0.22482196093750004 0.35237353515625003
1 0.5471806225982117 0.5071470369575912 0.021842477367554736 0.037007226562499974
1 0.022039859375 0.50329828125 0.04407971875 0.013816031250000017
1 0.54014103125 0.4939231171875001 0.005592203125000002 0.012335742187500021
1 0.582137382036003 0.5126734486023055 0.026645203124999975 0.03437560594890723
1 0.5914577187499999 0.52698290625 0.017434515624999966 0.03454007812500004
1 0.19770082812499998 0.5407989375 0.09375164062500001 0.08289618750000001
1 0.6410199947008084 0.520074890625 0.04682099515720057 0.028289967653398217
1 0.9310108320312499 0.624681984375 0.13797833593750006 0.10756767187499996
1 0.6640740892242649 0.5330273937066533 0.026891914884606294 0.02701521524982233
1 0.5602071718749999 0.5324106328125 0.03947437499999999 0.04835610937499997
1 0.63487953125 0.58224703125 0.10033070312499995 0.10756767187499996
1 0.49408759375000005 0.6537943359374999 0.15000262500000006 0.1929310078125
1 0.425994296875 0.506258859375 0.021052999999999975 0.02220433593750002
1 0.195069203125 0.7075781718749999 0.283228640625 0.2580637265625
1 0.378954 0.5639901328124999 0.10296232812500002 0.11990341406249998
1 0.5670211849140154 0.5087965048173462 0.010338521146123133 0.00775389085959235
