1 0.1822404226200742 0.5452399304850238 0.05213936384005565 0.03108607031249999
1 0.10213994531250001 0.766789734375 0.20427989062500002 0.26645203125000005
1 0.11162102392932464 0.5344739970566157 0.019348217732347066 0.024806142351105363
2 0.278623296875 0.5343843515625 0.007894874999999975 0.030099210937499964
1 0.89146296875 0.48898882031249996 0.015131843749999992 0.011348882812499994
1 0.6993108879877542 0.5122128969032426 0.046228874488580846 0.030099237251732535
1 0.5861944687499999 0.50329828125 0.02203985937500003 0.011348882812499994
1 0.2700710188150953 0.5141536085774762 0.023355252549920515 0.019737187499999996
1 0.8417913724816126 0.5067522890625 0.048602916720628525 0.02738540315737712
1 0.5763267520913878 0.5087260078124999 0.012719721833443031 0.014145450329799747
1 0.29572885937499993 0.5156340234375 0.03486903124999999 0.023684625000000015
1 0.2513201875 0.5156340234375 0.008223828125000015 0.017270039062499975
1 0.3338874498300053 0.5141536085774762 0.014309111499933753 0.01529632031250001
2 0.28750503125 0.5333974921874999 0.007894874999999975 0.030099210937499964
1 0.7825794843750001 0.5087260078125 0.04243495312500004 0.023684625000000015
1 0.5458430549791913 0.5087260078125 0.04550535185419135 0.03240191789440168
1 0.1626677256600768 0.5373449296875 0.05213877678494437 0.037007226562499974
1 0.324676734375 0.5126734453124999 0.01907928124999998 0.017270039062499975
1 0.1407919375 0.547706953125 0.0618431875 0.07105387499999996
1 0.6463928906249999 0.5240223281249999 0.05822470312499999 0.03108607031249999
1 0.009621878906249999 0.5353712109375 0.019243757812499998 0.023684625000000015
1 0.8673414206751601 0.5003377031249999 0.024781701871521258 0.02615218457408801
1 0.960214171875 0.500337703125 0.05065878125 0.0379940859375
1 0.6240240781250002 0.5156340234375 0.03486903125000005 0.017270039062499975
1 0.675340765625 0.520074890625 0.03289531250000006 0.03108607031249999
1 0.9879197226562499 0.5003377031249999 0.024160554687500023 0.03108607031249999
1 0.4380835351230331 0.5156340234375 0.05460620394969944 0.03108607031249999
1 0.0328133295264875 0.5310535180163242 0.0403792514014875 0.028372173730240747
1 0.227964515625 0.5314237734375 0.04539553125 0.03108607031249999
1 0.0618431875 0.5383317890624999 0.007565921875000004 0.023684625000000015
1 0.5003377031249999 0.5116865859375 0.04736924999999997 0.0379940859375
1 0.3503359201355387 0.5116865859375 0.04358588121364537 0.021711064126975987
1 0.7211473027508407 0.5116865859375 0.039063181640798326 0.03367656738359246
1 0.6217214062499999 0.50329828125 0.01578974999999995 0.011348882812499994
1 0.088488390625 0.5373449296875 0.04736925 0.066119578125
1 0.10740374043510333 0.5410454217149564 0.02828996874999999 0.026151563774960262
1 0.60593165625 0.5116865859375 0.02532939062500006 0.023684625000000015
1 0.34934821875 0.5126734453124999 0.01842137500000002 0.023684625000000015
