2 0.634221625 0.549680671875 0.014473937500000034 0.037007226562499974
1 0.28750503125 0.5333974921875 0.07631712500000001 0.03108607031249999
1 0.6164581562499999 0.5106997265625001 0.027303109375000054 0.012335742187500021
1 0.5493516398059868 0.5161273347089799 0.028125426400822207 0.011842273027993322
1 0.6000105 0.5324106328125 0.04177704687499997 0.0379940859375
1 0.45428426562499996 0.5176077421875 0.01578975000000001 0.016283179687500038
1 0.14704204687499994 0.5383317890624999 0.024013578124999994 0.05329040625000001
1 0.6000105 0.5126734453124999 0.008881734375000032 0.013322601562499958
1 0.527969765625 0.5166208828124998 0.021381953124999954 0.013322601562499958
1 0.4227047656250001 0.5324106328125 0.021381953125000012 0.02565834374999998
1 0.500995609375 0.5230354687500001 0.011513359374999983 0.013322601562499958
1 0.3991849503208313 0.5373447964341673 0.037335935389723636 0.04687575368583374
1 0.36702969594839746 0.5187178849654808 0.016776543580427312 0.016283179687500038
1 0.39540165624999996 0.5126734453124999 0.011513359374999983 0.004934296875000044
1 0.30000525 0.5176077421875 0.03092159375 0.018750328124999972
1 0.64737975 0.5343843515625 0.07829084375000003 0.046382390625000006
