1 0.033224265625 0.5329040625000001 0.06381690625 0.0379940859375
1 0.8105405 0.5728718671874999 0.14506832812499995 0.09177792187499997
1 0.5128379218750001 0.5827404609375 0.13519973437500005 0.08190932812499999
1 0.0032895312499999995 0.5526412500000001 0.006579062499999999 0.032072929687500015
1 0.28487340625 0.5546149687499999 0.04375076562499999 0.0379940859375
1 0.34013753125 0.55264125 0.08783048437500002 0.049836398437499964
1 0.084540953125 0.5595492656250001 0.05263249999999999 0.0379940859375
1 0.24539903124999998 0.5935959140625 0.12697590624999996 0.09375164062500004
1 0.9389879453125 0.7292890781250001 0.12202410937500001 0.22648422656250009
1 0.4092176875 0.5778061640625001 0.10592290625 0.07302759375000001
