1 0.424020578125 0.5817536015624999 0.08388304687499998 0.049342968749999994
1 0.03223740625 0.54672009375 0.034211125 0.024671484375000042
1 0.5579045 0.5490227422324139 0.026206583363275963 0.011677812544913912
1 0.7378418593750001 0.5600426953125 0.03848751562500006 0.02861892187499997
1 0.102962328125 0.553628109375 0.056250984375 0.03404664843749998
1 0.6596451410762363 0.8659398339723389 0.6807097178475277 0.2681203320553224
1 0.324676734375 0.6000105 0.21678010937500003 0.12977200781249998
1 0.15855540625 0.5610295546875 0.07467235937500001 0.03898094531250003
1 0.7069202656250001 0.6103725234375 0.12566009375 0.08240275781250003
1 0.544417421875 0.559572043553971 0.04802715625000005 0.02861892187499997
1 0.4435416049034792 0.5373449296875 0.002330869975869791 0.009008625828914152
1 0.516127453125 0.549680671875 0.026645203124999975 0.017270039062499975
1 0.930608390625 0.5921156250000001 0.11940998437500004 0.09967279687500001
1 0.45574105185980446 0.551654390625 0.028007996845269587 0.016988078435517993
1 0.80610003993474 0.5649769921875 0.05855360196703465 0.03947445642444798
1 0.03495126953125 0.576325875 0.0699025390625 0.08536333593750003
1 0.6742371754365087 0.5560952578125 0.019397614717262947 0.022697765624999987
1 0.49408759375 0.55066753125 0.024013578125000025 0.020724046875000023
1 0.5924445781250001 0.5576459598957157 0.051974503992918385 0.03404664843749998
1 0.47763993750000006 0.547706953125 0.02894787500000001 0.02565834374999998
2 0.9986271383222187 0.6370178548542189 0.0027457233555625276 0.008980368995812515
1 0.516127453125 0.5560952578125 0.037171703125000025 0.019737187499999996
