1 0.46546867187499996 0.5003377031249999 0.02565834374999998 0.024671484375000042
1 0.42566534375000004 0.49589683593749995 0.021381953125000012 0.024671484375000042
1 0.4490210156250001 0.5003377031249999 0.021381953125000012 0.024671484375000042
1 0.55724659375 0.5097128671875 0.03782960937499998 0.055264124999999976
1 0.40724396874999996 0.49293625781249994 0.008223828125000015 0.01529632031250001
1 0.613168625 0.5403055078125 0.07960665624999995 0.09621878906249996
1 0.96127451953125 0.856626306640625 0.07745096093749998 0.2867473867187501
1 0.39277003125000004 0.49293625781249994 0.01546079687499997 0.018256898437500002
1 0.36645378125000005 0.4791202265625 0.012171265625000002 0.012335742187500021
1 0.51119315625 0.49589683593749995 0.033553218750000016 0.036513796875000004
1 0.5204038437499999 0.5003377031249999 0.02565834374999998 0.033553218750000016
1 0.4907980624999999 0.5003377031249999 0.02565834374999998 0.033553218750000016
1 0.364151109375 0.5003377031249999 0.02565834374999998 0.036513796875000004
1 0.40000699999999995 0.500337703125 0.02565834374999998 0.029112351562500027
1 0.53882521875 0.5003377031249998 0.025658343750000038 0.041448093749999956
1 0.030674878906249994 0.7056044531249999 0.06134975781249999 0.16233836718749997
1 0.37862504687500004 0.4899756796875 0.011184406250000004 0.018256898437500002
1 0.415467796875 0.49589683593749995 0.01546079687499997 0.023191195312499958
1 0.43356021875 0.49589683593749995 0.024342531250000004 0.024671484375000042
