1 0.34375601562499997 0.4909625390624999 0.00953964062499999 0.01578974999999998
1 0.285860265625 0.5324106328125 0.011513359374999983 0.022697765624999987
1 0.34934821875 0.6261622734375001 0.080593515625 0.11102167968750001
1 0.32961103124999996 0.502311421875 0.00953964062499999 0.017270039062499975
1 0.38092771875 0.569417859375 0.05329040625000001 0.08388304687500003
1 0.33224265625 0.49836398437499996 0.011513359374999983 0.01578974999999998
1 0.30592640625 0.5166208828125 0.04473762500000002 0.05970499218749996
1 0.41513884375 0.5353712109375 0.011513359374999983 0.03404664843749998
1 0.34375601562499997 0.48800196093750003 0.014144984374999996 0.019737187499999996
1 0.369414359375 0.5866878984375001 0.06743539062500001 0.09967279687500001
1 0.39704642187499994 0.5422792265624999 0.03125054687499998 0.04292838281249996
1 0.8978688046875 0.8042903906250001 0.204262390625 0.2560900078125001
2 0.2565834375 0.53487778125 0.00953964062499999 0.024671484375000042
1 0.416783609375 0.5264894765625 0.004605343750000005 0.014309460937499985
1 0.307571171875 0.6631695 0.14046298437499996 0.14950919531249998
1 0.21447743749999995 0.5452398046875 0.034211125 0.03404664843749998
1 0.33619009375 0.492442828125 0.016118703124999988 0.021217476562499994
