1 0.5329040625 0.4120137890625 0.01677660937499995 0.024178054687500027
1 0.12302846875 0.5240223281249999 0.06513271874999998 0.027138632812499973
1 0.42862592187500004 0.374019703125 0.013816031250000017 0.018750328125000014
1 0.53882521875 0.4189218046875 0.024013578124999966 0.032072929687500015
1 0.003618484375 0.4889888203125 0.00723696875 0.029112351562500027
1 0.11842312499999999 0.48602824218749996 0.02993473437499999 0.036020367187500034
1 0.42040209375 0.39227660156249994 0.013816031250000017 0.025164914062499967
1 0.502969328125 0.344413921875 0.013816031250000017 0.009868593749999998
1 0.42928382812500004 0.36809854687499993 0.013816031250000017 0.01776346874999999
1 0.029276828124999998 0.48602824218749985 0.038487515624999996 0.04391524218749998
1 0.49836398437499996 0.3143147109375 0.005921156249999981 0.006908015625000008
1 0.059869468749999995 0.5565886874999999 0.057895749999999996 0.03898094531250003
1 0.976003921875 0.6054382265625 0.04671134375000001 0.1504960546875
1 0.47698203125 0.3434270625 0.003947437499999987 0.01085545312499998
1 0.4776399375 0.3379993359375 0.007236968750000017 0.006908015625000008
1 0.434547078125 0.4179349453125 0.035855890624999984 0.05575755468750003
1 0.12039684375 0.5299434843749999 0.035197984375 0.018750328124999972
1 0.5302724375 0.4090532109375 0.016118703125000047 0.018750328125000014
1 0.2881629375 0.5215551796875 0.07730398437499998 0.075988171875
1 0.20493779687500002 0.4880019609375001 0.05657993750000001 0.032072929687500015
1 0.51645640625 0.3251701640625 0.007236968750000017 0.011842312500000007
1 0.5648125156250001 0.46777134374999996 0.04243495312500004 0.036020367187500034
1 0.08848839062499998 0.537838359375 0.04309285937499999 0.024178054687499985
1 0.07730398437500001 0.4880019609375001 0.03256635937499999 0.0379940859375
1 0.5036272343749999 0.32418330468749995 0.008552781249999994 0.00789487499999999
1 0.46645553125 0.3241833046875 0.007894874999999975 0.009868593749999998
1 0.004276390625 0.5116865859375 0.00855278125 0.029112351562500027
1 0.4250074375 0.38092771875000003 0.016776609375000008 0.018750328125000014
1 0.026645203125000003 0.5644835624999999 0.052632500000000006 0.030099210937499964
1 0.4829031875 0.533890921875 0.10789662499999994 0.14654861718749998
1 0.18355584374999995 0.49293625781249994 0.081251421875 0.036020367187500034
1 0.4750083125 0.36612482812499997 0.00921068750000001 0.01282917187499999
1 0.491784921875 0.32418330468749995 0.006579062499999999 0.00789487499999999
1 0.45790274999999997 0.32319644531249997 0.003947437499999987 0.005921156249999981
1 0.453626359375 0.360203671875 0.021381953125000012 0.03996780468750001
1 0.3532956562500001 0.368098546875 0.019408234375000017 0.024178054687499985
