1 0.44523799710457995 0.6227080237767357 0.09983716978824386 0.09843917083162194
1 0.268754703125 0.5861944687499999 0.06809329687499996 0.05082325781249999
1 0.007565921875 0.5723784375 0.01513184375 0.055264124999999976
1 0.066119578125 0.5916221953124999 0.058882609375000006 0.06365242968749998
1 0.002960578125 0.6745183828124999 0.00592115625 0.11447568749999996
1 0.376815839237252 0.6000101199527273 0.0855278125 0.07450788281250001
1 0.22401705509183198 0.5780525852333576 0.03223740625000001 0.03454018177425615
1 0.8986999375 0.8393562675781251 0.20230617187500002 0.32128746484375004
1 0.047040296875 0.568431 0.05329040625 0.03157949999999996
1 0.04802715625 0.63159 0.0960543125 0.10460709374999996
1 0.17664782812500004 0.5630032734375 0.026645203125000006 0.01924375781250003
1 0.185858515625 0.579286453125 0.060856328125000005 0.04292838281250004
1 0.3184266249999999 0.5931024843749999 0.07072492187499997 0.059211562499999995
