1 0.9740302031249999 0.528956625 0.021381953124999954 0.01529632031250001
1 0.958240453125 0.5600875523936997 0.06250109374999996 0.05230354687499998
1 0.8031461606947196 0.54672009375 0.03092159374999994 0.01529632031250001
1 0.9033053042761431 0.5353712109375 0.0212173556752487 0.018503690994482992
1 0.610865953125 0.5551083984374999 0.03848751562499994 0.019737187499999996
1 0.4415819144098298 0.7686683376301277 0.4806559916379645 0.3532956562500001
1 0.404941296875 0.5590558336154834 0.025329390625 0.017270039062499975
1 0.7215587253396756 0.55066753125 0.04111914062500001 0.015543103634513144
1 0.8621861406249999 0.5279697656250001 0.026645203124999975 0.00937516406250003
2 0.8616104559516233 0.5348777879318506 0.005921156249999981 0.014556172440324654
1 0.797817125148186 0.8382401128366915 0.4043657497036277 0.3225267887068533
1 0.42829696874999995 0.5587738780293716 0.022932732780623865 0.01691758832906425
1 0.164147609375 0.6518206171874998 0.12960753125 0.10608738281249996
1 0.8423350824387797 0.533416480587991 0.011513359374999983 0.012696342646651626
1 0.58751028125 0.5551702922696137 0.029276598662411977 0.023067751842154482
1 0.8797764623735345 0.5406690772489007 0.03157950000000002 0.012335742187500021
1 0.8283482537797966 0.5403244871109842 0.021381953124999954 0.017270039062499975
1 0.9653952239316067 0.5298694255502324 0.05031344232013038 0.021464151068393188
1 0.9976274959327556 0.5634857348579831 0.004745008134488889 0.025702216818067038
1 0.3735810983491585 0.5610295546874999 0.036513796875000004 0.013980508726262197
4 0.9056079531249999 0.5610295370647972 0.019220241020482476 0.05632149950564687
1 0.44736428618690127 0.5560952578125 0.023702570719648007 0.02361284212140786
1 0.5231999909646754 0.5551083984374999 0.032072884035324614 0.017146921314546048
1 0.1930435467072297 0.7180181018141555 0.17434515625000005 0.20773389843750004
1 0.46546867187499996 0.561522984375 0.03782960937499998 0.01529632031250001
1 0.0486850625 0.6034645078125 0.07894875 0.066119578125
