1 0.19408234375 0.5003377031249998 0.023355671875000004 0.013322601562499958
1 0.11809417187499997 0.5353712109375 0.09868593749999999 0.07204073437499998
1 0.25460971875000005 0.5486938125 0.12763381250000003 0.09868593749999999
1 0.06875120312500001 0.5067522890625 0.04605343750000001 0.032072929687500015
1 0.18454270312499996 0.5560952578125 0.11612045312499998 0.04835610937499997
1 0.407572921875 0.5363580703124999 0.034211124999999974 0.05575755468750003
1 0.35494042187499997 0.52698290625 0.09144896874999997 0.054770695312500006
1 0.04087242578124999 0.5580689765625 0.08174485156249998 0.08141589843750001
1 0.39605956249999996 0.6310965703125 0.05559307812499999 0.09769907812499996
1 0.5565886875 0.4776399374999999 0.03289531250000006 0.013322601562499958
1 0.16677923437499997 0.6009973593750001 0.23750415625 0.1223705625
1 0.8868576249999999 0.6167871093749999 0.15658168749999996 0.15148291406250003
