1 0.516127453125 0.5161275098719675 0.008223828125000015 0.007401445312499977
1 0.25925165524053784 0.55066753125 0.056543344759462176 0.056196095264193335
1 0.68356459375 0.5226267727839442 0.017763468749999945 0.02171090624999996
1 0.29441304687500003 0.54277265625 0.024671484374999983 0.03404664843749998
1 0.486521671875 0.5250091875 0.00953964062499999 0.014309460937499985
1 0.8565939374999999 0.5160187418473461 0.010197546874999948 0.011348882812499994
1 0.6986964375 0.522048609375 0.01578974999999995 0.018582118008262326
1 0.8147328987362101 0.52106175 0.009371656847420104 0.011348882812499994
1 0.49277178125000004 0.52106175 0.008223828125000015 0.010362023437499968
1 0.7224520393138804 0.5220486093750001 0.013158124999999998 0.012335742187500021
1 0.470731921875 0.5190880312499999 0.010197546875000008 0.010362023437499968
1 0.820738046875 0.5218683267528608 0.011902406707379735 0.012335742187500021
1 0.418099421875 0.527311838539288 0.029605781250000025 0.03766515364821199
1 0.516785359375 0.5220486093749999 0.008223828125000015 0.007401445312499977
1 0.8063150759809524 0.5230354687500001 0.011805252452381272 0.016853059283928752
1 0.365795875 0.5477069531250001 0.046053437499999995 0.05131668750000005
1 0.7926480267084369 0.5105062197501556 0.018292370458437072 0.04342181250000001
1 0.517443265625 0.5383317890624999 0.030263687499999983 0.033059789062500046
1 0.47961365625 0.5156340234375 0.00625010937500002 0.007401445312499977
1 0.8236575148793509 0.5165592176315263 0.01570752975870183 0.012212411825552749
1 0.47698203125 0.5353712109375 0.025987296875000017 0.032072929687500015
