1 0.47138982812499997 0.500337703125 0.007565921874999996 0.012335742187500021
1 0.544417421875 0.5023114218750001 0.022697765624999987 0.012335742187500021
1 0.5730363437499998 0.5097128671875 0.021381953124999954 0.03108607031249999
1 0.9128449218749999 0.5126734453124999 0.022697765624999987 0.03108607031249999
1 0.563496703125 0.5013245625 0.010197546874999948 0.012335742187500021
1 0.47895574999999996 0.4993508437500001 0.005592203125000002 0.012335742187500021
1 0.607576421875 0.5353712109375 0.03651379687499994 0.04736925000000003
1 0.59014190625 0.520074890625 0.03092159374999994 0.03898094531250003
1 0.460534375 0.5023114218750001 0.00953964062499999 0.01529632031250001
1 0.5395348961919295 0.5023114218750001 0.01607136443190876 0.012335742187500021
1 0.42270476562500003 0.5067522890625 0.022697765624999987 0.03108607031249999
1 0.476324125 0.5003377031249999 0.005592203125000002 0.011348882812499994
1 0.7776451874999999 0.48898882031249996 0.09144896875000003 0.03404664843749998
1 0.676656578125 0.504285140625 0.03782960937499998 0.01529632031250001
1 0.614155484375 0.5393186484375 0.045395531249999975 0.05032982812500002
2 0.62961628125 0.506258859375 0.007565921874999996 0.019737187499999996
1 0.464810765625 0.500337703125 0.00625010937500002 0.012335742187500021
1 0.5427726562499999 0.5412923671875 0.05131668750000002 0.057731273437499994
1 0.5771519041908062 0.5146510249336477 0.013648766280559953 0.035525007064426184
1 0.444744625 0.5077391484375 0.014473937499999975 0.017270039062499975
2 0.308886984375 0.49639026562499994 0.007565921874999996 0.01282917187499999
1 0.7516578906249999 0.5097128671875 0.04736924999999997 0.014309460937499985
1 0.913502828125 0.49836398437499996 0.008223828124999954 0.003947437500000017
1 0.45296845312500006 0.5023114218750001 0.013816031250000017 0.01529632031250001
1 0.470731921875 0.5013245625 0.007565921874999996 0.01529632031250001
1 0.5539570625 0.5176077421875 0.03092159374999994 0.03503350781250001
1 0.385204109375 0.5126734453124999 0.03157950000000002 0.03898094531250003
1 0.481916328125 0.496390265625 0.010197546875000008 0.011348882812499994
1 0.9513324374999999 0.5156340234375 0.05131668749999996 0.03108607031249999
1 0.9223845625 0.5156340234375 0.033553218750000016 0.03108607031249999
1 0.53882521875 0.520074890625 0.03092159374999994 0.02565834374999998
1 0.5944182968750001 0.5240223281249999 0.03157950000000002 0.046382390625000006
1 0.535206734375 0.49639026562499994 0.007565921874999996 0.007401445312499977
