1 0.5750103847290594 0.505272414294505 0.034211124999999974 0.037007226562499974
1 0.06842225000000002 0.7090584609375 0.13487078125000002 0.2718797578124999
1 0.5769841034790595 0.524515826861584 0.037171703125000025 0.037747267520123716
1 0.37698028125 0.508232578125 0.05329040625000001 0.02861892187499997
1 0.39222288511131065 0.5580689765625 0.05954013753307586 0.06842194752646069
1 0.5060947740906435 0.49466357243962866 0.02171090624999999 0.02861892187499997
1 0.41513884375 0.49540340625 0.04473762500000002 0.03996780468749996
1 0.90601039453125 0.8792007148437501 0.1879792109375001 0.2415985703125
1 0.4824102871888119 0.5015713809173763 0.016118565026831653 0.030592364428663376
1 0.45115974031381184 0.5195816680847525 0.03273076688841581 0.039227349435371296
2 0.30000525 0.58224703125 0.01907928124999998 0.05131668749999996
1 0.4125078171753961 0.5415391856048762 0.042270407513415854 0.05427705847774753
1 0.4853707272156436 0.4976241505646287 0.024671484374999983 0.03478689654237623
1 0.539483125 0.5023114218749999 0.010526500000000046 0.009868593749999998
1 0.797711328125 0.54672009375 0.19572710937499996 0.1238508515625
1 0.43224440625000005 0.5279697656249999 0.03421112500000003 0.04391524218749998
1 0.521390703125 0.49540340625 0.013158124999999998 0.022697765624999987
1 0.46546867187499996 0.5067522890625 0.03618484375000002 0.03996780468749996
1 0.586852375 0.4840545234375 0.022697765624999987 0.021217476562499994
1 0.671393328125 0.472705640625 0.037171703125000025 0.01578974999999998
1 0.5823572620326168 0.4988576409176545 0.029057576453923182 0.04243506655257727
1 0.5812604480713368 0.5521478203125 0.05082305066524751 0.05575755468750003
1 0.5299434843749999 0.4998442734375 0.010526499999999987 0.017270039062499975
