1 0.833238265625 0.525996046875 0.03848751562499994 0.02861892187499997
1 0.688718200749383 0.518923575795255 0.08158037500000007 0.049342968749999994
1 0.96778009375 0.5052719999999999 0.013158124999999998 0.014309460937499985
1 0.928634671875 0.5087260078125 0.008223828124999954 0.016283179687500038
1 0.1881611875 0.5694178593749999 0.07204073437500001 0.08635019531249996
1 0.45790274999999997 0.7465591171874999 0.2684257500000001 0.3532956562500001
1 0.6128396718749999 0.520074890625 0.039803328124999975 0.023684625000000015
1 0.4736925 0.5363580703124999 0.054935171874999966 0.02861892187499997
1 0.760539625 0.5230354687500001 0.06513271875000003 0.036020367187500034
1 0.7983692343749998 0.5304369140625 0.017105562499999987 0.024671484375000042
1 0.871233709322374 0.5235286268855253 0.08980456519429972 0.037501470905924525
1 0.26595760587192563 0.5250086443960502 0.01101875296227576 0.012335199083550297
1 0.5697468125 0.5733652968749999 0.117436265625 0.1041136640625
1 0.9620146640624999 0.5240223281249999 0.07597067187500008 0.036020367187500034
1 0.49540340625 0.520074890625 0.01907928124999998 0.014309460937499985
1 0.99145596875 0.49540340625 0.017088062499999997 0.010362023437499968
1 0.9715624210662254 0.4936754519118381 0.020724046874999996 0.019737187499999996
1 0.42566534375000004 0.5570821171875 0.09671221875 0.06069185156249999
1 0.08585675520818575 0.775506908852986 0.1717135104163715 0.2832284531223438
1 0.291123515625 0.6113593828124999 0.10987034374999996 0.13174572656249994
1 0.09671221874999998 0.620734546875 0.14704204687499994 0.11842312499999999
1 0.9204108437499999 0.525996046875 0.02894787499999995 0.02861892187499997
1 0.6381690624999999 0.5304369140625 0.07269864062500003 0.03898094531250003
1 0.55461496875 0.5156340234375 0.024671484374999983 0.017270039062499975
1 0.991127015625 0.5087260078125 0.017745968749999955 0.012335742187500021
