1 0.5491414885377528 0.5023136486069938 0.03618335926200403 0.037007226562499974
1 0.5506675312499999 0.5240223281249999 0.03980332812500003 0.03848751562499997
1 0.34276915625000004 0.5052719999999999 0.05329040625000001 0.02565834374999998
1 0.3532956562500001 0.5580689765625001 0.06644853125000001 0.07401445312500003
1 0.47665307812499996 0.4939231171874999 0.021052999999999975 0.030099210937499964
1 0.381914578125 0.49540340625 0.04736924999999997 0.03996780468749996
1 0.4511144469464167 0.4996817761923279 0.01677611454566801 0.03108607031249999
1 0.4182730680341758 0.5188438427237015 0.03421000219224381 0.041448093749999956
2 0.2486885625 0.592115625 0.01907928125000001 0.05279697656250004
1 0.3769900122505539 0.5430218974112015 0.046051940422991676 0.05970499218749996
1 0.454942171875 0.49540340625 0.026645203124999975 0.037007226562499974
1 0.5108642031249999 0.5023114218749999 0.011513359374999983 0.009868593749999998
1 0.6667879843750001 0.563496703125 0.21842487500000007 0.13964060156249997
1 0.39967804687499997 0.5294500546875 0.037171703125000025 0.045395531249999975
1 0.491784921875 0.4939231171874999 0.014144984374999996 0.024178054687499985
1 0.433889171875 0.5067522890625 0.03618484375000002 0.03996780468749996
1 0.5592203125 0.4810939453125 0.02171090625000005 0.01578974999999998
1 0.6496824218749999 0.4712253515624999 0.037171703125000025 0.01578974999999998
1 0.5611940312499999 0.49540340625 0.02861892187499997 0.041448093749999956
1 0.555601828125 0.5551083984374999 0.052303546875000016 0.06118528125000004
1 0.5003377031249999 0.4998442734375 0.010526499999999987 0.017270039062499975
