1 0.450336828125 0.5245157578125 0.006579062499999999 0.004934296875000044
1 0.32829521875 0.5674441406249999 0.042106000000000005 0.03404664843749998
1 0.4600577317753826 0.70856503125 0.2512866145742347 0.34606538669827824
1 0.5296145312499999 0.5225420390625 0.025987296875000017 0.020230617187499966
1 0.259544015625 0.5452398046874999 0.02702608659454544 0.01578974999999998
1 0.27566271875 0.6014907890625 0.16151598437499998 0.09227135156250003
1 0.08922463319034545 0.565470421875 0.03482205916051816 0.027138632812499973
1 0.20000349999999997 0.557575546875 0.008429402579931248 0.004070790018445703
1 0.34770345312500006 0.557575546875 0.03256635937500001 0.03898094531250003
1 0.5003377031249999 0.513758898518739 0.0023684778510434748 0.0019737187499999642
1 0.43790235315716863 0.5284631953124999 0.004342134407168708 0.009868593749999998
1 0.4756662187499999 0.5185946015624999 0.006579062499999999 0.009868593749999998
1 0.45296845312499995 0.5264894765625 0.006579062499999999 0.004934296875000044
1 0.317439765625 0.5521478203125 0.024013578125000025 0.021217476562499994
1 0.45704737818933727 0.525897431201747 0.006579062499999999 0.009868593749999998
1 0.6092211875 0.505272 0.04473762500000002 0.026151773437500036
1 0.9410253993072859 0.501982447916441 0.0948485746573669 0.07631714583355906
1 0.0486850625 0.565470421875 0.015460796875 0.02220433593750002
1 0.412836171875 0.557575546875 0.10000175000000003 0.06710643750000003
1 0.66645903125 0.500337703125 0.022697765624999987 0.01568250510017135
1 0.221385453125 0.577312734375 0.04868506250000001 0.05082325781249999
1 0.737183953125 0.5185946015624999 0.10526499999999998 0.06809329687499996
1 0.21085895312499997 0.5546149687499999 0.006579062499999999 0.009868593749999998
1 0.5589853561319654 0.5025370140917176 0.012246463030572485 0.006372340683435063
1 0.47040296875000004 0.5314237734375 0.017434515625000025 0.01578974999999998
1 0.48750853125 0.5171143125 0.006579062499999999 0.004934296875000044
1 0.44178404687499995 0.5264894765625 0.006579062499999999 0.0029605781249999906
1 0.6460559113255424 0.5003377031249998 0.022697765624999987 0.01578974999999998
1 0.210858953125 0.5497795733348287 0.006842320787701647 0.005131740590776257
1 0.14671309375 0.5926090546875 0.053948312499999984 0.05082325781249999
1 0.47171878125 0.5225420390625 0.007894874999999975 0.004934296875000044
1 0.070724921875 0.5723784375000001 0.006579062499999999 0.013816031250000017
1 0.14325908593749997 0.770737171875 0.28651817187499995 0.2802680625000001
1 0.27566271875 0.557575546875 0.038816468750000006 0.018256898437500002
1 0.300334203125 0.563496703125 0.021381953125000012 0.029112351562500027
