1 0.17368725 0.5437595156249999 0.042434953125000015 0.03108607031249999
1 0.1261535234375 0.780605765625 0.252307046875 0.2871760781249999
1 0.10513069667421643 0.534832909162889 0.020424954051166865 0.02435750221826378
2 0.269412609375 0.5333974921875001 0.008552781250000023 0.032072929687500015
1 0.684133160548983 0.5127392920745295 0.0464043395456765 0.029112246305569744
1 0.5750100625 0.50329828125 0.021381953124999954 0.011348882812499994
1 0.26096951096133547 0.5156340234375 0.02828996874999999 0.019737187499999996
1 0.9928540195312501 0.5003377031249999 0.014291960937500054 0.017270039062499975
1 0.8273169284824374 0.5067522890625 0.04449085876631749 0.02491816838479046
1 0.5677730937500001 0.5116865859375 0.008223828124999954 0.011348882812499994
1 0.2915620364727056 0.5156340234375 0.030482901879163766 0.021710866783123707
1 0.24441217187500003 0.52106175 0.01907928125000001 0.023684625000000015
2 0.278623296875 0.5314237734375 0.007236968750000017 0.030099210937499964
1 0.768763453125 0.5087260078125 0.04605343750000005 0.023684625000000015
1 0.539483125 0.5087260078125 0.039145421874999954 0.03108607031249999
1 0.15444354399062377 0.5373449296875 0.055593078125000014 0.037007226562499974
1 0.31283442187500005 0.5156340234375 0.021381953125000012 0.017270039062499975
1 0.12434428124999998 0.5477069531250001 0.05986946874999998 0.066119578125
1 0.476324125 0.5156340234375 0.013158124999999998 0.017270039062499975
1 0.629287328125 0.5240223281249999 0.056250984375 0.027632062500000033
1 0.007565921874999998 0.5373449296875 0.011513359374999999 0.023684625000000015
1 0.849028015625 0.5013245625 0.022697765624999987 0.027632062500000033
1 0.9381743124999999 0.500337703125 0.05559307812500004 0.0379940859375
1 0.6102080468750001 0.5156340234375 0.03157950000000002 0.017270039062499975
1 0.6569193906249999 0.520074890625 0.03486903125000005 0.027632062500000033
1 0.975346015625 0.5003377031249999 0.033553218750000016 0.03108607031249999
1 0.9903868710937499 0.49737712500000003 0.01922625781249998 0.012335742187500021
1 0.4287080429872038 0.5156340234375 0.05526413322238923 0.03108607031249999
1 0.028125534123362095 0.5319172105254463 0.038487515624999996 0.02861892187499997
1 0.22303021874999998 0.5353712109375 0.03092159375 0.02861892187499997
1 0.9095553906249999 0.5116865859375 0.021381953124999954 0.023684625000000015
1 0.49529365434853834 0.5116865859375 0.04736925000000003 0.0379940859375
1 0.339808578125 0.5116865859375 0.04868506250000001 0.019737187499999996
1 0.7055204083634473 0.5116865859375 0.03889868801566791 0.03293634607050535
1 0.610865953125 0.50329828125 0.015131843749999992 0.006414585937500039
1 0.132568109375 0.5314237734375 0.015789749999999995 0.023684625000000015
1 0.07763293750000001 0.5383317890624999 0.04802715625 0.05970499218749996
1 0.3900287789629313 0.5116865859375 0.022697765624999987 0.023684625000000015
1 0.13717345312499998 0.5314237734375 0.03092159375 0.02861892187499997
1 0.5958435586970767 0.5116865859375 0.02116256772270558 0.018092310052183792
1 0.360861578125 0.5126734453124999 0.015131843749999992 0.023684625000000015
