1 0.039145421875 0.54672009375 0.039474372697293585 0.016283179687500038
1 0.4549421718749999 0.5373449296875 0.014473937499999975 0.010362023437499968
1 0.5474599385302086 0.5578223616357638 0.03264883079594891 0.024055013669502044
1 0.03223740625 0.5377396947533215 0.033553218749999995 0.02052671763164291
1 0.4105335 0.5664572812499999 0.04736925000000003 0.058718132812500025
1 0.624024078125 0.571391578125 0.04868506250000001 0.03404664843749998
1 0.50592990625 0.5314237734375 0.004276390625000026 0.006414585937500039
1 0.5230354687500001 0.5363580703124999 0.008223828125000015 0.011348882812499994
1 0.548364859375 0.614813390625 0.28947875000000006 0.15246977343749996
1 0.47829776261120427 0.5340553578681021 0.006908015624999978 0.006414585937500039
1 0.87229269921875 0.6597154921875001 0.2554146015625001 0.2521425703125
1 0.483890046875 0.5343843515625 0.010197546875000008 0.010362023437499968
1 0.8381725625 0.5797798828125 0.10921243749999997 0.03404664843749998
1 0.47566621875 0.5373449296875 0.026645203124999975 0.006414585937500039
1 0.00945740234375 0.5477069531249998 0.0189148046875 0.02171090624999996
1 0.33706720742140495 0.5717205718193977 0.04956221674080285 0.04769824369439783
1 0.67961715625 0.5886616171875 0.09671221875000005 0.066119578125
1 0.42138895312499997 0.5353712109375 0.015131843749999992 0.006414585937500039
1 0.6720512343749999 0.5383317890624999 0.04407971875000006 0.05032982812500002
1 0.8674493906249999 0.5536281093749998 0.03289531250000006 0.02171090624999996
1 0.006908015625 0.5363580703124999 0.013816027490546454 0.010690972803046428
