1 0.039803328124999995 0.54672009375 0.042434953125 0.016283179687500038
1 0.4438674195908017 0.5396475971762975 0.015131843749999992 0.01529632031250001
1 0.9286346718749999 0.5551083984374999 0.039803328124999975 0.033059789062500046
1 0.544417421875 0.5664572812499999 0.04407971875000006 0.046382390625000006
1 0.031579499999999996 0.5363580703124999 0.033553218749999995 0.018750328124999972
1 0.41316512499999997 0.5600426953125 0.05131668750000002 0.04736925000000003
1 0.184542703125 0.6291228515625 0.23487253125000004 0.11940998437500001
1 0.818764328125 0.577312734375 0.133226015625 0.08338961718749997
1 0.5065878125 0.5314237734375 0.004276390625000026 0.006414585937500039
1 0.7493552187500001 0.6454060312500001 0.31382128125 0.1731938203125
1 0.47435040625 0.5343843515625 0.008223828125000015 0.006414585937500039
1 0.48257423437499997 0.5536281093749998 0.045395531249999975 0.033059789062499956
1 0.483890046875 0.5343843515625 0.012500218749999981 0.010362023437499968
1 0.28816293749999994 0.5950762031249999 0.13848926562499997 0.08338961718749997
1 0.47232969218246434 0.5548969110499401 0.033553218750000016 0.03778258586196559
1 0.00945740234375 0.5477069531249998 0.0189148046875 0.02171090624999996
1 0.340466484375 0.5694178593750001 0.04671134375000001 0.046382390625000006
1 0.4365207968749999 0.5477069531249998 0.014473937499999975 0.02171090624999996
1 0.450336828125 0.592115625 0.14769995312499998 0.07302759375000001
1 0.986859375 0.5664572812499999 0.025987296875000017 0.030099210937499964
1 0.0560865078125 0.5837273203125001 0.112173015625 0.066119578125
1 0.385204109375 0.54672009375 0.022697765624999987 0.02861892187499997
1 0.672709140625 0.5383317890624999 0.04407971875000006 0.054770695312500006
1 0.866791484375 0.5536281093750001 0.03157950000000002 0.020724046875000023
1 0.006943261739753152 0.5363580703124999 0.013886523479506304 0.011348882812499994
