1 0.022039859375 0.49293625781249994 0.027303109375 0.022697765624999987
1 0.08182708984375 0.592115625 0.1636541796875 0.1381603125
1 0.31579499999999994 0.5324106328125 0.06315899999999998 0.04736925000000003
1 0.22434603125 0.49293625781249994 0.03223740625000001 0.012335742187500021
1 0.06710643749999999 0.49293625781249994 0.03486903124999999 0.019737187499999996
1 0.034869031249999995 0.4899756796875 0.006908015624999997 0.011348882812499994
1 0.17237143749999997 0.52106175 0.04243495312499999 0.012335742187500021
1 0.470731921875 0.5126734453124999 0.06710643750000003 0.05230354687499998
1 0.27039946875 0.4870151015625 0.008881734375000002 0.012335742187500021
1 0.042434953125 0.49540340625 0.01578975 0.01529632031250001
1 0.36250634374999996 0.527969765625 0.05822470312499999 0.04835610937499997
1 0.54145684375 0.5126734453124999 0.04111914062500001 0.036020367187500034
1 0.23947787499999995 0.5126734453124999 0.07829084374999998 0.03503350781250001
1 0.25395181249999993 0.48602824218749996 0.016447656249999998 0.011348882812499994
