2 0.6248278043888044 0.5657145913305802 0.007945744238530257 0.03290718134690929
1 0.47138982812499997 0.5383317890624999 0.012500218749999981 0.016283179687500038
1 0.480600515625 0.5333974921875001 0.008223828125000015 0.006414585937500039
1 0.41579675 0.5393186484375 0.01644765625000003 0.024671484375000042
1 0.08026456250000001 0.6454060312500001 0.15987121875000004 0.12977200781249998
1 0.45099473437499993 0.5412923671875001 0.012500218749999981 0.012335742187500021
1 0.42829696874999995 0.5486938125 0.021381953125000012 0.03108607031249999
1 0.5723784375 0.618760828125 0.11184406250000005 0.0873370546875
1 0.503627234375 0.5383317890624999 0.00953964062499999 0.014309460937499985
1 0.4473762500000001 0.5373449296875 0.008223828125000015 0.008388304687500004
1 0.19770082812499998 0.5600426953125 0.133226015625 0.15444349218750003
1 0.460534375 0.5403055078125 0.010855453125000025 0.012335742187500021
1 0.47895574999999996 0.5437595156249999 0.023355671875000004 0.016283179687500038
1 0.8361756776793716 0.5570821171875 0.03704197566844236 0.04486735245655762
1 0.7640923166446747 0.5590558359375 0.07842242921065055 0.045395531249999975
1 0.356914140625 0.5674441406249999 0.05000087499999998 0.06167871093750001
