2 0.6181029218749998 0.504285140625 0.021052999999999975 0.05378383593749998
2 0.3698748568412011 0.502311421875 0.00625010937500002 0.03157949999999996
2 0.37651971865062434 0.504285140625 0.00625010937500002 0.027138632812499973
2 0.20230617187500002 0.5610295546875002 0.03223740625000001 0.09079106250000005
2 0.5934314374999999 0.4949099765625 0.00921068750000001 0.03157949999999996
1 0.44704729687499994 0.5324106328125 0.02203985937500003 0.06069185156249999
2 0.371388078125 0.5023114218749999 0.00625010937500002 0.027138632812499973
1 0.47665307812499996 0.492442828125 0.014802890625000013 0.029112351562500027
2 0.360203671875 0.5052719999999999 0.00625010937500002 0.029605781249999998
2 0.6475990572917578 0.5036272360197657 0.014802890625000013 0.04638239309214844
2 0.5730363437499998 0.48750853124999993 0.006250109374999961 0.02220433593750002
2 0.6220503593749999 0.504285140625 0.007237021383201755 0.04440867187500004
2 0.6371164136842454 0.504285140625 0.010526500000000046 0.04292838281250004
1 0.35592728125 0.4939231171875001 0.013816031250000017 0.020724046875000023
2 0.6086729328399217 0.504285140625 0.010087895285078119 0.040625709292734416
1 0.45823170312499995 0.492442828125 0.00921068750000001 0.012335742187500021
1 0.5407989375 0.5023114218750001 0.013816031249999956 0.026151773437500036
1 0.8490676884172716 0.5745078828125 0.30105823069545273 0.850984234375
2 0.5924314202684257 0.4952257718309256 0.006618537188163269 0.033237423481574345
2 0.6215774966592578 0.4873851688938281 0.005016538445781293 0.010362023437499968
1 0.520732796875 0.7973823750000001 0.29441304687500003 0.38339486718750004
2 0.1196293103376282 0.551654390625 0.027083805342336474 0.08667914697550234
1 0.46908715624999997 0.496390265625 0.005592203125000002 0.016776609375000008
1 0.511522109375 0.52698290625 0.04769820312499995 0.055264124999999976
1 0.51053525 0.48852544764883704 0.05329040624999995 0.10221508787209262
1 0.5381673125000002 0.48010708593750007 0.00921068750000001 0.020724046875000023
2 0.06250109375 0.6582352031250001 0.0736855 0.23881996874999994
2 0.35329565625 0.5136603046874999 0.008552781249999994 0.029605781249999998
2 0.5826229772757711 0.4939231171874999 0.004934296875000044 0.024178054687499985
1 0.40954664062499996 0.5324106328125 0.07269864062499996 0.09671221875000002
2 0.36316425 0.5097128671875 0.00625010937500002 0.03157949999999996
2 0.5973130946383272 0.49046910937499993 0.004934296875000044 0.020230617187499966
2 0.368098546875 0.5087260078124999 0.00625010937500002 0.029605781249999998
