1 0.14679533203125 0.733236515625 0.2935906640625 0.30197896874999997
1 0.5906349759344738 0.5966793572522949 0.06455680724979113 0.0788251225758553
1 0.48717957812499996 0.5749867181095631 0.057754884285297334 0.03193259688751811
1 0.32040017270292737 0.5437595156249999 0.0259873823985363 0.02861892187499997
1 0.49386818759232826 0.6653074841028132 0.12708537975308937 0.1717130353663876
1 0.5467202582249178 0.5200750139811883 0.018092421875000042 0.022697765624999987
1 0.4092176875 0.5225417874360059 0.011019845812001942 0.01653002034449713
1 0.6894857499999999 0.6661300781249999 0.150002625 0.15098948437499998
4 0.40263862499999997 0.5255846036779295 0.011513359374999983 0.021217476562499994
2 0.5359303645419085 0.522739127428111 0.005065967069122005 0.016678023499637273
1 0.56119403125 0.5264894765625 0.018092421875000042 0.019737187499999996
1 0.45198159375 0.5195814609375 0.013158124999999998 0.017270039062499975
1 0.431257546875 0.5097128671875 0.010526499999999987 0.008388304687500004
1 0.34556444701601857 0.5580692281889942 0.04753420185698912 0.03996780468749996
1 0.28059495968852816 0.5718852545248767 0.05888310279975325 0.06496918791827708
1 0.42171790624999994 0.5264894765625 0.015131843749999992 0.01578974999999998
