1 0.4105335 0.5644835625 0.05986946875000001 0.08486990624999997
1 0.5368514999999999 0.5338909218750001 0.012500218749999981 0.017763468750000032
1 0.47566621875 0.539812078125 0.020724046874999996 0.029112351562500027
1 0.277307484375 0.6014907890625 0.08322514062499999 0.075988171875
1 0.510535432496898 0.5250091875 0.006579062499999999 0.005921156249999981
2 0.93488478125 0.6009973593749999 0.01578974999999995 0.10065965624999995
1 0.49211393583229934 0.5477069531249998 0.021710967082299366 0.02171090624999996
2 0.38355934374999995 0.5314237734375 0.004934296874999984 0.011348882812499994
1 0.45971173206338123 0.545733234375 0.030373391900460275 0.03963893160069034
2 0.816132703125 0.5837273203125001 0.01842137500000002 0.07401445312500003
2 0.37599342187500007 0.5412923671875001 0.008223828125000015 0.020724046875000023
1 0.435204984375 0.545733234375 0.01546079687499997 0.02516491406250001
2 0.9491932384545604 0.6044511846906019 0.03092159374999994 0.10608720031560193
1 0.4881066924321113 0.5313789449003827 0.011842312500000023 0.016328008224617198
2 0.691788421875 0.5610295546875002 0.01578974999999995 0.05131668750000005
1 0.5407989375 0.539812078125 0.017434515625000025 0.02516491406250001
1 0.5296145312499999 0.5225420390625 0.006579062499999999 0.005921156249999981
1 0.5536281093750001 0.545733234375 0.027303109375000054 0.03108607031249999
1 0.512837921875 0.547706953125 0.04671134375000001 0.019737187499999996
1 0.5814577479248985 0.5544179031373476 0.046711598968623015 0.06207360781867379
1 0.506916765625 0.53487778125 0.025329390625 0.011842312499999962
1 0.499679796875 0.5195814609375 0.003947437499999987 0.003947437500000017
2 0.962187890625 0.59803678125 0.026645203124999975 0.10707424218749999
1 0.5096580608543518 0.6480376973664681 0.14032597059795288 0.1884079619626287
1 0.44441567187500003 0.539812078125 0.011184406250000004 0.02171090624999996
1 0.38586201562500005 0.555601828125 0.03059264062500002 0.0478626796875
2 0.991793671875 0.6009973593749999 0.01578974999999995 0.10065965624999995
1 0.570733671875 0.527969765625 0.003947437499999987 0.005921156249999981
4 0.46941610937499995 0.5250091875 0.0026316250000000116 0.006414585937500039
1 0.490469109375 0.5225420390624999 0.00921068750000001 0.009868593749999998
4 0.562180890625 0.525996046875 0.003289531250000029 0.008388304687500004
2 0.8381725625 0.5857010390624999 0.01578974999999995 0.07006701562500002
