1 0.8515134463838855 0.52106175 0.08158037500000007 0.03404664843749998
1 0.6878409843750001 0.5166208828125 0.07960665624999995 0.04835610937499997
1 0.960257967441832 0.501785145512376 0.020724046874999996 0.010362023437499968
1 0.17697678125 0.577312734375 0.09671221875 0.09868593749999999
1 0.27467585937500005 0.5190880312499999 0.01578975000000001 0.010362023437499968
1 0.4585606562500001 0.74409196875 0.27303109375000006 0.35526937500000005
1 0.608892234375 0.5250091875 0.057566651066089256 0.03996758597413388
1 0.883239140625 0.5109111938103095 0.008223828124999954 0.005251497746714229
1 0.7556053281249999 0.52106175 0.06579062499999999 0.037007226562499974
1 0.79540865625 0.528956625 0.01644765625000003 0.020724046875000023
1 0.25395181250000004 0.520074890625 0.011513359375000013 0.010362023437499968
1 0.46398256339894217 0.5304369140625 0.0827355236567275 0.0439158441957991
1 0.5174432656249999 0.5770915378841346 0.11382911774916658 0.11047721329423084
1 0.971069625 0.520074890625 0.04671134375000001 0.03404664843749998
1 0.496829390272081 0.5149765075478108 0.01907928124999998 0.012335742187500021
1 0.9885041406249999 0.49540340625 0.017105562499999987 0.010362023437499968
1 0.8010008593750001 0.520074890625 0.03914542187500002 0.03108607031249999
1 0.960214171875 0.497377125 0.021381953124999954 0.014309460937499985
1 0.33158474999999993 0.5876747578125 0.06875120312499998 0.09177792187499997
1 0.28816293750000005 0.525996046875 0.017763468750000004 0.017270039062499975
1 0.09662998046875 0.760868578125 0.1932599609375 0.28914979687500003
1 0.27303109375 0.624681984375 0.12697590625000002 0.14506832812499998
1 0.09618621164902841 0.6083988046875 0.15046347727402842 0.10707424218749999
1 0.905279 0.520074890625 0.0319450039189519 0.02565834374999998
1 0.6292873281249999 0.52698290625 0.084540953125 0.04095466406249999
1 0.55461496875 0.51908803125 0.024013578125000025 0.024671484375000042
1 0.9859090660940583 0.5067522890625 0.019810287889854193 0.014309460937499985
