1 0.43356021875 0.48306766406250007 0.01578975000000001 0.026151773437500036
1 0.45560007812500003 0.46777134374999996 0.011842312500000023 0.01529632031250001
1 0.448363109375 0.48306766406249996 0.007236968750000017 0.016776609375000008
1 0.45296845312500006 0.4855348125000001 0.004605343750000005 0.012335742187500021
1 0.5184301250000001 0.48010708593750007 0.008223828125000015 0.020724046875000023
1 0.5736942500000001 0.5590558359375001 0.06283004687499995 0.0774684609375
1 0.5157985 0.48010708593749996 0.011184406250000004 0.02220433593750002
1 0.9171213125000001 0.8750065625000001 0.16513446874999999 0.24998687499999991
1 0.406915015625 0.4870151015625 0.023026718750000025 0.026151773437500036
1 0.53224615625 0.478626796875 0.026645203125000034 0.029112351562500027
1 0.46777134375 0.42632325 0.00921068750000001 0.008388304687500004
1 0.5092194375 0.481587375 0.006579062499999999 0.017763468750000032
1 0.466784484375 0.4401392812500001 0.005592203125000002 0.012335742187500021
1 0.5286276718749999 0.47467935937500005 0.02203985937499997 0.03454007812500004
1 0.3220451093749999 0.5491872421874999 0.04802715624999999 0.06513271874999997
1 0.4934296875 0.43865899218750004 0.010197546875000008 0.012335742187500021
1 0.6013263124999999 0.4855348125000001 0.07368549999999997 0.045888960937500035
2 0.49014015624999996 0.4810939453125 0.016118703124999988 0.037007226562499974
1 0.49540340625 0.419415234375 0.00921068750000001 0.01529632031250001
1 0.512837921875 0.47023849218749997 0.014802890625000013 0.01924375781250003
1 0.46217914062500004 0.447047296875 0.011184406250000004 0.013816031250000017
1 0.355269375 0.5383317890624999 0.039803328124999975 0.058224703124999964
1 0.2934261875 0.5630032734375 0.06644853124999998 0.07352102343749997
1 0.32105825 0.49540340625 0.08289618749999998 0.045888960937500035
1 0.4565869375 0.4633304765625 0.00921068750000001 0.010855453125000025
1 0.457573796875 0.45938303906249994 0.011842312500000023 0.012335742187500021
1 0.4437577656250001 0.4840545234375 0.008223828125000015 0.017763468750000032
1 0.42336267187500004 0.4840545234375 0.017434515625000025 0.026151773437500036
1 0.08486990625000002 0.6380045859375 0.15230529687500002 0.14654861718749998
1 0.2587998475706011 0.5127941719692392 0.01727148340414318 0.02467024636787727
