1 0.3918022446310135 0.5309589528840203 0.03161764551202708 0.052854194830540546
1 0.99416983203125 0.6167871093749999 0.011660335937499985 0.06957358593749996
1 0.1879419078023366 0.7659674283133684 0.3758838156046732 0.34392049218750004
1 0.3743486562499999 0.5646655985134312 0.038487515624999996 0.04095466406249999
1 0.77435565625 0.5644835625 0.07927770312499997 0.037500642434687134
1 0.9894909999999999 0.6182673984375 0.014144984375000055 0.045395531249999975
1 0.5886616624129014 0.5738587265625 0.06579062499999999 0.09029763281249999
1 0.28388654687500003 0.6074119453125 0.07434340625000001 0.045395531249999975
1 0.864817765625 0.5644835625 0.045395531249999975 0.033553218750000016
1 0.26480726562499995 0.561522984375 0.18158212499999996 0.08832391406250002
1 0.532575109375 0.5531346796874999 0.05152361790644307 0.029605781249999998
1 0.035197984375 0.568431 0.06250109374999999 0.06414585937500003
