1 0.813172125 0.5250091875 0.07631712500000004 0.04243495312499999
1 0.835211984375 0.49293625781249994 0.02532939062500006 0.032072929687500015
1 0.68224878125 0.5674441406249999 0.039803328124999975 0.05970499218749996
1 0.770079265625 0.5013245625 0.03157950000000002 0.013322601562499958
1 0.70067015625 0.5013245625 0.07894874999999998 0.036020367187500034
1 0.941792796875 0.54672009375 0.05131668749999996 0.02861892187499997
1 0.7082360781249998 0.48602824218749996 0.024671484374999983 0.011348882812499994
1 0.64935346875 0.504285140625 0.039803328124999975 0.02171090624999996
1 0.899028890625 0.5580689765625 0.07138282812499999 0.027632062500000033
1 0.957582546875 0.481587375 0.03157950000000002 0.037007226562499974
1 0.8565939374999999 0.504285140625 0.06579062499999999 0.03503350781250001
1 0.724683734375 0.5156340234375 0.049342968749999966 0.03503350781250001
1 0.724025828125 0.544746375 0.039803328124999975 0.05575755468750003
1 0.986859375 0.5126734453124999 0.02532939062499994 0.016283179687500038
1 0.675998671875 0.5304369140625 0.05361935937500005 0.037007226562499974
1 0.9108712031249999 0.478626796875 0.037171703125000025 0.03898094531250003
1 0.6539588124999999 0.551654390625 0.017763468749999945 0.04342181250000001
1 0.9929362578125 0.5250091875 0.014127484375000065 0.012335742187500021
1 0.991784921875 0.47566621875 0.01643015624999992 0.03108607031249999
1 0.8773179843750001 0.48800196093750003 0.02828996874999999 0.03108607031249999
1 0.6463928906249999 0.5126734453124999 0.034211124999999974 0.013322601562499958
1 0.737183953125 0.5023114218750001 0.037171703125000025 0.012335742187500021
1 0.7592238124999999 0.5250091875 0.039803328124999975 0.04243495312499999
1 0.9746881093750001 0.5353712109375 0.04243495312500004 0.023684625000000015
