1 0.41184931249999995 0.528956625 0.006908015624999978 0.007401445312499977
1 0.39540165230238883 0.5403055018910832 0.01085544917738878 0.017270039062499975
1 0.40362548437499995 0.5343843515625 0.0019737187499999937 0.010362023437499968
1 0.44408671875 0.5353711961371994 0.00855277631656648 0.01529632031250001
1 0.44145509374999997 0.528956625 0.006908015624999978 0.010362023437499968
1 0.03996780468749999 0.6044513671874999 0.07993560937499998 0.08980420312500001
1 0.376651328125 0.547706953125 0.017763468750000004 0.02565834374999998
1 0.895730609375 0.6577417734375 0.20853878125 0.22747108593750004
1 0.4138230312499999 0.52698290625 0.006908015624999978 0.00937516406250003
1 0.7006701562500001 0.54277265625 0.12500218750000006 0.058718132812500025
1 0.3986911875 0.5363580703124999 0.00953964062499999 0.014309460937499985
1 0.3697067544365461 0.5560952578125 0.008881734374999973 0.036020367187500034
1 0.38421724999999995 0.5435127711766529 0.015131843749999992 0.022697765624999987
1 0.450994734375 0.5393186484375 0.013158124999999998 0.02861892187499997
1 0.35066403125 0.5590558359375 0.039803328124999975 0.04736925000000003
1 0.466126578125 0.547706953125 0.03157950000000002 0.04440867187500004
