1 0.0730260936037383 0.57435215625 0.13848839711926955 0.08289666123039838
2 0.405599203125 0.5314237734375 0.008223828125000015 0.011348882812499994
1 0.03593812890625 0.5595492656250001 0.0718762578125 0.08486990624999997
1 0.7546184687499999 0.5906353359375001 0.09934384375000001 0.08486990624999997
1 0.22409931640625 0.8866931484375 0.4481986328125 0.2250039375
1 0.11765459688904227 0.5314237734375 0.05022066249297885 0.014802890625000042
1 0.48290318749999994 0.5422792265624999 0.046053437499999995 0.011842312499999962
1 0.681261921875 0.5472135234375 0.014144984375000055 0.011842312499999962
1 0.5075746718749999 0.5245157578125 0.006579062499999999 0.010855453125000025
1 0.6054360552981738 0.636524296875 0.23158378955066397 0.15543070686029878
1 0.5513242531740039 0.57435215625 0.06875167685539842 0.053042210998754856
1 0.13355496875 0.5393186484375 0.03454007812500001 0.013816031250000017
1 0.600339453125 0.5205683203125 0.005921156249999981 0.006908015625000008
2 0.681699826426044 0.5373449296875 0.007565921874999996 0.012006716688470042
1 0.8919555694093027 0.6034652184080975 0.14506888081046487 0.126318
1 0.784553203125 0.6074119453125 0.10526499999999998 0.09325821093749997
1 0.0513166875 0.5111931562499998 0.056579937500000003 0.027138632812499973
1 0.14342356250000002 0.5472135234375 0.024013578125000008 0.020230617187499966
1 0.9745144485596348 0.6202411171875 0.05097110288073049 0.09424530717769919
1 0.25493867187499997 0.57435215625 0.23355671875 0.13322601562500003
1 0.5802733125 0.5363580703124999 0.03125054687500004 0.013816031250000017
1 0.5677730937500001 0.5412923671875001 0.033224265625000034 0.011842312499999962
1 0.18212948759529737 0.5458974214413802 0.040678341112758434 0.013815814127910197
1 0.494416546875 0.5245157578125001 0.022697765624999987 0.014802890625000042
1 0.587839234375 0.5501741015624999 0.04802715625000005 0.021217476562499994
1 0.42829696874999995 0.6074119453125 0.22533289062499998 0.14704204687499994
1 0.683235640625 0.5343843515625 0.020724046874999996 0.023191195312499958
1 0.39967804687499997 0.5472135234375001 0.03454007812500001 0.014802890625000042
1 0.10329128124999999 0.5171143125000001 0.027303109374999992 0.006908015625000008
1 0.5865234218750001 0.5294500546875 0.051974593750000034 0.03996780468749996
1 0.00723696875 0.5393186484375001 0.014144984375 0.014802890625000042
1 0.555601828125 0.5324106328125 0.014144984375000055 0.009868593749999998
1 0.701657015625 0.5644835624999999 0.05657993749999998 0.033059789062499956
1 0.7865269218749998 0.5393186484374999 0.04342181249999998 0.021217476562499994
1 0.6049447968749999 0.5274763359374999 0.016118703125000047 0.021217476562499994
1 0.56645728125 0.5412923671875001 0.03750065625 0.014802890625000042
1 0.7065913125 0.5363580703124999 0.04013228124999995 0.027138632812499973
