1 0.23230651792092089 0.5620164140624999 0.04868506250000001 0.05062575172194066
1 0.15855540625 0.5600426953125 0.05049438418371023 0.05674441406249997
1 0.7144861875000001 0.5847141796875 0.13651554687500003 0.07006701562500002
1 0.9882486757812501 0.6000105 0.023502648437499947 0.045395531249999975
1 0.2836397865897146 0.5600426953125 0.05542869244557072 0.055880843947071934
1 0.0055922031249999995 0.505272 0.010855453125 0.012335742187500021
1 0.19609700670427177 0.5551083984374999 0.044306078115849586 0.05329040625000001
1 0.2543705031694696 0.545733234375 0.02682467821393925 0.024043448370795594
1 0.9207866599401733 0.8816320322307799 0.1566763252991335 0.23673593553844033
1 0.8125142187500001 0.597049921875 0.14835785937499998 0.07105387500000004
