2 0.41119140625 0.51514059375 0.008552781249999994 0.030099210937499964
1 0.45307982372160416 0.5064262128851837 0.01907928124999998 0.027138632812499973
1 0.46810029687499993 0.4939231171875 0.006579062499999999 0.008388304687500004
1 0.31809767187499993 0.6005039296875001 0.08355409374999999 0.09375164062500004
1 0.566128328125 0.54672009375 0.027632062500000033 0.06710643750000003
1 0.49770607812499995 0.4810939453125 0.026645203124999975 0.04835610937499997
1 0.08552781250000001 0.7317562265625 0.16710818749999998 0.2220433593750001
2 0.32204510937499997 0.54672009375 0.013158124999999998 0.03108607031249999
1 0.4473762499999999 0.5166208828125 0.023684624999999983 0.02565834374999998
1 0.5611940312499999 0.537838359375 0.032237406249999975 0.04391524218749998
1 0.6181029218749999 0.502311421875 0.04572448437499996 0.03996780468749996
1 0.700999109375 0.6720512343749999 0.11579150000000003 0.18947699999999995
1 0.35888785937499995 0.563496703125 0.06842225 0.08092246874999995
1 0.660866828125 0.6064250859374999 0.13026543749999994 0.15937778906249997
1 0.463494953125 0.4968836953124999 0.013158124999999998 0.01578974999999998
1 0.45296845312499995 0.5037917109375 0.02171090624999999 0.02861892187499997
1 0.6181029218749999 0.5778061640625 0.09309373437500004 0.12829171874999998
1 0.47961365624999996 0.4840545234375 0.011513359374999983 0.01578974999999998
1 0.41853994400678923 0.5518217441351838 0.02335467982407451 0.03996780468749996
1 0.40066490624999995 0.5580689765625 0.029276828124999987 0.04835610937499997
1 0.4776399375 0.4870151015625 0.011513359374999983 0.01282917187499999
1 0.84803240625 0.7529737031250001 0.30393518750000015 0.39425032031250007
1 0.504285140625 0.508232578125 0.026645203124999975 0.02861892187499997
1 0.583233890625 0.5496806718749999 0.04572448437499996 0.06957358593749996
1 0.3391506718749999 0.5264894765625 0.023684624999999983 0.032566359374999986
2 0.536522546875 0.5008311328125 0.016118703124999988 0.03108607031249999
1 0.183226890625 0.5866878984375 0.04572448437500001 0.08240275781249995
1 0.58224703125 0.5679375703125 0.027632062500000033 0.06957358593749996
1 0.53093034375 0.4810939453125 0.03223740625000004 0.054277265625000036
1 0.474021453125 0.5037917109375 0.01907928124999998 0.02565834374999998
1 0.5273119836941688 0.50191684861986 0.007960654969071257 0.02565834374999998
