1 0.38125667187499995 0.5600426953125 0.025329390625 0.027138632812499973
1 0.373361796875 0.506258859375 0.04177704687499997 0.04095466406249999
1 0.48224528125 0.5363580703124999 0.006579062499999999 0.013816031250000017
1 0.49441694840259154 0.5350426593400915 0.019408234375000017 0.022862041423704228
1 0.95798498828125 0.9276478125000001 0.08403002343750003 0.1435880390625
2 0.689814703125 0.5644835625 0.017105562499999987 0.07105387499999996
1 0.41790207605147234 0.5535294147536758 0.03256635937500001 0.038191453470587965
1 0.32401882812500005 0.5373449296875 0.04177704687500003 0.023191195312499958
1 0.46513971875 0.5353712109375 0.003947437499999987 0.01282917187499999
1 0.6167871093750001 0.5664572812499999 0.01250021875000004 0.044902101562500005
1 0.2802680625 0.5462266640625 0.05723784375000003 0.03404664843749998
1 0.5788478178935411 0.5449108702013753 0.03684273136112471 0.04572449369443765
1 0.44967892187499997 0.5412923671875001 0.029934734375000004 0.036020367187500034
2 0.6207335991725197 0.539812078125 0.00855230739875985 0.024917843830319874
1 0.23224090625 0.5802733124999999 0.06908015624999995 0.06167871093750001
1 0.43652079687500006 0.5284631953125 0.009868593750000028 0.011842312499999962
1 0.4240675297420136 0.5346662896344202 0.023261692517693257 0.019878156535960124
1 0.4074320035909739 0.535089302471645 0.015789726034065706 0.007753956715973942
1 0.38926126625920954 0.5324106328125 0.02291705528241644 0.01381597533337402
1 0.5947472500000001 0.5511609609375 0.035197984375000026 0.044902101562500005
1 0.318097671875 0.6330702890625 0.18881909375 0.17171353125
2 0.6488600328951993 0.5368514999999998 0.007565921874999996 0.007401445312499977
1 0.38915154687500003 0.5600426953125 0.039803328124999975 0.04884953906250002
1 0.64277440625 0.571391578125 0.06315900000000003 0.06414585937500003
1 0.562180890625 0.5432660859375 0.018092421875000042 0.03404664843749998
1 0.47171878125 0.5353712109375 0.016776609375000008 0.02220433593750002
1 0.336519046875 0.5412923671875001 0.06579062499999999 0.03108607031249999
1 0.373361796875 0.5383317890624999 0.020724046874999996 0.020724046875000023
