1 0.08923600850908965 0.5240223281249999 0.013816031250000001 0.01529632031250001
1 0.950345578125 0.4884953906250001 0.03486903125000005 0.017763468750000032
2 0.656261484375 0.8320781796875 0.16414760937500006 0.335843640625
1 0.622708265625 0.5284631953125001 0.04407971875000006 0.017763468750000032
1 0.30921593750000004 0.5131668750000001 0.012006783305849093 0.015707497327122778
2 0.771066125 0.4939231171875 0.006579062500000058 0.014309460937499985
2 0.016118703125 0.6207345468750001 0.031250546875 0.16381865625000006
1 0.30000525 0.5131668750000001 0.02203985937500003 0.017763468750000032
1 0.3532956562500001 0.5102062968750001 0.008223828125000015 0.012335742187500021
1 0.5173124746479931 0.5207288257133776 0.03684274999999999 0.03685264820907168
1 0.40402551814114024 0.50329828125 0.02203985937500003 0.029112351562500027
1 0.2990183906250001 0.5047785703125 0.011842312500000023 0.011740650928421114
1 0.9144896874999999 0.4867249950181577 0.029276828125000046 0.02231095689921032
1 0.8055384287439475 0.48730520810684225 0.01644765625000003 0.03454007812500004
1 0.11052824999999998 0.5151406159544469 0.03664536924322121 0.025559697780504553
1 0.34211125000000003 0.5102062968750001 0.01644765625000003 0.020724046875000023
1 0.15921331249999995 0.5185946015624999 0.01109043682893048 0.01191281212252342
1 0.8642695240620083 0.48553481249999997 0.049087098125655496 0.03569140382849376
1 0.608234328125 0.5531346796874999 0.08750153125000004 0.055264124999999976
1 0.552970203125 0.5284631953124999 0.04704029687500005 0.05230354687499998
1 0.2811871474939475 0.5140520728034211 0.013816031250000017 0.017763468750000032
1 0.13432897302966582 0.5255026171875 0.011842312500000007 0.01529632031250001
1 0.368098546875 0.506258859375 0.0026316250000000116 0.005427726562500013
1 0.292439328125 0.5047785703125001 0.00921068750000001 0.003947437500000017
