1 0.8838970468749999 0.5704047187500001 0.10033070312500006 0.046382390625000006
1 0.258228203125 0.57040471875 0.10230442187500002 0.06167871093750001
1 0.754947421875 0.5551083984374999 0.04046123437500005 0.024671484375000042
2 0.46382390625 0.551654390625 0.007565921874999996 0.02565834374999998
2 0.52040384375 0.5620164140624999 0.007565921874999996 0.017270039062499975
1 0.652643 0.55264125 0.05559307812500004 0.018750328124999972
1 0.460534375 0.5437595156249999 0.01907928124999998 0.004934296875000044
1 0.47698203125 0.5437595156249999 0.00953964062499999 0.004934296875000044
1 0.595076203125 0.5477069531250001 0.03782960937499998 0.01529632031250001
1 0.73159175 0.553628109375 0.05690889062499996 0.024671484375000042
1 0.799027140625 0.5590558359375001 0.10164651562499998 0.0379940859375
1 0.516785359375 0.54672009375 0.025987296875000017 0.00937516406250003
