1 0.8181064218749999 0.5590558359374999 0.01578974999999995 0.013322601562499958
1 0.6855383125 0.545733234375 0.01578974999999995 0.006414585937500039
1 0.69540690625 0.5639901328125001 0.008223828124999954 0.012335742187500021
1 0.9973858749999999 0.5393186484375001 0.004276390624999967 0.00937516406250003
1 0.593102484375 0.5551083984374999 0.013816031249999956 0.006414585937500039
1 0.6223793125 0.5477069531250001 0.013158124999999998 0.006414585937500039
1 0.6322479062499998 0.5536281093750001 0.010197546874999948 0.006414585937500039
1 0.6954069062499999 0.5639901328125001 0.006250109374999961 0.012335742187500021
1 0.9335689687500001 0.545733234375 0.008881734375000032 0.006414585937500039
1 0.851659640625 0.5590558359374999 0.01578974999999995 0.013322601562499958
1 0.655603578125 0.545733234375 0.008881734375000032 0.006414585937500039
1 0.9935941640625 0.5486938125 0.012811671875000031 0.01529632031250001
1 0.5710626249999999 0.5649769921874999 0.024013578125000025 0.013322601562499958
1 0.8003429531249999 0.5600426953125 0.01578974999999995 0.02171090624999996
1 0.98620146875 0.5363580703125 0.011513359374999983 0.006414585937500039
1 0.6855383125000001 0.5551083984374999 0.008881734375000032 0.006414585937500039
1 0.916134453125 0.5383317890624999 0.00953964062499999 0.008388304687500004
1 0.9463981406249999 0.5477069531250001 0.008881734375000032 0.012335742187500021
1 0.645077078125 0.5526412500000001 0.01578974999999995 0.012335742187500021
1 0.960872078125 0.5526412500000001 0.011513359374999983 0.012335742187500021
1 0.643761265625 0.545733234375 0.01578974999999995 0.00937516406250003
1 0.833238265625 0.5590558359375001 0.023355671874999945 0.012335742187500021
1 0.8592255625 0.5649769921875001 0.002631624999999952 0.006414585937500039
1 0.9513324375000001 0.5393186484375001 0.008881734375000032 0.00937516406250003
1 0.7365260468749999 0.54277265625 0.01907928124999998 0.006414585937500039
1 0.6829066874999999 0.5639901328125001 0.01907928124999998 0.012335742187500021
1 0.958898359375 0.54277265625 0.011513359374999983 0.012335742187500021
1 0.5539570625 0.5590558359375001 0.01907928124999998 0.012335742187500021
1 0.9286346718750002 0.5412923671875001 0.008881734375000032 0.006414585937500039
1 0.8457384843749999 0.5393186484375001 0.020724046874999996 0.012335742187500021
1 0.6095501406249999 0.5477069531250001 0.013816031249999956 0.006414585937500039
1 0.9394901250000001 0.5551083984374999 0.030263687499999983 0.013322601562499958
1 0.7960665625 0.5477069531250001 0.008223828124999954 0.006414585937500039
1 0.7042886406249999 0.5447463750000001 0.013158124999999998 0.006414585937500039
1 0.9121870156249999 0.5393186484375001 0.004276390624999967 0.006414585937500039
1 0.92304246875 0.5477069531249998 0.008881734375000032 0.013322601562499958
1 0.991793671875 0.5333974921875001 0.008223828124999954 0.006414585937500039
1 0.8059351562499999 0.5477069531250001 0.008223828124999954 0.00937516406250003
1 0.593102484375 0.5639901328124999 0.020724046874999996 0.013322601562499958
1 0.6519850937499998 0.5649769921874999 0.013158124999999998 0.013322601562499958
1 0.5736942500000001 0.5590558359375001 0.01907928124999998 0.00937516406250003
1 0.9635037031249999 0.5447463750000001 0.008223828124999954 0.006414585937500039
1 0.991127015625 0.545733234375 0.017745968749999955 0.013322601562499958
1 0.6684327499999999 0.5477069531250001 0.008223828124999954 0.00937516406250003
1 0.61908978125 0.5590558359375 0.032237406249999975 0.019737187499999996
