2 0.6950779488485795 0.5225420198186075 0.007565930427841158 0.038980970971023335
1 0.19210862499999998 0.555601828125 0.07631712499999997 0.07006701562500002
1 0.41415198437499995 0.5205683203125 0.024013578125000025 0.03059264062500002
1 0.24730840603311202 0.5472135234375 0.05032982812500002 0.051416162523742946
1 0.294742 0.5511609609375 0.06217214062499998 0.059211562499999995
1 0.11085720312500001 0.555601828125 0.04605343750000001 0.0478626796875
1 0.01907928125 0.5733652968749998 0.03750065625 0.06365242968749998
1 0.38092771875 0.5205683203125 0.025329390625 0.024178054687499985
1 0.073356546875 0.571391578125 0.09671221875 0.07105387500000004
1 0.501653515625 0.513166875 0.014802890625000013 0.016776609375000008
2 0.6277809062080638 0.5133102319863426 0.007332540074228433 0.030370085228067546
