2 0.7626543190284842 0.4558585273979524 0.017105562499999987 0.06160820708545236
1 0.17242626518339071 0.6098790937499999 0.12297364106660925 0.09227135156250003
1 0.92295148046875 0.610865953125 0.1540970390625001 0.15987121874999993
2 0.0986859375 0.6449126015625 0.027632062500000002 0.13964060156249997
2 0.034211125 0.681919828125 0.05032982812499999 0.20773389843749995
2 0.8424489531249999 0.38734230468749997 0.00953964062499999 0.03108607031249999
2 0.86909415625 0.389809453125 0.00296057812500005 0.019737187499999996
2 0.7636975907895921 0.45059999851979604 0.016908214309388114 0.04835610937499997
2 0.855607078125 0.39721089843749996 0.007565921874999996 0.03404664843749998
1 0.037829609375 0.5768193046875 0.07282478001176487 0.05287117411544191
