1 0.41184931249999995 0.5304369140624999 0.006908015624999978 0.007401445312499977
1 0.39605956249999996 0.5403055078125 0.011513359374999983 0.017270039062499975
1 0.4037716838957652 0.5343843515625 0.006688716343852145 0.011239233171926077
1 0.44408671875000005 0.5343843515625 0.008223828125000015 0.014309460937499985
1 0.44145509374999997 0.528956625 0.006908015624999978 0.010362023437499968
1 0.0406257109375 0.6044513671874998 0.081251421875 0.09177792187499997
1 0.3766513281249999 0.547706953125 0.020358672358752196 0.024890709084748684
1 0.4138230312499999 0.525996046875 0.006908015624999978 0.00937516406250003
1 0.7013280625 0.54277265625 0.12500218750000006 0.05970499218749996
1 0.3987642872603826 0.5363580703124999 0.00953964062499999 0.013322601562499958
1 0.369414359375 0.5560952578125 0.008881734374999973 0.036020367187500034
1 0.3837943092608621 0.5437595156249999 0.01560177477172419 0.021640420826120544
1 0.450994734375 0.5393186484375 0.013158124999999998 0.02861892187499997
1 0.35126211914144884 0.5581587041003268 0.039803328124999975 0.04736925000000003
1 0.466126578125 0.5477069531249998 0.03157950000000002 0.04095466406249999
