1 0.14835785937499998 0.7001767265625001 0.29671571874999997 0.32122272656250006
2 0.8427779062499999 0.5866878984375 0.006908015625000038 0.036020367187500034
1 0.4854250116952619 0.500666431605393 0.0036182597303930325 0.004934296875000044
2 0.7609859475751054 0.5454177625971842 0.020724046874999996 0.08374743674139484
1 0.516127453125 0.504285140625 0.008223828125000015 0.012335742187500021
1 0.26875487580553237 0.5472134370972338 0.06151417681482257 0.049836312097233826
2 0.851659640625 0.6557680546875 0.027303109375000054 0.15444349218750003
1 0.42698115625 0.5119331700838107 0.013158124999999998 0.012335742187500021
1 0.47213047059390845 0.68845619468179 0.20468936691264877 0.29543828673350375
1 0.37270389062500003 0.5121797830541064 0.013816031250000017 0.012335742187500021
1 0.501653515625 0.504285140625 0.008223828125000015 0.011348882812499994
1 0.386519921875 0.5126734453124999 0.021381953125000012 0.024671484375000042
1 0.3480324062499999 0.5437595156249999 0.06118528124999999 0.06167871093750001
1 0.4092176875 0.5119331700838107 0.013816031250000017 0.01529632031250001
1 0.46612717129956766 0.5066690868725775 0.0025218750959053794 0.006414585937500039
1 0.529285578125 0.5087260078124999 0.013816031250000017 0.013322601562499958
1 0.463166 0.50329828125 0.00625010937500002 0.006414585937500039
1 0.405599203125 0.5136603046875001 0.00953964062499999 0.012335742187500021
1 0.4549421718750001 0.5080912764081116 0.008223828125000015 0.012194690764302596
1 0.402967578125 0.5126734453124999 0.008223828125000015 0.01529632031250001
1 0.46185018749999995 0.5106997265625001 0.008223828125000015 0.012335742187500021
1 0.47303459374999995 0.5013245625 0.003289531250000029 0.006414585937500039
