1 0.5218841265076175 0.5395653538239265 0.12012272665397053 0.07056044531249998
1 0.566786234375 0.6657903378256412 0.1362567041952273 0.17516753906249996
1 0.7825400105105355 0.58224703125 0.1229889948855354 0.14956840610919678
1 0.17408199565790713 0.6123462421875 0.1721411731743607 0.10771570507404107
1 0.8003429531249999 0.478626796875 0.07368549999999997 0.055264124999999976
1 0.6809329687500001 0.5393186484374999 0.1407919375 0.09769907812499996
1 0.37073017187499996 0.575339015625 0.14802890625 0.08684362500000002
2 0.01907928125 0.6177739687500001 0.034211125 0.09967279687500001
1 0.6273136093749999 0.6745183828125 0.12237056249999997 0.11052824999999995
1 0.6440902187499999 0.513166875 0.07927770312499997 0.07056044531249998
2 0.8329093125 0.44408671875000005 0.005592203125000002 0.030099210937499964
