1 0.5404699843749999 0.422540411877398 0.05986941611504377 0.06743534676253642
1 0.5276408125 0.3281307421875 0.014802890625000013 0.013816031250000017
1 0.5250091875 0.2723731875 0.005592203125000002 0.01529632031250001
1 0.544417421875 0.539812078125 0.08026456249999997 0.10362023437499994
1 0.531259296875 0.347539099377398 0.054277265624999946 0.04687582031250002
1 0.30724221874999996 0.5047785703125 0.08026456250000003 0.11200853906249994
1 0.534219875 0.3972108984375 0.05065878124999994 0.04292838281250004
1 0.33750590625 0.4302706875 0.07006701562500002 0.07894874999999998
1 0.5434305625 0.4771465078125 0.07204073437499996 0.06513271874999997
1 0.8472922617187499 0.6059316562499999 0.3054154765625 0.20773389843749995
1 0.3855330625 0.3735262734375 0.05263249999999999 0.06661300781249997
1 0.5276408125 0.3197424375 0.01282917187499996 0.02220433593750002
1 0.6881699375 0.4317509765625 0.026645203124999975 0.06908015625000004
1 0.43356021875 0.3153015703125 0.03684274999999999 0.04835610937500001
1 0.5286276718749999 0.30839355468749996 0.01644765625000003 0.027632062499999988
1 0.526653953125 0.26546517187499996 0.007236968750000017 0.01085545312499998
1 0.5240223281249999 0.30296582812500006 0.010197546875000008 0.0315795
2 0.6009971159009927 0.5393175528044671 0.027303596323014646 0.12681142968749998
