1 0.45987646875 0.513166875 0.007894874999999975 0.008388304687500004
1 0.43684975000000004 0.53882521875 0.03684274999999999 0.01924375781250003
1 0.331255796875 0.5324106328125 0.022697765624999987 0.029605781249999998
1 0.28750503125 0.525996046875 0.006908015624999978 0.005427726562500013
1 0.418428375 0.5225420390624999 0.012829171875000019 0.01282917187499999
1 0.30428164062499996 0.5373449296875 0.02894787500000001 0.032072929687500015
2 0.12697590625 0.571391578125 0.01907928125000001 0.07302759375000001
1 0.34540078125 0.5324106328125 0.01644765625000003 0.02861892187499997
1 0.9838987968749999 0.5501741015625001 0.030263687499999983 0.054277265625000036
1 0.52106175 0.5565886874999999 0.18750328125000007 0.10312680468749998
1 0.11883431640624999 0.8504584355468751 0.23766863281249997 0.29908312890625
1 0.04514889781970604 0.5468434844773797 0.013487078125 0.005427726562500013
1 0.17434540623770917 0.5585625312438547 0.0539483125 0.04753364323326359
1 0.787842734375 0.55264125 0.15066053124999995 0.08092246875000005
1 0.1223705625 0.5758324453125001 0.06315899999999998 0.05181011718750002
1 0.28224178124999993 0.52698290625 0.019737187499999996 0.010362023437499968
1 0.025329390625 0.5565886874999999 0.019737187499999996 0.01282917187499999
1 0.13662485521377557 0.5475423296898324 0.030044483331778397 0.011842312499999962
1 0.286518171875 0.5437595156249999 0.021381953125000012 0.029605781249999998
1 0.47698203125 0.513166875 0.007894874999999975 0.008388304687500004
1 0.3812566751646957 0.5264894814970436 0.016776612664695753 0.019737192434543617
1 0.302965828125 0.58224703125 0.123686375 0.07944217968749996
1 0.23240539432643506 0.5541215538661308 0.04079019078969574 0.03700723643158721
1 0.41250721875 0.5926090546875 0.20395093749999998 0.10115308593750001
1 0.26612307812499997 0.5437595156249999 0.03684274999999999 0.0379940859375
1 0.061710886444703926 0.5466212053672604 0.00855278125 0.010362023437499968
1 0.404941296875 0.5225420390625 0.013487078124999977 0.016776609375000008
1 0.7075781718749999 0.5546149687499999 0.11250196875 0.07302759375000001
