1 0.864817765625 0.4406327109375 0.008223828124999954 0.011348882812499994
1 0.693762140625 0.5373449296875 0.20789837500000002 0.08141589843750001
1 0.006908015625 0.5600426953125 0.013158125 0.007401445312499977
1 0.878633796875 0.4445801484375 0.024671484374999983 0.016283179687500038
1 0.42829696874999995 0.5003377031249999 0.087172578125 0.04736925000000003
1 0.03947437499999999 0.5250091875 0.07894874999999998 0.07006701562500002
1 0.25592553125 0.5116865859375 0.06381690625 0.06809329687499996
1 0.52435128125 0.48898882031249996 0.07072492187499997 0.04440867187500004
1 0.405599203125 0.46925163281250004 0.01644765625000003 0.012335742187500021
1 0.113159875 0.5314237734375 0.10493604687500001 0.06069185156249999
