1 0.38355934375 0.5412923671875001 0.015131843749999992 0.016283179687500038
2 0.6722157150493113 0.5627565277551655 0.017434507401377412 0.06722972399313062
1 0.984219 0.5412923671875001 0.03156200000000003 0.023684625000000015
1 0.866133578125 0.7732043203125 0.264149359375 0.2802680624999999
1 0.55461496875 0.5787930234374999 0.04111914062500001 0.05970499218749996
1 0.28372176437691565 0.5766960878973049 0.05156353557376254 0.05267375977230486
1 0.4144809375 0.5363580703125 0.008881734374999973 0.012335742187500021
1 0.3329005625 0.5590558359375001 0.01842137500000002 0.023684625000000015
1 0.52566709375 0.5477069531249998 0.024013578124999966 0.013322601562499958
1 0.4986459409740353 0.5401645295129823 0.021851884549517624 0.02142894401177644
1 0.5124265610381237 0.544746375 0.023245945530832774 0.016283179687500038
1 0.09539640625 0.6310965703125 0.14835785937499998 0.13075886718750002
1 0.39540165624999996 0.5393186484374999 0.005592203125000002 0.013322601562499958
1 0.42336267187499993 0.5412923671875001 0.014473937499999975 0.016283179687500038
1 0.7304638995258833 0.5471430670473498 0.03411710482765026 0.023684625000000015
1 0.390467359375 0.5405522041530993 0.008881734374999973 0.012335742187500021
1 0.45560007812500003 0.8355321874999999 0.33224265625000005 0.328935625
1 0.550996484375 0.5383317890624999 0.02532939062499994 0.016283179687500038
1 0.92106875 0.5600426953125 0.04111914062500001 0.046382390625000006
1 0.34934821875 0.5590558359375001 0.030263687499999983 0.032072929687500015
1 0.2832285265882967 0.5607554724056127 0.025621836288375555 0.018147323420302185
1 0.48793616261505846 0.5364567485525584 0.011480449522888196 0.012730480805872269
1 0.63224790625 0.624681984375 0.10855453125000002 0.10707424218749999
1 0.4315865 0.5353712109375 0.008881734374999973 0.011348882812499994
1 0.46682834175067583 0.547706953125 0.04412358752939169 0.01490156972027048
1 0.369019343193243 0.547706953125 0.021381953125000012 0.027632062500000033
1 0.485863765625 0.6340571484375 0.15723959375000002 0.18306241406249998
1 0.43836295016522364 0.5359633147198323 0.009276470229888171 0.009572512252164423
1 0.277965390625 0.547706953125 0.027303109375000023 0.016283179687500038
1 0.4798129653075904 0.532889092251739 0.012500218749999981 0.00598089011676608
1 0.358229953125 0.5393186484374999 0.014473937499999975 0.013322601562499958
1 0.467442390625 0.5393186484375001 0.04111914062500001 0.023684625000000015
1 0.5466103988474781 0.547706953125 0.021162642269495654 0.011348882812499994
1 0.539483125 0.547706953125 0.012500218749999981 0.008388304687500004
1 0.9539640625 0.5363580703124999 0.039803328124999975 0.03108607031249999
