1 0.39309898437499996 0.5215551796875 0.027303109374999992 0.01578974999999998
1 0.44186047040933807 0.54672009375 0.20427989062499996 0.09769907812499996
1 0.907581671875 0.537838359375 0.06381690625 0.04687582031249997
1 0.23092509374999998 0.5240223281249999 0.039803328125 0.024178054687499985
1 0.168424 0.5185946015624999 0.020724046874999996 0.029112351562500027
1 0.06776434375 0.5195814609375 0.03717170312499999 0.02922698686400711
1 0.20362198437499998 0.5215551796875 0.029276828124999987 0.02516491406250001
1 0.13240338695323006 0.5195814609374999 0.03059248932698774 0.024178054687499985
1 0.34276915625 0.52698290625 0.055922031250000025 0.044902101562500005
1 0.2761941456747871 0.6863606953125 0.41382303125000003 0.2981832864003593
1 0.671393328125 0.5250091875 0.054606218749999984 0.05082325781249999
1 0.5201646016338206 0.5320069189185673 0.05628088485477575 0.051989548774634554
1 0.042511376659338095 0.5223127684594857 0.019484657909338086 0.026037138135992864
1 0.6486955625 0.5106997265625 0.013816031249999956 0.011842312499999962
1 0.7572500937500001 0.5250091875 0.06710643750000003 0.0478626796875
1 0.278623296875 0.5312264214971391 0.05789575000000002 0.0478626796875
1 0.6267661918588374 0.5384937525484877 0.05723784375000006 0.06850009039735365
1 0.5628894153249467 0.528956625 0.06037551965015974 0.041030591737420165
2 0.28684712500000004 0.5393186484375 0.017763468750000004 0.03404664843749998
1 0.7074981532656117 0.5388252187499999 0.05789575000000002 0.06365242968749998
1 0.15822645312499997 0.5195814609375 0.03717170312499999 0.02516491406250001
1 0.30132106249999996 0.5250091875 0.029934734375000004 0.03898094531250003
1 0.9681002968750001 0.5368514999999999 0.06379940625000001 0.05970499218749996
1 0.846396390625 0.535864640625 0.07598817187500005 0.05970499218749996
1 0.11973893749999999 0.6108658963882454 0.1852007984975153 0.12335770555877304
1 0.5679992410437094 0.5407989375 0.05263249999999999 0.050391498856209346
