2 0.08993571647880343 0.5665560860058442 0.013816059540081908 0.049639170841917754
2 0.7644870625 0.45987646875 0.018092421875000042 0.06414585937500003
1 0.17302934375 0.6100260724037795 0.12335742187499998 0.09523192968750002
2 0.10542940666100946 0.5649770291941715 0.011513359374999999 0.04490201521359989
2 0.101646515625 0.6449126015625 0.029276828125 0.1381603125
2 0.0407901875 0.68488040625 0.048356109375 0.2106944765625
2 0.8197512072367928 0.38230933963811353 0.008750176809151355 0.01875035773018916
2 0.89935784375 0.38142114843749997 0.008552781250000053 0.03108607031249999
2 0.76646078125 0.45247502343749996 0.01907928124999998 0.04835610937499997
2 0.8878444843749999 0.3829014375 0.00953964062499999 0.032566359374999986
1 0.645734984375 0.6607023515624999 0.34408496875000005 0.27187975781249996
1 0.037829609375 0.5768193046875 0.07341837965311977 0.05554237250153902
