1 0.08980420312500001 0.4980351014271345 0.015131843750000007 0.011019947231783612
1 0.4460604375 0.478626796875 0.025329390625 0.011348882812499994
1 0.1111039195107197 0.4964519431794602 0.039967801603560595 0.00863501490534091
1 0.41250721875 0.478626796875 0.025329390625 0.01529632031250001
1 0.48356109210525905 0.4771465102796114 0.010197546875000008 0.011348882812499994
1 0.27303109375 0.5003377031249998 0.030921593749999973 0.049342968749999994
1 0.21151685937499998 0.502311421875 0.03914542187499999 0.036020367187500034
1 0.6575772968749999 0.48800196093750003 0.008881734375000032 0.019737187499999996
1 0.468100296875 0.49836398437499996 0.03914542187500002 0.02861892187499997
1 0.4699095489310937 0.47763999671156243 0.02467152384937498 0.010362023437499968
1 0.013158125 0.5097128671875 0.025329390625 0.02861892187499997
1 0.995083203125 0.481587375 0.008881734375000032 0.010362023437499968
1 0.9276801841078722 0.5333975316634539 0.1446396317842557 0.17442744881068678
1 0.104936046875 0.4896168452217108 0.04539553125 0.012335742187500021
1 0.9922783515625 0.4643173359375 0.015443296874999983 0.010362023437499968
1 0.09144896875 0.4792720458080154 0.009210684811439258 0.004137216597945681
1 0.3759276324177862 0.478626796875 0.01842137500000002 0.013371943655410324
1 0.06381690625 0.4939231171875001 0.019079281250000003 0.006414585937500039
1 0.5079036249999999 0.47467935937499994 0.008881734374999973 0.011348882812499994
1 0.30822907812499994 0.50714704820726 0.04164546246710052 0.02684257973684918
1 0.074014453125 0.5097128671875 0.04407971875 0.032072929687500015
1 0.9697538125000001 0.5126734453124999 0.05822470312499999 0.06069185156249999
1 0.37270389062500003 0.5028048589638342 0.05263249835525906 0.027632057565777135
1 0.12434428125 0.5097128671875 0.025329390625 0.02861892187499997
1 0.8163520044773361 0.5457332376644873 0.31645290624999994 0.19013490734649582
1 0.5579044999999999 0.4714721108166982 0.030263687499999983 0.013322601562499958
