1 0.696393765625 0.4870151015625 0.011184406250000004 0.012335742187500021
1 0.78225053125 0.5975433515625002 0.18355584375000003 0.23536596093749998
1 0.716788859375 0.4870151015625 0.010197546874999948 0.012335742187500021
1 0.6673636472044613 0.5193347491773233 0.012089030427323167 0.03676050246803033
1 0.780097382462602 0.47441021566444663 0.06641862818733 0.04763839415906794
1 0.6585641562499999 0.4899756796875 0.032237406249999975 0.03996780468749996
1 0.811264157405756 0.505370725406744 0.03302691348462202 0.008980435113466533
1 0.6597483590828261 0.5329040624999999 0.010197546874999948 0.03394797670858685
1 0.7007249555041893 0.4993508437500001 0.027796535910502723 0.023684625000000015
1 0.7233679218749998 0.5230354687500001 0.06644853124999996 0.06365242968749998
1 0.57566796875 0.7791254765625 0.27039946875 0.3335584687499999
1 0.6922818663630225 0.5208150129554662 0.01842137500000002 0.04292838281250004
1 0.67895925 0.492442828125 0.010197546874999948 0.01529632031250001
2 0.74277615625 0.481587375 0.0036184843750000084 0.00937516406250003
1 0.697380625 0.478626796875 0.01578974999999995 0.01924375781250003
1 0.97673531640625 0.533890921875 0.04652936718750003 0.05279697656250004
1 0.634221634867015 0.5208150129554662 0.04802715625000005 0.05674429565831964
1 0.7434340625 0.5383317890624999 0.09868593750000004 0.09128449218750001
1 0.7674476636478816 0.4947455537200572 0.02467147670070607 0.01069103028255709
1 0.676327625 0.4968836953125001 0.01578974999999995 0.023684625000000015
1 0.6559325312500001 0.516127453125 0.021381953124999954 0.049836398437499964
1 0.8974576132812498 0.715473046875 0.2050847734375001 0.3222095859375001
2 0.846396390625 0.49145596874999997 0.008881734375000032 0.036513796875000004
1 0.69935434375 0.5215551796875 0.011842312499999962 0.04687582031249997
1 0.6134975781249999 0.5353712109375 0.10230442187499994 0.09967279687500001
1 0.5875102812499999 0.581260171875 0.15033157812499998 0.1381603125
