1 0.450994734375 0.5136603046874999 0.013158124999999998 0.009868593749999998
1 0.46974506250000003 0.5106997265625 0.005263250000000023 0.0029605781249999906
1 0.507574671875 0.5126734453124999 0.017434515625000025 0.009868593749999998
1 0.5003377031249999 0.5116865859375 0.007894874999999975 0.009868593749999998
1 0.437178703125 0.5225420390624999 0.018750328125 0.01578974999999998
1 0.48224528125 0.5116865859375 0.007894874999999975 0.009868593749999998
1 0.4138230312499999 0.5106997265625 0.006579062499999999 0.010855453125000025
1 0.26085982812499997 0.525996046875 0.037171703125000025 0.03404664843749998
1 0.476324125 0.5097128671875 0.00921068750000001 0.010855453125000025
1 0.46908715624999997 0.5225420390625 0.018092421874999983 0.023191195312499958
1 0.4851057175188211 0.5126305555082858 0.004834220665167166 0.009868593749999998
1 0.193753390625 0.6676103671875 0.201648265625 0.18158212499999998
1 0.0550996484375 0.6434323124999999 0.110199296875 0.1366800234375
1 0.523693375 0.5116865859375 0.006579062499999999 0.006908015625000008
1 0.509548390625 0.6083988046875 0.09769907812500005 0.11990341406249998
1 0.5075746718749999 0.537838359375 0.04243495312499999 0.036020367187500034
