1 0.312176515625 0.5185946015624999 0.013158124999999998 0.01282917187499999
1 0.44191031134636166 0.54672009375 0.20427989062500002 0.09769907812499996
1 0.24145159375000003 0.5240223281249999 0.020066140625000006 0.024178054687499985
1 0.1644765625 0.5185946015624999 0.029276828124999987 0.027138632812499973
1 0.9121870156249999 0.636524296875 0.17434515625 0.17171353125
1 0.06776434375 0.5195814609375 0.03717170312499999 0.029301748269542394
1 0.197042921875 0.5205683203125 0.01809242187500001 0.023191195312499958
1 0.135199734375 0.5205683203125 0.03322426562499999 0.024178054687499985
1 0.3478446336225369 0.523387776444453 0.04281038137094638 0.038134798399117466
1 0.2786232968749999 0.6843113418009963 0.41367122728618483 0.2886191510526567
1 0.8283039687499998 0.529943484375 0.058553656249999975 0.06167871093750001
1 0.51777221875 0.5321991510638021 0.05131668750000002 0.05371332815820322
1 0.042561217596361625 0.5221632456484151 0.019534498846361624 0.025962376730457582
1 0.669419609375 0.52698290625 0.055922031250000025 0.04687582031249997
1 0.5907998125 0.5205683203125 0.029276828125000046 0.030099210937499964
1 0.278623296875 0.5327067016778692 0.05789575000000002 0.0478626796875
1 0.6268415238879776 0.5382677564610667 0.05723784374999994 0.06810459724436688
1 0.215464296875 0.5205683203125 0.04111914062500001 0.029112351562500027
1 0.557575546875 0.52698290625 0.04473762500000002 0.0379940859375
2 0.23684625000000004 0.547706953125 0.01907928125000001 0.05674441406249997
1 0.7072492187500001 0.5388252187499999 0.05789575000000002 0.06365242968749998
1 0.095067453125 0.5195814609375 0.029276828125 0.020724046875000023
1 0.30132106249999996 0.52698290625 0.029934734375000004 0.03898094531250003
1 0.9723766875000001 0.533890921875 0.05524662500000008 0.0478626796875
1 0.8776469375 0.5353709962902198 0.10921234210120877 0.06414578782590655
1 0.11908103125000001 0.6103725234375 0.18355584375000003 0.12582457031249997
1 0.391783171875 0.5176081714820605 0.03125054687499998 0.02516491406250001
1 0.5663162731427396 0.5424907387233905 0.05263249999999999 0.048144597214109464
