2 0.5565886875 0.610865953125 0.022697765624999987 0.07993560937500002
2 0.09013315625 0.6518206171875 0.06842225 0.2363528203125
2 0.3684275 0.6848804062500001 0.03782960937499998 0.22056307031250003
2 0.8671204375 0.5837273203125 0.018092421875000042 0.03404664843749998
2 0.72567059375 0.6133331015625 0.02171090625000005 0.09128449218750001
1 0.0644748125 0.623695125 0.020395093749999992 0.029112351562500027
1 0.14342356250000002 0.6123462421875 0.07171178124999998 0.06463928906250001
2 0.19572710937499999 0.592115625 0.00953964062499999 0.017270039062499975
1 0.39836223437500007 0.6177739687500001 0.10756767187500002 0.0774684609375
1 0.64935346875 0.6360308671875 0.14802890625 0.07450788281250001
2 0.5598782722044819 0.610865953125 0.023437907072337557 0.07105387500000004
1 0.8682630234375 0.6676103671875 0.26347395312500005 0.14901576562500002
1 0.20789837500000002 0.620734546875 0.06908015625 0.05378383593749998
1 0.3256635937499999 0.6175272508223375 0.049671921875000004 0.0675998671875
2 0.778632046875 0.5866878984374999 0.022697765624999987 0.04391524218749998
2 0.5944182968749999 0.604944796875 0.021052999999999975 0.049836398437499964
