1 0.360203671875 0.528956625 0.020724046874999996 0.020724046875000023
2 0.5946375872630798 0.5282986485784793 0.007785229805960014 0.03141503220894011
1 0.4832321406249999 0.5324106328125 0.032895312499999996 0.03108607031249999
1 0.48882434375 0.5156340234375 0.017105562499999987 0.012335742187500021
1 0.47829784375 0.5156340234375 0.007565921874999996 0.008388304687500004
1 0.39408584375 0.5230354687500001 0.008223828125000015 0.014309460937499985
1 0.6381690624999999 0.6044513671874999 0.10098860937500002 0.10904796093750005
1 0.544417421875 0.544746375 0.033553218750000016 0.05032982812500002
1 0.46546867187499996 0.5230354687500001 0.011513359374999983 0.014309460937499985
1 0.7509999843749999 0.522048609375 0.04407971875000006 0.017270039062499975
1 0.385862015625 0.52106175 0.011513359374999983 0.014309460937499985
1 0.8710678749999999 0.5116865859375 0.15592378124999998 0.066119578125
1 0.7253416406250002 0.52106175 0.027303109375000054 0.01529632031250001
1 0.50592990625 0.5324106328125 0.021381953125000012 0.02565834374999998
1 0.6763276348679029 0.5292032732354048 0.04638240049290303 0.023191210114354453
1 0.69935434375 0.5230354687500001 0.025987296875000017 0.014309460937499985
1 0.8200801406250001 0.7391576718749999 0.28355759375 0.24622141406249992
2 0.578628546875 0.5230354687500001 0.008223828124999954 0.01924375781250003
2 0.597378875 0.5314237734375 0.007236968750000017 0.023684625000000015
1 0.147699953125 0.5723784375000001 0.07763293750000001 0.066119578125
1 0.49264021157870996 0.6698802696684714 0.1509895567419375 0.18325987711984135
1 0.5210617499999999 0.5383317890624999 0.025987296874999958 0.036020367187500034
1 0.8394883749999998 0.5343843515625 0.06644853124999996 0.023684625000000015
1 0.957582546875 0.5240223281249999 0.024671484374999983 0.01529632031250001
1 0.9829119375 0.5116865859375 0.027303109375000054 0.01529632031250001
1 0.46097297331904 0.5182655738802593 0.008223828125000015 0.012335742187500021
1 0.38092771875 0.525996046875 0.017105562499999987 0.017270039062499975
1 0.28487340625 0.544746375 0.033553218750000016 0.036020367187500034
1 0.3322426211642397 0.5363580176838594 0.023355671875000004 0.024671510689320275
1 0.4722121467961305 0.5457332047712911 0.05279693215693649 0.04687583511435447
1 0.401651765625 0.5176077421875 0.011513359374999983 0.012335742187500021
1 0.7556053325108371 0.5220486027962444 0.04002263751806166 0.014967369380418472
1 0.481916328125 0.571391578125 0.07829084375000003 0.05032982812500002
1 0.5723784375000001 0.5600426953125 0.05822470312499999 0.066119578125
1 0.6424454531249999 0.5240223281249999 0.011513359374999983 0.012335742187500021
