1 0.10329128124999999 0.5659638515625 0.09539640625000002 0.05279697656249995
2 0.030592640625 0.5235288984375 0.007894875 0.037007226562499974
1 0.5194169843750001 0.5501741015625 0.06085632812499995 0.0675998671875
1 0.35757204687500005 0.545733234375 0.07204073437500001 0.05723784375000003
1 0.3250056875 0.5363580703124999 0.043092859375 0.06661300781249997
1 0.6350446246304503 0.53882509538641 0.08947533224239332 0.06093899817881523
1 0.7674476406250001 0.5383317890624999 0.080593515625 0.06365242968749998
1 0.49046910937499993 0.5363580703124999 0.03322426562499998 0.033059789062499956
1 0.38092771875 0.52698290625 0.0029605781249999906 0.007401445312499977
2 0.92830571875 0.5560952578125 0.01546079687499997 0.07697503125000002
1 0.5957341093749998 0.5630032734375 0.06579062499999999 0.05723784375000003
1 0.40000699999999995 0.5383317890624999 0.030263687499999983 0.03157949999999996
1 0.4585606562499999 0.5531346796874999 0.06842225 0.049836398437499964
1 0.8319224531249999 0.5472135234375 0.11315987499999997 0.06167871093750001
1 0.00666130078125 0.5225420390625 0.0133226015625 0.027632062500000033
2 0.04473762499999999 0.5225420390625 0.007894874999999997 0.036020367187500034
1 0.6664590312499998 0.545733234375 0.03256635937499996 0.03898094531250003
