1 0.031579499999999996 0.5067522890625 0.026645203124999996 0.019737187499999996
1 0.19506920312499998 0.57435215625 0.33158474999999993 0.12681142968749998
1 0.12697590625 0.5077391484374999 0.03223740625000001 0.013322601562499958
1 0.07894875 0.5077391484374999 0.03223740625000001 0.018750328124999972
1 0.3294465546875 0.78751378125 0.658893109375 0.42434953125000013
1 0.01381603125 0.5052719999999999 0.012500218749999998 0.018750328124999972
1 0.0513166875 0.5077391484375 0.008881734375000002 0.014309460937499985
1 0.06875120312500001 0.528956625 0.04046123437500001 0.012335742187500021
1 0.33224265625 0.5220486093750001 0.013158124999999998 0.046382390625000006
1 0.05756679687499999 0.5087260078124999 0.014473937499999997 0.013322601562499958
1 0.23881996875000003 0.5156340234375 0.02467148437500001 0.006414585937500039
1 0.122041609375 0.5240223281249999 0.046053437499999995 0.03108607031249999
