1 0.489153296875 0.628629421875 0.04192322594834863 0.029276878334965596
1 0.2154313535363043 0.669189357976934 0.07776452006578619 0.04282971069075492
1 0.00879949609375 0.6972161484375 0.0175989921875 0.029112351562500027
1 0.020724046875 0.6893212734375 0.007894874999999997 0.010855453125000025
1 0.840521569692896 0.5847141796875 0.038941564897632 0.017902474703688397
1 0.9556171471425526 0.7749732108518692 0.08876570571489471 0.26151773437500003
1 0.19013490624999996 0.6824132578125001 0.04375076562499999 0.026151773437500036
1 0.5339379190721966 0.6197476875 0.03397616626939316 0.010855453125000025
1 0.06908015625 0.6982030078125 0.030592640625000007 0.03898094531250003
1 0.04539553124999999 0.6843869765624999 0.007894874999999997 0.005921156249999981
1 0.41999090234375 0.845524138671875 0.8399818046875 0.3089517226562501
1 0.28553131249999997 0.6542877656250001 0.024013578125000025 0.014802890625000042
2 0.36513796874999993 0.6434323125 0.008881734374999973 0.019737187499999996
1 0.5450753281249999 0.6513271875 0.08848839062500004 0.06908015625
1 0.101646515625 0.7011635859375 0.059869468749999995 0.045888960937500035
2 0.35494042187499997 0.6430622294405736 0.008470550164617603 0.01708495435758124
1 0.17819135965249314 0.6715578046874999 0.030592640624999994 0.019737187499999996
1 0.20954314062500004 0.6912949921875 0.17631887500000004 0.045888960937500035
1 0.9906934007874587 0.5595492656250001 0.018613198425082446 0.02671247341887355
1 0.44967892187499997 0.6636629296875001 0.08388304687500003 0.03404664843749998
1 0.07993560937500002 0.6784658203125 0.025987296875000003 0.010855453125000025
1 0.8940945937499999 0.5748455859374999 0.03625636565253944 0.03404664843749998
1 0.2223350080951068 0.6572483437499999 0.012693523393537288 0.019803318035946926
1 0.5965824265799491 0.6044513671874999 0.031112004704949094 0.011582630460025455
1 0.17105562500000002 0.6784658203125 0.04111914062500001 0.03108607031249999
1 0.9570504312499807 0.5595492656250001 0.0198145593750386 0.025208477556783924
1 0.113159875 0.6715578046874999 0.036513796875000004 0.019737187499999996
1 0.7556711213064254 0.596359122229819 0.03809276931857456 0.025559663564457314
1 0.3233609218750001 0.6526431403402349 0.05329040625000001 0.02845448039755869
1 0.333887421875 0.6636629296875001 0.04934296875000002 0.026151773437500036
1 0.9153855585937499 0.6463928906249999 0.16922888281249998 0.09868593749999999
1 0.3473745 0.6636629296875001 0.06513271874999997 0.026151773437500036
1 0.08448612678177972 0.6748473408718215 0.02719345668855948 0.015214088199151909
1 0.29276828125 0.656261484375 0.02445218229166664 0.02203985937499997
1 0.393119117777682 0.6434323125 0.04079691058398964 0.018629491859621084
1 0.6934331875 0.7154730468749999 0.36513796875000004 0.2506622812499999
1 0.43783660937499996 0.6325768593750001 0.04243495312499999 0.026151773437500036
1 0.982582984375 0.5664572812499999 0.007894874999999975 0.018750328124999972
1 0.383230390625 0.6863606953125 0.26414935937499995 0.058718132812500025
