1 0.489811203125 0.49293625781249994 0.00921068750000001 0.010855453125000025
1 0.40066495887951764 0.5072458240090353 0.01842137500000002 0.02368465131475883
1 0.431257546875 0.49737712500000003 0.007236968750000017 0.01529632031250001
1 0.486850625 0.4889889255715353 0.007236968750000017 0.010855453125000025
1 0.5181837279167996 0.5045328087503986 0.013486654444267287 0.02171090624999996
1 0.531917203125 0.5230355213795177 0.010197546874999948 0.03059264062500002
1 0.4454025663363452 0.4934297927590353 0.010197546875000008 0.010855453125000025
1 0.463166 0.4870151015625 0.007236968750000017 0.00937516406250003
1 0.026891917968749998 0.6113593828124999 0.053783835937499996 0.12730485937500005
2 0.22039859375 0.5393186484375 0.015131843749999992 0.04736925000000003
1 0.518430125 0.51119315625 0.007236968750000017 0.024671484375000042
1 0.489811203125 0.477640095388553 0.004386065057563411 0.005921156249999981
1 0.4266522206681725 0.49754168927836273 0.005263250000000023 0.019737187499999996
1 0.502969328125 0.5866878984375001 0.09112001562499993 0.10756767187500005
1 0.414809890625 0.5023114218749999 0.010197546875000008 0.02171090624999996
1 0.7194204843749998 0.5314237734375 0.07368549999999997 0.037007226562499974
1 0.39244107812499995 0.51119315625 0.021381953125000012 0.024671484375000042
1 0.3618484375 0.5235288984375 0.031908453125 0.033553218750000016
2 0.427968015625 0.4880019609375001 0.0026316250000000116 0.003947437500000017
1 0.486850625 0.4712253515625 0.007236968750000017 0.007894875000000034
1 0.5158643079925788 0.49949890087856536 0.0153621065956053 0.02171090624999996
1 0.30428164062499996 0.6034645078125 0.14342356249999996 0.16579237500000002
1 0.456915890625 0.49145596874999997 0.007236968750000017 0.010855453125000025
1 0.66547190873092 0.6027240771120631 0.10904765174320612 0.11743598932371606
1 0.48783753700451754 0.5570821698170176 0.07171172862048233 0.09473839474096471
1 0.473363546875 0.4766531833840353 0.005263250000000023 0.007894875000000034
1 0.11480464062499998 0.5802733124999999 0.09638326562499998 0.08931077343750005
1 0.475583990336653 0.46986848406324444 0.003947437499999987 0.005921156249999981
1 0.523693375 0.5214564748037777 0.00921068750000001 0.02822410234011121
2 0.33684915880728156 0.5109488314462683 0.008881734374999973 0.02689300435057653
1 0.46119228125 0.4899782870038837 0.003947437499999987 0.007894875000000034
1 0.5322461737931725 0.5190881101942765 0.024671484375000042 0.033553218750000016
1 0.6289583749999998 0.57435215625 0.08519885937499995 0.09375164062500004
1 0.5287795468452893 0.5088779920934161 0.027252484384903575 0.02945390627971074
1 0.8580654765625 0.734223375 0.283869046875 0.2886563671874999
1 0.9431820976562499 0.8562562343749999 0.11363580468750006 0.28748753125000004
1 0.390467359375 0.49293625781249994 0.014473937499999975 0.01529632031250001
1 0.4057646936438714 0.5052719999999999 0.01842137500000002 0.024671484375000042
2 0.25724134374999996 0.5230354687500001 0.013487078125000006 0.029605781249999998
1 0.45066578124999995 0.4914559687500001 0.011184406250000004 0.012335742187500021
1 0.371059125 0.5176077421875 0.024671484374999983 0.033553218750000016
1 0.418099421875 0.49293625781249994 0.021381953125000012 0.033553218750000016
1 0.54803590625 0.5363580966272588 0.035855890625000046 0.03996780468749996
1 0.7345523281249999 0.6478731796874999 0.164805515625 0.16135150781250002
1 0.5440884687499999 0.5187923826990789 0.03190845312499994 0.024671484375000042
1 0.385204109375 0.5176077421875 0.01842137500000002 0.027632062500000033
1 0.43356021875 0.49293625781249994 0.010197546875000008 0.013816031250000017
1 0.0644748125 0.5422792265624999 0.024671484375000004 0.037007226562499974
