1 0.19495986954183048 0.48767305603404376 0.054386900592818706 0.033059789062499956
1 0.20362198437499998 0.5116865859375 0.06250109374999999 0.03108607031249999
1 0.134541828125 0.6513271875 0.265465171875 0.24424769531250004
1 0.268096796875 0.5047785703125001 0.095725359375 0.04292838281249996
1 0.610208046875 0.5926090546874999 0.17763468749999997 0.10065965624999995
2 0.737183953125 0.5817536015625 0.01842137500000002 0.0843764765625
1 0.4223758125 0.5166208828125 0.046053437499999995 0.016776609375000008
1 0.8477122031250001 0.5057654296874999 0.03454007812499995 0.03108607031249999
1 0.9772130838235673 0.5189242237157279 0.02412120180840039 0.012171204804251979
1 0.00460534375 0.5008311328125 0.0092106875 0.01282917187499999
1 0.157568546875 0.525996046875 0.06579062499999999 0.026151773437500036
2 0.7213942031249999 0.577312734375 0.025987296875000017 0.09868593749999999
1 0.9940875937500001 0.565470421875 0.011824812499999974 0.03108607031249999
1 0.9135028281249998 0.6113593828124999 0.17171353124999994 0.14753547656250002
1 0.5907998125 0.5309303437499999 0.11579150000000003 0.05279697656250004
2 0.6019842187500001 0.59014190625 0.024013578125000025 0.07105387499999996
1 0.8880002109374999 0.7722174609374999 0.22399957812500007 0.4070794921874999
1 0.19227417410173328 0.46431755044534667 0.029934734375000004 0.016776609375000008
2 0.5917866718750001 0.5314237734375 0.01644765625000003 0.03108607031249999
1 0.9687669531249999 0.5097128671875 0.03914542187500002 0.016776609375000008
1 0.10526499999999998 0.5008311328125 0.05657993749999998 0.033059789062500046
2 0.42895828117181173 0.5559302541043625 0.025878105396196817 0.07335565478238264
1 0.2530605636931166 0.48236292395236957 0.04882564675476795 0.026151773437500036
1 0.04087242578124999 0.5106997265625001 0.08174485156249998 0.0379940859375
1 0.2986894375 0.7031373046875 0.4743504062500001 0.25954401562499996
2 0.135199734375 0.5013245625 0.01578975000000001 0.03108607031249999
1 0.46382390625 0.5309303437499999 0.04802715624999999 0.033059789062499956
1 0.652643 0.545733234375 0.05723784375000006 0.0379940859375
1 0.5171175318834106 0.5429704037197313 0.05579019960351257 0.045888960937500035
1 0.18487165625 0.5057654296875 0.05592203124999999 0.020724046875000023
2 0.468100296875 0.5393186484375001 0.01842137500000002 0.054770695312500006
1 0.80988259375 0.567444140625 0.1276338125 0.105593953125
1 0.9667932343749999 0.5437595156249999 0.06250109374999996 0.07302759375000001
1 0.9128449218749999 0.525996046875 0.07467235937500002 0.049836398437499964
1 0.7197494375000001 0.557575546875 0.12434428124999997 0.09079106249999995
1 0.38980945312500004 0.549680671875 0.14704204687500003 0.08190932812499999
1 0.24342531249999996 0.5437595156249999 0.100988609375 0.049836398437499964
2 0.62040559375 0.5876747578125 0.04111914062500001 0.139147171875
1 0.2969654327409699 0.5469671322427305 0.06677739806860515 0.07302759375000001
1 0.45724484374999996 0.4949099765625 0.04868506250000001 0.03108607031249999
1 0.06250109375 0.5388252187500001 0.12039684375 0.0379940859375
