1 0.59145771875 0.528956625 0.07829084375000003 0.037007226562499974
1 0.197042921875 0.5299434843750002 0.09671221875 0.06019842187500002
1 0.8565939374999999 0.5195814609375 0.04243495312500004 0.045395531249999975
1 0.6704055509661924 0.5018182216334519 0.029277643932829042 0.034046801401467965
1 0.6934331875 0.5225420390625 0.08552781250000005 0.05082325781249999
1 0.412178265625 0.500337703125 0.025987296875000017 0.00937516406250003
1 0.412836171875 0.49836398437499996 0.026974156250000013 0.013816031250000017
1 0.5108642031249999 0.514153734375 0.04375076562500002 0.02565834374999998
1 0.8227117656249999 0.513166875 0.03454007812499995 0.03404664843749998
1 0.747052546875 0.514153734375 0.03815856249999996 0.03059264062500002
1 0.29967629687499997 0.52698290625 0.05657993749999998 0.03503350781250001
1 0.633892671875 0.51514059375 0.03750065625 0.023191195312499958
1 0.461521234375 0.514153734375 0.03322426562499998 0.027632062500000033
1 0.9250161874999999 0.5225420390625001 0.04013228124999995 0.03503350781250001
1 0.5789575000000001 0.5141537343749999 0.00921068750000001 0.010362023437499968
1 0.8092246875000001 0.5215551796875 0.024013578125000025 0.037007226562499974
1 0.9522827108911881 0.566786458047468 0.09543457821762366 0.11414722119154783
1 0.422704765625 0.5235288984375 0.046053437499999995 0.04342181250000001
1 0.88488390625 0.5106997265625 0.013487078124999977 0.016776609375000008
