1 0.5036272343749999 0.57435215625 0.027303109374999992 0.016283179687500038
1 0.5306013906249999 0.6631695 0.10427814062499999 0.12582457031250005
1 0.532575109375 0.57435215625 0.017105562500000046 0.019737187499999996
1 0.23487253125 0.595076203125 0.07138282812499996 0.058718132812500025
1 0.02960578125 0.599023640625 0.05822470312499999 0.07006701562500002
1 0.38915154687500003 0.6024776484375 0.05427726562500001 0.07105387500000004
1 0.534548828125 0.592115625 0.04868506250000001 0.022697765624999987
1 0.4592185625 0.5931024843749999 0.08092246874999999 0.057731273437499994
1 0.0302636875 0.6537943359375 0.059869468749999995 0.10707424218749999
2 0.7681055468750001 0.7628422968749999 0.03486903125000005 0.1648055156249999
1 0.15855540625 0.5931024843749999 0.056250984375 0.058718132812500025
1 0.315795 0.6261622734375 0.10789662499999997 0.12138370312499998
1 0.10855453125 0.6024776484375 0.070724921875 0.07006701562500002
2 0.81119840625 0.8092246874999999 0.03289531250000006 0.07845532031250002
1 0.29375514062499997 0.5694178593750001 0.011513359374999983 0.006414585937500039
2 0.7968892315904649 0.7305228744559642 0.04736917102676834 0.24967556994980952
1 0.5539570625 0.5723784375000001 0.008223828124999954 0.012335742187500021
1 0.17829259375 0.7144861875 0.21908278125000002 0.2027996015625
