1 0.24901751562500002 0.5314237734375 0.13861261819996906 0.066119578125
2 0.7871848281249999 0.5393186484374999 0.011842312499999962 0.0474749929888925
1 0.3891515468750001 0.5116865859375 0.025329390625 0.03108607031249999
1 0.1683417390015323 0.49737712499999986 0.01710574423774185 0.017825232650503953
1 0.118752078125 0.4939231171874999 0.014473937500000004 0.018750328124999972
1 0.7634157371679829 0.5037000282495064 0.04287447775148093 0.018711169808303917
1 0.7253416406250001 0.5126734453124999 0.02532939062500006 0.02565834374999998
1 0.015789749999999998 0.497377125 0.031579499999999996 0.02565834374999998
1 0.36734442527220007 0.5121094922384579 0.04896700003397202 0.03108607031249999
1 0.5677730937500002 0.520074890625 0.06875120312500003 0.0379940859375
1 0.610865953125 0.522048609375 0.04473762500000002 0.03996780468749996
1 0.029605781250000004 0.500337703125 0.030263687500000004 0.01529632031250001
1 0.41316512499999997 0.5373449296875 0.11847501692822847 0.04669391333286939
1 0.17993735937500002 0.5314237734375 0.070724921875 0.05032982812500002
1 0.12697590625 0.5023114218750001 0.03223740625000001 0.023684625000000015
1 0.7885006406249999 0.52106175 0.05427726562500001 0.023684625000000015
2 0.918108171875 0.5013245625 0.005592203125000002 0.01529632031250001
1 0.9233520459445491 0.5411182026597746 0.09756359250939907 0.050155663597274636
1 0.18191107812500001 0.49540340625 0.01578975000000001 0.017270039062499975
1 0.7827435579658922 0.5116865859375 0.021710560845764705 0.01529632031250001
1 0.2250039375 0.49836398437499996 0.032895312499999996 0.02565834374999998
2 0.8236986249999999 0.5733652968749998 0.03651379687499994 0.11447568749999996
1 0.08092246875 0.49540340625 0.020724046874999996 0.013322601562499958
1 0.769421359375 0.5343843515625 0.09144896875000003 0.04835610937499997
1 0.00337176953125 0.49836398437499996 0.0067435390625 0.012335742187500021
2 0.386519921875 0.6123462421875001 0.05131668750000002 0.12671313888691324
2 0.7677765937500001 0.5013245625 0.005592203125000002 0.005921156249999981
