1 0.9766618281249999 0.5333974921875001 0.021381953124999954 0.01529632031250001
1 0.958240453125 0.5604015479249215 0.06250109374999996 0.05230354687499998
1 0.8035466350200356 0.54672009375 0.03092159374999994 0.01529632031250001
1 0.9011675123781695 0.5353709099205567 0.02697420641949056 0.01282909662076417
1 0.6113045625306166 0.5564242266543502 0.04024195324746683 0.020066132766574894
1 0.4417483697955904 0.7685434960908071 0.4810166449737794 0.3532956562499999
1 0.404941296875 0.5586494899993801 0.025329390625 0.017270039062499975
1 0.7207360819388974 0.55066753125 0.04320225965788052 0.015625488373602357
1 0.865475671875 0.5304369140625 0.029605781250000025 0.012335742187500021
2 0.8601713210237993 0.5354534419029802 0.005921156249999981 0.014268345454759856
1 0.7977657268694872 0.838394307672788 0.40446854626102546 0.3226501445757304
1 0.42829696874999995 0.5597607155524698 0.023261678621656578 0.01642416956751509
1 0.0171055625 0.59014190625 0.032895312499999996 0.04440867187500004
1 0.06587286328125 0.668103796875 0.1317457265625 0.12039684375000004
1 0.8424236433548618 0.5330179564656218 0.011513359374999983 0.012032135776036146
1 0.5876982180765346 0.5536281093750001 0.03110953057653454 0.023966530239801907
1 0.8788069369511258 0.5399419331820944 0.03157950000000002 0.012335742187500021
1 0.8274581275513618 0.5403055078125 0.021381953124999954 0.017270039062499975
1 0.9671221874999999 0.527969765625 0.052961453124999974 0.019737187499999996
1 0.9975763261841555 0.5636392441037834 0.004847347631689066 0.025088179834865797
1 0.3734958158233376 0.5610295546875 0.036513796875000004 0.014108432514993653
4 0.905607953125 0.5601611147743423 0.018408207106579984 0.057731273437499994
1 0.44728055480644147 0.5560952578125 0.02382816779033785 0.02311045383864858
1 0.5224716582703961 0.5536281093749998 0.031015689520396173 0.01797480216200471
1 0.19308394361046086 0.7179575064593087 0.17434515625000005 0.20773389843749995
1 0.46546867187499996 0.561769694284439 0.03782960937499998 0.01529632031250001
1 0.10855453125 0.6064250859375 0.090462109375 0.07006701562500002
