1 0.49014015624999996 0.5941745038118239 0.07763293750000001 0.1041136640625
1 0.07697503124999998 0.6634253576152765 0.15307286972082962 0.1731938203125
1 0.34375601562499997 0.545733234375 0.01907928124999998 0.020724046875000023
1 0.200332453125 0.7001767265625001 0.25066228125 0.23141852343750005
1 0.19830224774124025 0.5807667421875 0.14013403125000004 0.14309460937500001
1 0.9223845625 0.6360308671875 0.14210775000000003 0.11940998437500001
1 0.8223828125 0.5363580703124999 0.03552693750000001 0.014309460937499985
1 0.776329375 0.5440286665943368 0.03451016329088432 0.01529632031250001
1 0.7674476406250001 0.54277265625 0.024013578125000025 0.017333033591151726
1 0.46932211471197743 0.5324106328125 0.004276390625000026 0.006414585937500039
1 0.03223739391431949 0.9121371464843749 0.06447478782863898 0.17572570703125018
1 0.9054338009469982 0.5358936674715057 0.041428742518996246 0.021768959943011357
1 0.8381725624999999 0.5396037422325937 0.017105562499999987 0.013037507767406354
1 0.993109484375 0.5324106328125 0.01250021875000004 0.006414585937500039
1 0.41645465625 0.5383317890624999 0.01644765625000003 0.017270039062499975
1 0.93488478125 0.5600426953125 0.07697503124999999 0.03898094531250003
1 0.9671134375 0.5787930234374999 0.065773125 0.05575755468750003
1 0.3108607031249999 0.547706953125 0.038487515624999996 0.045395531249999975
1 0.802974578125 0.5600426953125 0.06381690625 0.03503350781250001
1 0.93620059375 0.5383317890624999 0.033553218750000016 0.01529632031250001
1 0.4737137060436227 0.5324106328125 0.00461596406840119 0.004265787603188631
1 0.9724589257812499 0.547706953125 0.05508214843750008 0.03108607031249999
1 0.33619009375 0.5517953312630758 0.01644765625000003 0.0235436843619242
1 0.967959512070308 0.5373449296875 0.016328004960924028 0.011618010292961944
1 0.35263775 0.62172140625 0.09728240340641285 0.10065965625000003
1 0.053619359374999995 0.5383317890624999 0.013816031250000001 0.013103288392277257
1 0.6658011250000001 0.5787930234375 0.13585764062500008 0.22425631796058107
1 0.0302636875 0.5383317890624999 0.016447656249999998 0.012335742187500021
1 0.975346015625 0.5383317890624999 0.030263687499999983 0.01529632031250001
1 0.517443265625 0.6528074765625 0.13585764062500008 0.18651642187499995
1 0.9363563203124999 0.8312146777343751 0.12728735937500002 0.33757064453124996
1 0.4745198661512794 0.8205735703125001 0.26386692620620117 0.34967218853622056
1 0.12368637499999997 0.5590558359375 0.02335567187499999 0.03108607031249999
1 0.4836268788486096 0.5304369140625 0.006908015624999978 0.006414585937500039
1 0.4987850426275842 0.5333580138808145 0.006908015624999978 0.007677760695252634
1 0.8315069360671428 0.5383317890624999 0.02688759231714274 0.012335742187500021
1 0.855278125 0.5600426953125 0.07204073437499996 0.03996780468749996
1 0.839159347860917 0.59408934375 0.07664605345363901 0.055264087992958455
1 0.769421359375 0.6908015625000001 0.21612220312499997 0.23141852343750005
1 0.2697415625 0.5551083984374999 0.02711890651990568 0.03108607031249999
1 0.2869202214302728 0.547706953125 0.015862854105781744 0.028947873081122743
1 0.46536745040474303 0.5333215816359189 0.006908015624999978 0.007325531060177859
