1 0.6911305156249999 0.5353712109375 0.06743539062500001 0.044902101562500005
1 0.336848 0.5546149687499999 0.09144896875000003 0.06414585937500003
1 0.62698465625 0.5383317890624999 0.06875120312500003 0.04687582031249997
1 0.9155500351562499 0.947664083984375 0.1688999296875 0.10467183203125004
1 0.45888960937499995 0.630603140625 0.21020104687499994 0.135199734375
1 0.676327625 0.5131668750000001 0.02532939062499994 0.018256898437500002
1 0.9447533749999999 0.5432660859375 0.07533026562499998 0.06710643750000003
1 0.565799375 0.5432660859375 0.08684362499999997 0.05082325781249999
1 0.204937796875 0.5704047187500001 0.09671221875 0.063159
1 0.7266574531249999 0.5324106328125 0.05526412499999995 0.04095466406249999
1 0.44967892187499997 0.5472135234375001 0.09013315625 0.054277265625000036
