1 0.557575546875 0.614813390625 0.05493517187500003 0.08092246875000005
2 0.7569211406249999 0.5620164140624999 0.022697765624999987 0.06710643750000003
1 0.9468005820312501 0.7060978828125 0.10639883593749992 0.2945775234375
1 0.7559342812499998 0.5521478203125 0.054935171874999966 0.037007226562499974
2 0.761526484375 0.563496703125 0.016118703125000047 0.06809329687499996
1 0.6513271875000001 0.5437595156249999 0.0618431875 0.04835610937499997
1 0.821395953125 0.553628109375 0.10723871874999998 0.05279697656250004
1 0.8681072968749999 0.5521478203125 0.05888260937499996 0.037007226562499974
1 0.11019929687499999 0.6419520234375 0.19671396874999997 0.20477332031249995
1 0.43882346875 0.630603140625 0.17862154687500004 0.11250196875
1 0.67040646875 0.610865953125 0.18717432812500004 0.11102167968750001
1 0.7075781718749999 0.54672009375 0.029276828125000046 0.03108607031249999
1 0.741789296875 0.5837273203125001 0.048356109375000025 0.05131668750000005
