1 0.37763818749999994 0.5551083984374999 0.032237406249999975 0.02861892187499997
2 0.40516060407524546 0.5794509450382364 0.01622834904975452 0.066119578125
1 0.12006789062499999 0.545733234375 0.032237406249999996 0.016283179687500038
1 0.6948899858519637 0.5790749951414277 0.07521280514086139 0.04863808107892771
1 0.7720529690242635 0.7835663667761047 0.41667392507340417 0.3256636973674712
1 0.8299487343749999 0.544746375 0.025292838511180568 0.045395531249999975
1 0.444744625 0.5551083984374999 0.009210699424386822 0.025411619962959885
1 0.5128977344520738 0.6947490000000001 0.47838756261561066 0.33439579668231556
1 0.1250021875 0.547706953125 0.024013578124999994 0.016283179687500038
2 0.38092771875 0.5846319374314064 0.007584197931909683 0.05962274993140637
1 0.925345140625 0.5336089709654458 0.040978154773036124 0.03524498659044575
1 0.327308359375 0.5551083984374999 0.07697503124999999 0.045395531249999975
2 0.38716738480729695 0.5817692665390546 0.01709511918229693 0.06358976978128146
1 0.72961803125 0.5393186484375001 0.02532939062500006 0.023684625000000015
1 0.9041189140625001 0.6310965703125 0.19176217187499997 0.1381603125
2 0.4138230312499999 0.5817536015625 0.014473937499999975 0.05970499218749996
1 0.864159859375 0.5250091875 0.03914542187500002 0.02565834374999998
1 0.13881823331784085 0.547706953125 0.02894787500000001 0.019737187499999996
1 0.281254921875 0.549680671875 0.01907928124999998 0.019737187499999996
1 0.98972896484375 0.5551083984374999 0.020542070312500015 0.0379940859375
1 0.10625185937499998 0.5477069531249998 0.019079281249999993 0.013322601562499958
1 0.7776451874999999 0.5447463750000001 0.04235271106080418 0.0379940859375
