1 0.39296049161019597 0.5329040624999999 0.029778962823185987 0.052277628694484955
1 0.69803853125 0.6167871093749999 0.14013403125000004 0.08190932812499999
1 0.18758551953125 0.7653094453125 0.3751710390625 0.3458942109375001
1 0.37391005454029563 0.5644835624999999 0.03790271334539425 0.04095466406249999
1 0.7743556562500001 0.5642368324127917 0.07993560937500005 0.0379940859375
1 0.5863041855836074 0.5728718671875 0.06381690625 0.09638336431291128
1 0.8417910468750001 0.6192542578125 0.12829171874999995 0.06414585937500003
1 0.866791484375 0.5644835625 0.042763906250000025 0.033553218750000016
1 0.2565834375 0.6182673984374999 0.07927770312500003 0.07253416406249995
1 0.264149359375 0.563496703125 0.18158212499999996 0.09029763281249999
1 0.532575109375 0.5531346796874999 0.050382900569805676 0.029605781249999998
1 0.03558916330154711 0.568431 0.0607318765219058 0.06297232259535868
