1 0.371388078125 0.5407989375 0.042106000000000005 0.04687582031249997
1 0.15186683306868468 0.5789574424303245 0.068422200654564 0.08289615295819477
1 0.444744625 0.5072457187499999 0.007894874999999975 0.010362023437499968
1 0.33487429769847865 0.5202393392250864 0.024671477795608552 0.023684625000000015
1 0.3852041093750001 0.5230354687500001 0.021381953125000012 0.023684625000000015
1 0.4496789218749999 0.5042851998377469 0.010855433387417731 0.014062731290563324
1 0.47007401562500006 0.5028048515625001 0.009868593750000028 0.014802890625000042
1 0.4223758125 0.5028048515625 0.006908015624999978 0.008881734374999973
1 0.4174415156249999 0.5028048515624999 0.008881734374999973 0.007401445312499977
1 0.31974243750000003 0.5630032734375 0.07138282812499999 0.075988171875
1 0.40362548437499995 0.5028048515624999 0.014802890625000013 0.010362023437499968
1 0.42632325 0.5215551796875001 0.024342531250000004 0.029112351562500027
1 0.43684975000000004 0.5072457187499999 0.012829171875000019 0.013322601562499958
1 0.5003377031249999 0.571391578125 0.06842224999999995 0.08486990624999997
1 0.5013245625 0.5028048515624999 0.014802890625000013 0.010362023437499968
1 0.379282953125 0.5072457187499999 0.034211124999999974 0.014802890625000042
1 0.4223758125 0.5087260078125 0.01578975000000001 0.014802890625000042
1 0.47632412828969567 0.5037916763956948 0.005592199835304257 0.011842312499999962
1 0.558233453125 0.513166875 0.014802890625000013 0.01924375781250003
1 0.08421199999999998 0.595076203125 0.11348882812499998 0.09819250781250002
1 0.339150671875 0.5087260078125 0.026316249999999996 0.01924375781250003
1 0.42928382812500004 0.5057654296874998 0.005921156249999981 0.007401445312499977
1 0.486850625 0.504285140625 0.012829171875000019 0.016283179687500038
1 0.5852543397867661 0.5135895956556383 0.04154196351634051 0.025587736953840513
1 0.548364859375 0.5161274531250001 0.010855453125000025 0.017763468750000032
1 0.459547515625 0.504285140625 0.010855453125000025 0.008881734374999973
1 0.57172053125 0.5131668750000001 0.026316249999999996 0.026151773437500036
1 0.5013245625 0.4909625390625 0.012829171875000019 0.008881734374999973
1 0.39671746875 0.5102062968750001 0.005921156249999981 0.014802890625000042
1 0.35494042187499997 0.5146471640625 0.014802890625000013 0.01924375781250003
1 0.5013245625 0.5161274531250001 0.03125054687499998 0.029112351562500027
1 0.3644800625 0.5274763359375001 0.023355671875000004 0.023684625000000015
