1 0.31768704173098794 0.5647302341697318 0.04243495312499999 0.03046917526807924
1 0.593102484375 0.8205735703125001 0.55856240625 0.3562562343750001
2 0.2631639275923208 0.6042041552357097 0.015460745889559953 0.07302759375000001
1 0.084540953125 0.5551083984374999 0.03914542187500001 0.023684625000000015
1 0.6584015406560612 0.5770657518576898 0.06052737499999997 0.05575755468750003
1 0.7891585468750002 0.549680671875 0.027303109375000054 0.04736925000000003
1 0.400993859375 0.5639901328124999 0.032237406249999975 0.033059789062499956
1 0.9766618281249999 0.6093856640624999 0.045395531249999975 0.11842312499999999
1 0.499679796875 0.5526412500000001 0.01907928124999998 0.012335742187500021
1 0.084540953125 0.5496806718749999 0.025329390625 0.013322601562499958
2 0.2434266381214408 0.5985301344593401 0.011677963401100062 0.08289595806551989
1 0.898370984375 0.54277265625 0.045395531249999975 0.036020367187500034
1 0.5427726562499999 0.5551083984374999 0.04243495312499999 0.03503350781250001
1 0.4646471303222605 0.571391578125 0.10164651562499998 0.057238073184480154
2 0.2526372746360008 0.6005040061656601 0.018914524267579846 0.08536333593750003
2 0.041119140625 0.614813390625 0.034211125 0.095725359375
1 0.09309399630883705 0.5580689605257344 0.049342968749999994 0.024671468338234435
1 0.687183078125 0.54277265625 0.008881734375000032 0.019737187499999996
1 0.5131676019427897 0.5590558359375 0.039803328124999975 0.02861892187499997
2 0.274675859375 0.6044513671874999 0.01842137500000002 0.08141589843750001
1 0.8274969446593957 0.5333974921875001 0.05481552591372818 0.028170249520230596
1 0.09539640625 0.5477069531250001 0.025329390625 0.012335742187500021
1 0.245727984375 0.5551083984374999 0.03552693750000001 0.019737187499999996
1 0.9697538125 0.5649769921875 0.056250984375 0.03996780468749996
1 0.06315940788352024 0.5523941145263697 0.021217807967860193 0.013322601562499958
1 0.7335654687500001 0.5551083984374999 0.04243495312500004 0.0379940859375
