1 0.40066490625000006 0.52106175 0.04177704687500003 0.04391524218749998
1 0.40066490624999995 0.5467217075394223 0.046545970637820906 0.045639287479809096
1 0.16250284375 0.527969765625 0.051316687499999986 0.037007226562499974
1 0.137831359375 0.602109282517679 0.09358654357311674 0.09239517435141247
1 0.32007139062499995 0.5082325781249999 0.027632062499999974 0.032566359374999986
1 0.200332453125 0.5097128671875 0.06447481250000002 0.04391524218749998
1 0.287833984375 0.5185955064942869 0.01907928124999998 0.03750020378410648
1 0.2417803605340696 0.5412934852330823 0.04144846643186074 0.05131668749999996
1 0.1776346875 0.5738587265625 0.0618431875 0.07253416406250005
1 0.29441304687500003 0.5131669527079877 0.030757083884076646 0.041448093749999956
1 0.35888785937499995 0.5181011718749999 0.014144984374999996 0.009868593749999998
1 0.21381953125 0.5551083984374999 0.04736925 0.05575755468750003
1 0.3381638125 0.5097128671875 0.016118703124999988 0.02861892187499997
1 0.266780984375 0.525174870638216 0.04111974391285799 0.04835610937499997
1 0.41316512499999997 0.4968836953124999 0.026645203124999975 0.024178054687499985
1 0.5118510625 0.4855348124999999 0.042763906250000025 0.01578974999999998
1 0.4092176875 0.5146472417704877 0.0337176842113589 0.04835610937499997
1 0.402638625 0.5913779011528837 0.06644853125000001 0.07401445312500003
1 0.34770345312499995 0.5139099781451909 0.014144984374999996 0.021217476562499994
