1 0.7206334642134932 0.6278276107758163 0.2440626729417584 0.1108366508404898
2 0.9658064046060773 0.5353711665283841 0.010526470393922693 0.027878710730076063
2 0.72830221875 0.5671151836622264 0.011696104288402391 0.022039863212773625
2 0.8243565312499999 0.5679375703125 0.013569317982477121 0.05616874766997713
2 0.7671186814692329 0.5610295546875 0.01118440021923289 0.02861892187499997
1 0.67172228125 0.597049921875 0.04375076562499996 0.03947437499999999
1 0.9388322187499999 0.5886616171875 0.05888260937499996 0.08486990624999997
2 0.8006719062500001 0.5610295546875 0.013750241414470092 0.037007226562499974
1 0.20081413463765735 0.967806588979429 0.4016282692753147 0.06438682204114218
1 0.9721534630534479 0.6451945474201974 0.0556930738931045 0.3126934306187542
1 0.2377405898244507 0.6337641755146389 0.0960543125 0.04884953906250002
1 0.70715823046875 0.83355846875 0.5856835390625001 0.3328830625
2 0.644748125 0.5950762031249999 0.016118703125000047 0.06957358593749996
1 0.0854886522491242 0.77172403125 0.1709773044982484 0.1801018359375
1 0.116778359375 0.6380045859374999 0.11376295746530526 0.055209296006889466
2 0.93356896875 0.5422792265624998 0.011513359374999983 0.030099210937499964
