2 0.543101609375 0.6005039296874999 0.03223740625000004 0.13964060156249997
2 0.9893177734375 0.6547811953124999 0.021364453124999964 0.2432608359375
2 0.720736296875 0.5294500546875 0.013158124999999998 0.03404664843749998
2 0.5656797987447727 0.6068288334335795 0.031818810407954486 0.14749063546678975
1 0.81777746875 0.569417859375 0.2990183906250001 0.13223915625
2 0.624024078125 0.6162936796875 0.01907928124999998 0.15246977343749996
2 0.5157985 0.5353712109375 0.021052999999999975 0.06118528125000004
2 0.3779671406249999 0.6478731796874999 0.006579062499999999 0.018750328124999972
4 0.7322496562499999 0.6162936796875 0.07204073437499996 0.14802890624999998
2 0.99145596875 0.5452398046875 0.017088062500000115 0.06414585937500003
2 0.382572484375 0.6005039296875001 0.016118703124999988 0.10806110156250001
2 0.42632325 0.6118528125000001 0.016118703124999988 0.1223705625
2 0.412178265625 0.604944796875 0.032237406249999975 0.1564172109375
2 0.607905375 0.624681984375 0.042763906250000025 0.17072667187499996
2 0.38092771875 0.5264894765625 0.013158124999999998 0.06710643750000003
