1 0.40461447599232253 0.46406993573014627 0.028125035278430903 0.03996780468749996
1 0.448363109375 0.447047296875 0.01578975000000001 0.01924375781250003
1 0.434547078125 0.47023849218749997 0.011184406250000004 0.020724046875000023
1 0.866133578125 0.46481076562499996 0.16973981250000006 0.10115308593750001
1 0.537838359375 0.46086332812499997 0.013816031250000017 0.04292838281249996
1 0.44145722599232246 0.4709779513551463 0.007236968750000017 0.01924375781250003
1 0.5460621875 0.46086332812499997 0.014802890625000013 0.04292838281249996
1 0.5276408125 0.46234361718749994 0.01842137500000002 0.03454007812500004
1 0.48717957812499996 0.3666182578125 0.00921068750000001 0.006908015625000008
1 0.484219 0.395730609375 0.014802890625000013 0.02220433593750002
1 0.572049484375 0.45642246093749994 0.04988980819561822 0.0557543692213911
1 0.46481076562499996 0.4011583359375 0.00921068750000001 0.010855453125000025
1 0.5194169843750001 0.46629105468750004 0.010197546875000008 0.023684625000000015
1 0.4640707568262765 0.4190451065824323 0.007236968750000017 0.013816031250000017
1 0.5608650781249999 0.45099473437499993 0.039803328124999975 0.06513271874999997
1 0.49721340995261515 0.4122593616335772 0.010197546875000008 0.013816031250000017
2 0.34375601562499997 0.462837046875 0.02171090624999999 0.07549474218750003
1 0.49803503125 0.3986911875 0.011184406250000004 0.016776609374999963
1 0.51382478125 0.44013928125 0.011842312500000023 0.01924375781250003
1 0.5157985 0.4662910546875 0.006579062499999999 0.016776609375000008
1 0.518430125 0.4524750234375 0.01842137500000002 0.020724046875000023
1 0.457573796875 0.4248429609375 0.013816031250000017 0.01924375781250003
1 0.043092859375 0.6350440078124999 0.08618571875 0.20477332031250003
1 0.427968015625 0.46777134374999996 0.00921068750000001 0.027632062500000033
1 0.13037575390880266 0.4865216291013983 0.18509069218647894 0.09736992538985918
1 0.94277090625 0.4317509765625 0.1144581875 0.0873370546875
1 0.44943494601092754 0.4433452768073238 0.011842312500000023 0.015912026245686484
1 0.45198159375 0.4401392812500001 0.013816031250000017 0.01529632031250001
1 0.42073104687499996 0.46777134374999996 0.012829171875000019 0.027632062500000033
1 0.379282953125 0.46777134374999996 0.03684274999999999 0.04292838281250004
1 0.01981942578125 0.5037917109375 0.0396388515625 0.06217214062499998
1 0.338492765625 0.47023849218749997 0.045066578125 0.049836398437499964
