1 0.539483125 0.5812601718749999 0.10559395312499996 0.04095466406249999
1 0.20888523437499998 0.58224703125 0.188490140625 0.095725359375
1 0.69014365625 0.795971648218505 0.5950762031249999 0.4080567035629901
1 0.9750170625 0.5812601718749999 0.029605781250000025 0.029605781249999998
1 0.8319224531249998 0.5881681875 0.058553656249999975 0.03552693749999998
1 0.7296180312499999 0.5778061640625 0.03256635937499996 0.03552693749999998
1 0.9838078085937499 0.5837273203125 0.0323843828125001 0.03404664843749998
1 0.20782977424198892 0.8030030212653798 0.41565954848397785 0.3939939574692402
1 0.7658028901319043 0.581260171875 0.08019875976947664 0.04164543384800101
1 0.11710731249999999 0.575339015625 0.1368445 0.08092246875000005
1 0.8799496093750001 0.5857010390624999 0.05000087500000004 0.03898094531250003
1 0.9483718593749998 0.5787930234375 0.025000437499999962 0.032072929687500015
1 0.9344362650003027 0.5881681875 0.055622972868535334 0.042928359038333405
1 0.5789575 0.5482003828125 0.28355759374999995 0.12977200781249998
