1 0.6329058125 0.6088922343750001 0.06710643750000003 0.1208902734375
1 0.6210634999999999 0.5861944687499999 0.08158037499999994 0.09671221875000002
1 0.35855890625 0.5847141796875001 0.06118528124999999 0.0942450703125
1 0.552970203125 0.5605361249999999 0.007565921874999996 0.020230617187499966
1 0.44606043749999996 0.5620164140624999 0.018750328125 0.01924375781250003
1 0.5608650781249999 0.5501741015625 0.013487078124999977 0.037007226562499974
1 0.25658343749999996 0.630603140625 0.14441042187499997 0.192437578125
1 0.11809417187499999 0.7248482109375 0.23355671875 0.2600374453125001
1 0.797711328125 0.7134993281249999 0.23618834375 0.2585571562499999
1 0.33224265625 0.6014907890624999 0.05789575000000002 0.11990341406249998
1 0.5694178593749998 0.5491872421874999 0.024671484374999983 0.04835610937499997
1 0.6967227187499999 0.6370177265625 0.14605518750000002 0.18355584374999995
1 0.5990236406249998 0.5580689765625001 0.058553656249999975 0.08289618750000001
1 0.40954664062499996 0.5388252187500001 0.055264125000000004 0.0942450703125
1 0.5717205312499999 0.5531346796875 0.021381953124999954 0.05329040625000001
1 0.38224353125 0.5541215390625001 0.08651467187499999 0.105593953125
