1 0.42975582040940064 0.5557520746548027 0.010340586034400624 0.011005699654802737
1 0.4349657523899939 0.5477069531249998 0.01578975000000001 0.011528306801254561
1 0.8523175468749999 0.6434323125000001 0.16833087615581235 0.11940998437500001
1 0.5924445781250001 0.5817536015624999 0.12006789062499999 0.06365242968749998
1 0.45391091583867943 0.5465854562194743 0.008791976021316235 0.008119029626448704
1 0.4419815845971046 0.571391578125 0.028487921089865923 0.03582324408315678
1 0.5050211919713493 0.5482157038976272 0.011740659948722035 0.01687850593439668
1 0.33619009375 0.5704047187500001 0.036513796875000004 0.032072929687500015
1 0.470074015625 0.5490526330406595 0.009778854318773018 0.012694590165009245
1 0.713170375 0.5866878984375001 0.09144896875000003 0.04342181250000001
1 0.356914140625 0.5560952578125 0.01907928124999998 0.011348882812499994
1 0.02960578125 0.5477069531250001 0.057566796875 0.046382390625000006
1 0.4241862924788451 0.5610310400371141 0.008223828125000015 0.022206563961921156
1 0.43236109823891283 0.54672009375 0.012074261469037376 0.012335742187500021
1 0.36513796875 0.576325875 0.09408059374999998 0.05575755468750003
1 0.4059276403306707 0.5528844823882773 0.01189550427629058 0.012823754722042401
1 0.7062623593749999 0.6906203076547778 0.15741415374607398 0.1783093720327223
1 0.4561260756847319 0.5600419936547827 0.01894690478792042 0.017663309331293675
1 0.8731973248853083 0.8138549198182853 0.2536053502293836 0.3722901603634295
1 0.4766829729775092 0.8110189822612452 0.25395181250000004 0.31826214843750006
1 0.8888331618439486 0.5463228715129169 0.2223336763121028 0.18364111823817497
1 0.470074015625 0.5556466704037639 0.008762118382496928 0.013860846091914158
1 0.4174415156249999 0.5664572812499999 0.012500218749999981 0.030099210937499964
1 0.4864938875983028 0.6197060110849543 0.14539728124999993 0.09260849469357843
1 0.39540165625 0.55066753125 0.023355671875000004 0.006414585937500039
2 0.0037007226562499997 0.597049921875 0.007401445312499999 0.11546254687499999
1 0.4592185625 0.5600426953125 0.013158124999999998 0.014309460937499985
1 0.7459474263719178 0.6123462421874999 0.08092246874999999 0.046471086471061705
1 0.611523859375 0.6404717343749999 0.08995819664930403 0.095725359375
1 0.531917203125 0.5496806718750001 0.008223828125000015 0.012335742187500021
1 0.49014015624999996 0.5633983021959076 0.03276411126121014 0.028027091258407567
1 0.026891917968749998 0.57435215625 0.053783835937499996 0.04736925000000003
1 0.460534375 0.5512057757794141 0.01842137500000002 0.014399118058177951
1 0.5504259439901769 0.5558875728740791 0.02176389523710718 0.01566012487223727
1 0.46648555414114107 0.543669776193773 0.005592203125000002 0.007132281892518399
