1 0.08848206732233868 0.520074890625 0.013816031250000001 0.01529632031250001
1 0.18234973687394304 0.5197459316518989 0.024269452648381703 0.018914798839398995
1 0.6179932691885595 0.5447463750000001 0.06431033347033926 0.04934296134851772
2 0.9712889088080379 0.4870151015625 0.008552781250000053 0.02565834374999998
2 0.543101609375 0.6932687109375 0.07039596875000005 0.29753810156249993
1 0.30822907812499994 0.5102062968750001 0.00921068750000001 0.010855453125000025
2 0.5223786110450762 0.6860317696004432 0.07916786933037893 0.26809690652677265
1 0.3509107306736482 0.5047785703125001 0.010197546875000008 0.010855453125000025
2 0.8045595569275111 0.492442828125 0.006579062500000058 0.014309460937499985
1 0.29803153125000004 0.5131668750000001 0.021052999999999975 0.017763468750000032
1 0.5164494813453195 0.5270140683210618 0.035855890625000046 0.04658495416324211
1 0.4051892504132938 0.50329828125 0.02203985937500003 0.029112351562500027
1 0.2990183906250001 0.5047785703125001 0.011842312500000023 0.011086051525334728
1 0.9144896874999999 0.48803419382433055 0.029276828125000046 0.024056555307440775
2 0.53750940625 0.737183953125 0.09309373437500004 0.17812811718750005
1 0.8051020291418899 0.4859960093006695 0.01644765625000003 0.03454007812500004
1 0.11414673437500002 0.5171143125000001 0.03209640861599567 0.029112351562500027
1 0.1588993148278412 0.5196038941167618 0.008223828125000015 0.010855453125000025
1 0.8658046249999999 0.4840545234375 0.04320673537754824 0.036020367187500034
1 0.3156305777153084 0.5146471640625 0.020230641859231114 0.01924380222161597
1 0.552970203125 0.5284631953124999 0.04243495312499999 0.049836398437499964
2 0.35987471875000004 0.6547811953124999 0.06644853125000001 0.15937778906249997
1 0.2807507478918898 0.5133974734003347 0.013816031250000017 0.017763468750000032
1 0.13421287499999998 0.5240223281249999 0.011842312500000007 0.01529632031250001
2 0.17503296243604569 0.5183703116707841 0.004605343750000005 0.01282917187499999
2 0.16367568103406954 0.5181011718749999 0.004605343750000005 0.014309460937499985
1 0.292439328125 0.5102062968750001 0.011842312500000023 0.012335742187500021
