1 0.5460621875 0.419415052317287 0.061843187499999945 0.06700782438558525
1 0.534219875 0.32622756495061067 0.014802890625000013 0.013816031250000017
1 0.5332330156249999 0.2738534765624999 0.009210687499999952 0.020724046874999978
1 0.55264125 0.5407989375 0.08321451998140456 0.10362023437499994
1 0.537838359375 0.3446332850174702 0.056250984375 0.04879483565994036
1 0.54145684375 0.39721089843749996 0.05263249999999999 0.04345485562185782
1 0.5490227656250001 0.4771465078125 0.07302759374999995 0.06513271874999997
1 0.534219875 0.3153015703125 0.01282917187499996 0.024671484374999997
1 0.697380625 0.4317509765625 0.02861892187499997 0.07204073437500003
1 0.21118790625 0.5491872421874999 0.16151598437499998 0.1564172109375
1 0.5368514999999999 0.3089222252114041 0.016447656249999967 0.0330597890625
1 0.5322461562499999 0.26620542370950195 0.0077304699730013 0.01085545312499998
1 0.531259296875 0.30214350050153127 0.011842312499999962 0.029112351562499982
2 0.6034973396181571 0.544746375 0.03118488326368573 0.12681142968749998
