2 0.833238265625 0.46234361718749994 0.01842137500000002 0.06463928906250001
1 0.307571171875 0.4889888203125 0.05756679687499998 0.0379940859375
1 0.030921593749999993 0.478626796875 0.013816031249999998 0.012335742187500021
1 0.5250091875 0.4633304765625 0.039145421874999954 0.03108607031249999
1 0.33619009375 0.4870151015625 0.024013578125000025 0.02861892187499997
1 0.2881629375 0.49836398437499996 0.04111914062500001 0.03108607031249999
1 0.49474549999999995 0.478626796875 0.04868506250000001 0.037007226562499974
1 0.374677609375 0.476653078125 0.052303546875000016 0.019737187499999996
1 0.544417421875 0.4880019609375001 0.06809329687499996 0.046382390625000006
1 0.624681984375 0.47369249999999996 0.22105650000000002 0.08338961718749997
1 0.420073140625 0.46925163281249993 0.04111914062500001 0.016283179687500038
1 0.4667844843749999 0.4796136562500001 0.05559307812499999 0.0379940859375
1 0.41250721875 0.496390265625 0.17171353125 0.04440867187500004
1 0.07335654687499998 0.48898882031249985 0.03651379687499999 0.033059789062499956
1 0.343098109375 0.47369249999999996 0.03092159375 0.013322601562499958
1 0.04736925 0.48060051562500006 0.024013578124999994 0.012335742187500021
