1 0.057237843749999996 0.520074890625 0.040461234374999995 0.032072929687500015
1 0.497048171875 0.5131668749999999 0.06118528124999999 0.04687582031249997
1 0.46908715624999997 0.5144832359096772 0.00986903247774163 0.01447404718193539
1 0.42862592187500004 0.492442828125 0.025329390625 0.029112351562500027
1 0.5329040625 0.513166875 0.012500218749999981 0.011842312499999962
2 0.15427855704493215 0.5020650509663008 0.008059122272466072 0.018258732757771325
1 0.11249830010945736 0.5612777599164704 0.13207704901785047 0.10954253707516956
1 0.6394857921601357 0.5052729171601357 0.04243525884504524 0.013815572669932141
1 0.6088906715800276 0.5671958141489347 0.09358608964095652 0.11175962653832006
1 0.92830571875 0.655274625 0.14309460937499996 0.25954401562499996
1 0.558891359375 0.5274763359374999 0.029934734375000004 0.04095466406249999
2 0.349019265625 0.5126734453124999 0.005592203125000002 0.029112351562500027
1 0.0144739375 0.512180015625 0.011184406249999997 0.020724046875000023
1 0.6690920319902035 0.5427742612802374 0.0578969728801809 0.07105570932027128
1 0.448363109375 0.51514059375 0.009868593750000028 0.019737187499999996
1 0.3644800625 0.5190880312500001 0.045395531249999975 0.029112351562500027
1 0.5685419339973429 0.5333986468476086 0.037610820473937184 0.04884953906250002
1 0.41382303125 0.512180015625 0.016776609375000008 0.020724046875000023
1 0.5523122968749999 0.5116868152275339 0.01776392733006785 0.02245024826613129
1 0.8431068593750001 0.6261622734374999 0.12894962500000004 0.1366800234375
1 0.40461234375 0.51908803125 0.020724046874999996 0.02516491406250001
1 0.004934296874999999 0.513166875 0.009868593749999998 0.03108607031249999
1 0.46283719973502263 0.5116872738076017 0.012500218749999981 0.018750328124999972
1 0.558891359375 0.50329828125 0.01250021875000004 0.003947437500000017
1 0.493100734375 0.571391578125 0.08585676562500003 0.10806110156250001
1 0.7098808437499999 0.5644835624999999 0.06710643750000003 0.09177792187499997
1 0.452310546875 0.514153734375 0.013158124999999998 0.019737187499999996
1 0.6536309293951582 0.5161283702851357 0.039803633845045164 0.024178971847635643
1 0.7655623722519156 0.5807687460893276 0.11053199061674496 0.11916587460362589
1 0.571391578125 0.504285140625 0.016776609375000008 0.005921156249999981
1 0.5687599531249999 0.5472135234375 0.029934734375000004 0.06414585937500003
1 0.544417421875 0.514153734375 0.005263250000000023 0.019737187499999996
1 0.5296145312499999 0.512180015625 0.01677660937499995 0.010855453125000025
1 0.433889171875 0.513166875 0.029276828124999987 0.03404664843749998
