1 0.68224878125 0.5250091874999999 0.01842137500000002 0.018750328124999972
1 0.43652079687500006 0.5437595156249999 0.023355671875000004 0.027632062500000033
1 0.55264125 0.5353712109375 0.014473937500000034 0.014309460937499985
1 0.3146765695072426 0.542575256149467 0.002236875460147066 0.011348882812499994
1 0.47632405263320715 0.5333971665369323 0.01842137500000002 0.013322601562499958
1 0.8383908052907133 0.5409626195930349 0.029056858226754065 0.043585909098842815
1 0.39737537500000003 0.55264125 0.034211124999999974 0.04095466406249999
1 0.4144809375 0.5373449296875 0.010197546875000008 0.012335742187500021
1 0.4250074374999999 0.5363580703125 0.004934296874999984 0.00937516406250003
1 0.7365260468749999 0.5363580703124999 0.004934296875000044 0.010362023437499968
1 0.50856153125 0.5333974921875001 0.008223828125000015 0.00937516406250003
1 0.419415234375 0.5304369140625 0.013158124999999998 0.023684625000000015
1 0.46382390625 0.5314237734375 0.012500218749999981 0.007401445312499977
1 0.4839311639596268 0.6138264572340667 0.12674966359664108 0.16384944471951454
1 0.563496703125 0.5373449296875 0.037171703125000025 0.027632062500000033
1 0.7306048544416034 0.520814682368135 0.01348704194160355 0.013322601562499958
1 0.98940001171875 0.5052719999999999 0.021199976562500094 0.03108607031249999
1 0.6993543437499999 0.52106175 0.020724046874999996 0.020724046875000023
1 0.5937602524563973 0.5231993580959389 0.014912357441863122 0.01102006785610259
1 0.6644853125 0.5250091875 0.010855453125000025 0.017270039062499975
2 0.645077078125 0.5723784375000001 0.01578974999999995 0.06167871093750001
1 0.8079088750000001 0.5304369140624999 0.02532939062500006 0.02171090624999996
1 0.98940001171875 0.5363580703124999 0.021199976562500094 0.04835610937499997
1 0.550996484375 0.5353712109375 0.017105562499999987 0.011348882812499994
1 0.4717187450666035 0.5267357843430404 0.008881734374999973 0.0034540620875946003
2 0.7322496562499999 0.5126734453124999 0.006908015625000038 0.012335742187500021
1 0.49145596875 0.5353712109375 0.013816031250000017 0.011348882812499994
1 0.46053437500000005 0.5363580703125 0.023355671875000004 0.012335742187500021
1 0.44145509374999997 0.5570821171875 0.025987296875000017 0.03503350781250001
1 0.265465171875 0.5393186484375001 0.023355671874999977 0.012335742187500021
1 0.8345540781249999 0.5333974921875 0.03651379687499994 0.03996780468749996
