1 0.245727984375 0.6276425625 0.183884796875 0.17516753906249996
1 0.18487165625 0.5240223281249999 0.09737012500000002 0.08832391406250002
1 0.146384140625 0.4884953906250001 0.07171178124999998 0.0774684609375
1 0.31826296715459923 0.47023849218749997 0.02203985937500003 0.032318907685860675
1 0.339479625 0.47023849218749997 0.029276828124999987 0.036020367187500034
2 0.28421550000000007 0.4544487421875 0.00625010937500002 0.016283179687500038
1 0.27961015625 0.4771465078125 0.036842750000000014 0.037007226562499974
1 0.4575715044671221 0.4709793735641393 0.014802890625000013 0.014556912626639296
1 0.3855330625 0.45938303906249994 0.021052999999999975 0.01529632031250001
1 0.09276478125000001 0.45395531249999993 0.03947437500000001 0.04391524218749998
1 0.442441953125 0.47319907031249997 0.011184406250000004 0.009868593749999998
1 0.37730923437499997 0.4978705546875 0.05888260937500001 0.06908015625
1 0.039474375 0.45395531249999993 0.045066578125 0.041448093749999956
1 0.418428375 0.5462266640625 0.09013315625 0.10362023437499994
1 0.2355304375 0.4939231171874999 0.053290406249999984 0.06069185156249999
1 0.36349320312499994 0.45790274999999997 0.01644765625000003 0.01924375781250003
1 0.011102167968749998 0.4485275859374999 0.022204335937499996 0.04391524218749998
1 0.5539570625 0.516127453125 0.15460796874999996 0.23881996875000003
