1 0.8512559258577197 0.5212187522972386 0.08036923069815909 0.032835504135659034
1 0.68619621875 0.5180093503234551 0.0799585565294007 0.04835610937499997
1 0.176318875 0.5804078600919086 0.09802803124999998 0.106356477996317
1 0.45790274999999997 0.7414602319618315 0.27105737499999993 0.3508285078125001
1 0.6095501406250001 0.525996046875 0.057566796875000034 0.04095466406249999
1 0.8796208580523494 0.5109464918568373 0.01439127879718877 0.006414585937500039
1 0.8079088750000001 0.5250091875 0.034211124999999974 0.02861892187499997
1 0.7569211406249999 0.52106175 0.06381690625 0.037007226562499974
1 0.7940928437499999 0.525996046875 0.017763468749999945 0.024671484375000042
1 0.2955098553934491 0.5269832416145053 0.01962735014471928 0.026317032517178873
1 0.5178819542128382 0.5766548914408787 0.11425634320608094 0.10707424218749999
1 0.9716177742105596 0.5230354687500001 0.04627269718422392 0.036020367187500034
1 0.49770607812499995 0.5166208828125 0.017763468750000004 0.014309460937499985
1 0.990477859375 0.4919493984375 0.01337735255788767 0.010362023437499968
1 0.5338909218750001 0.5250091875 0.056250984375 0.02861892187499997
1 0.957582546875 0.4939231171875 0.01907928124999998 0.017270039062499975
1 0.33224265625 0.5876747578125 0.06854558474209191 0.09079106249999995
1 0.09679445703124999 0.760868578125 0.19358891406249998 0.2778011048584924
1 0.27171528125 0.6227082656249999 0.12697590625000002 0.14309460937500001
1 0.09592292382640677 0.6103725234375 0.150989484375 0.11200853906250004
1 0.962187890625 0.504285140625 0.025987296875000017 0.010362023437499968
1 0.34046648437500004 0.5353712109375 0.036513796875000004 0.032072929687500015
1 0.9048561202514096 0.5207092102478855 0.033365365502819225 0.026645203125000006
1 0.629287328125 0.5279697656250001 0.08717257812499994 0.04342181250000001
1 0.555272875 0.5136603046875 0.020724046874999996 0.014309460937499985
1 0.9865303610171504 0.5077393310110487 0.01842149671569911 0.014309826084597433
