1 0.545733234375 0.5383317890624999 0.08190932812500004 0.03898094531250003
1 0.11809417187499997 0.5383317890624999 0.028947874999999994 0.05723784375000003
1 0.8240275781249998 0.5309303437499999 0.04375076562499996 0.0478626796875
1 0.672709140625 0.5097128671875 0.024671484374999983 0.013816031250000017
1 0.631918953125 0.5077391484375 0.03684275000000004 0.03157949999999996
1 0.64935346875 0.5333974921874999 0.09046210937499997 0.049836398437499964
1 0.34770345312500006 0.529943484375 0.06447481250000002 0.045395531249999975
1 0.35280189487915514 0.5042029355120844 0.03152466040775206 0.01233576027931882
1 0.480600515625 0.52698290625 0.04243495312499999 0.03059264062500002
1 0.720736296875 0.5245157578124999 0.06085632812499995 0.033059789062499956
1 0.6025597849582898 0.525626005137513 0.032401871711358866 0.021710895148858888
1 0.4227047656250001 0.5235288984375 0.03815856250000002 0.03157949999999996
1 0.387177828125 0.514153734375 0.011184406250000004 0.01924375781250003
1 0.8875155312499999 0.52698290625 0.03815856249999996 0.021217476562499994
1 0.566786234375 0.5215551796875 0.02532939062499994 0.016776609375000008
1 0.768105546875 0.5343843515625 0.03815856249999996 0.03898094531250003
1 0.911529109375 0.5871813281249999 0.171055625 0.1366800234375
1 0.355598328125 0.5353712109375 0.08486990624999997 0.04884953906250002
1 0.855278125 0.525996046875 0.01842137500000002 0.026645203125000006
