1 0.120725796875 0.6720512343749999 0.19934559375 0.18355584374999995
2 0.42270476562500003 0.5023114218749999 0.007565921874999996 0.024178054687499985
1 0.45198159375 0.5008311328125 0.015131843749999992 0.017270039062499975
1 0.463494953125 0.4939231171875 0.005592203125000002 0.011348882812499994
1 0.40658606249999996 0.537838359375 0.032237406249999975 0.03996780468749996
1 0.525338140625 0.5225420390625 0.011513359374999983 0.03996780468749996
1 0.4881664375 0.4870151015625 0.023684624999999983 0.04835610937499997
1 0.36645378125000005 0.5521478203125 0.04572448437500001 0.05970499218749996
2 0.3855330624999999 0.5240223281249999 0.010526499999999987 0.030099210937499964
1 0.45198159375 0.502311421875 0.016118703124999988 0.011348882812499994
1 0.062830046875 0.563496703125 0.12072579687500001 0.08536333593750003
1 0.84804115625 0.5181011718749999 0.08355409374999993 0.07697503125000002
1 0.412178265625 0.5264894765625 0.032237406249999975 0.03996780468749996
2 0.43224440625000005 0.49540340625 0.004605343750000005 0.011348882812499994
1 0.536522546875 0.533890921875 0.02171090625000005 0.05674441406249997
1 0.4593502921733531 0.49076485178787443 0.010526499999999987 0.01608586347125742
1 0.452968453125 0.5008311328125 0.017105562499999987 0.032566359374999986
1 0.536522546875 0.5264894765625 0.037171703125000025 0.04391524218749998
1 0.471060875 0.482574234375 0.010526499999999987 0.011348882812499994
1 0.4671134375 0.48553481249999997 0.010526499999999987 0.008388304687500004
1 0.56119403125 0.5422792265624999 0.052303546875000016 0.06710643750000003
2 0.566128328125 0.5052719999999999 0.007565921874999996 0.01282917187499999
1 0.4911270156249999 0.5225420390625 0.027632062499999974 0.02861892187499997
1 0.03347098046875 0.5935959140625 0.0669419609375 0.11102167968750001
1 0.378954 0.51119315625 0.006579062499999999 0.019737187499999996
2 0.51382478125 0.49836398437499996 0.011513359374999983 0.024178054687499985
1 0.442441953125 0.5264894765625 0.03881646874999998 0.041448093749999956
1 0.6855383125 0.6463928906249998 0.172700390625 0.16776609374999998
1 0.5118510625 0.4870151015625 0.023684624999999983 0.04391524218749998
1 0.6924463281249998 0.5422792265624998 0.13388392187499995 0.06957358593749996
1 0.474679359375 0.4939231171875 0.013158124999999998 0.017270039062499975
1 0.508890484375 0.5008311328125 0.005592203125000002 0.017270039062499975
