1 0.004934296874999999 0.5037917109375 0.009868593749999998 0.005921156249999981
1 0.06591381410043147 0.5610295892149757 0.13182762820086294 0.05156356634925911
1 0.983240890625 0.5333974921875 0.03289531250000006 0.12927857812500002
1 0.10000174999999999 0.5324106328125 0.07105387500000002 0.06414585937500003
1 0.8908050624999999 0.5358646406249999 0.19375339062499997 0.10065965624999995
1 0.8687652031249999 0.6468863203125 0.239806828125 0.21858935156250006
2 0.31809767187500004 0.48750853124999993 0.008223828125000015 0.01529632031250001
1 0.0028783398437499997 0.5185946015624999 0.005756679687499999 0.032072929687500015
1 0.06644853125 0.5324106328125 0.009210687499999997 0.02516491406250001
1 0.14671309375000002 0.486521671875 0.04342181250000001 0.02516491406250001
1 0.84804115625 0.46234361718749994 0.039803328124999975 0.010362023437499968
1 0.0381585625 0.5176077421875 0.076317125 0.049342968749999994
1 0.05789575 0.492442828125 0.03355321874999999 0.014802890625000042
1 0.6092211875 0.4741859296874999 0.014473937500000034 0.01282917187499999
1 0.44277090625 0.5472135234375 0.26184668750000006 0.14309460937500001
1 0.7740267031249999 0.46481076562499996 0.03125054687500004 0.0034540078124999595
1 0.2454744833221031 0.4763874085662412 0.019205835734622402 0.006908015625000008
1 0.9975416015625 0.46234361718749994 0.004916796874999936 0.017270039062499975
1 0.9664555312499999 0.49342968749999994 0.06708893750000004 0.04687582031249997
2 0.22664870312499996 0.4919493984375 0.007236968749999987 0.008388304687500004
1 0.2565834375 0.4810939453125 0.03519798437499997 0.006908015625000008
1 0.5618519375 0.4820808046874999 0.10230442187499994 0.03552693749999998
1 0.7197494375000001 0.4899756796875 0.02828996874999999 0.02861892187499997
1 0.5381673124999999 0.5176077421875 0.08158037499999994 0.07993560937500002
1 0.2802680625 0.48898882031249996 0.035197984375000026 0.017270039062499975
2 0.9121870156249999 0.4643173359375 0.017105562499999987 0.04243495312499999
1 0.16710818749999998 0.522048609375 0.08947525 0.07549474218750003
1 0.8611992812499999 0.478626796875 0.09243582812499997 0.03454007812500004
1 0.25493867187499997 0.4899756796875 0.049671921875000004 0.010362023437499968
1 0.0056744414062499995 0.500337703125 0.011348882812499999 0.00937516406250003
1 0.17237143749999997 0.486521671875 0.02828996874999999 0.005921156249999981
1 0.6144844374999999 0.5324106328125 0.09079106249999995 0.10658081250000002
1 0.22763556249999997 0.4899756796875 0.02598729687499999 0.010362023437499968
1 0.059540515625 0.528956625 0.00855278125 0.02171090624999996
1 0.7450788281249999 0.5324106328125 0.19079281250000005 0.12829171874999998
