1 0.9023184218749999 0.547706953125 0.06579062499999999 0.036020367187500034
1 0.8881734375 0.5279697656249999 0.03388217187499999 0.009868593749999998
2 0.34934821875 0.5437595156249999 0.013158124999999998 0.03503350781250001
1 0.9564632821982497 0.5358646406249999 0.08707343560350059 0.05723862082793536
1 0.689814703125 0.5309303437499999 0.03125054687500004 0.011842312499999962
2 0.37467760937500005 0.544746375 0.010197546875000008 0.03404664843749998
1 0.057237843749999996 0.5556018281249999 0.018092421875000004 0.02171090624999996
1 0.00781263671875 0.5565886874999999 0.0156252734375 0.018750328124999972
2 0.3727038906249999 0.549680671875 0.006908015624999978 0.024671484375000042
1 0.8868576250000001 0.545733234375 0.05000087500000004 0.027138632812499973
2 0.33706732986150456 0.5496806455588377 0.006908015624999978 0.017270039062499975
1 0.0565799375 0.5664572812499999 0.017434515624999994 0.010855453125000025
