1 0.30592640625 0.5161274531250001 0.03125054687499998 0.020724046875000023
1 0.9662910546875 0.833896171875 0.06741789062500002 0.22697765624999997
1 0.3972930719471974 0.5072454855724109 0.008881734374999973 0.006661417370044642
1 0.622708265625 0.5674441406249999 0.06447481249999995 0.08635019531249996
1 0.513166875 0.5116865859375 0.010855453125000025 0.016283179687500038
1 0.7684344999999999 0.549680671875 0.10855453125000002 0.08190932812499999
1 0.5988592751069438 0.5094656526437529 0.05658015958888759 0.03799375280416859
1 0.28750503125 0.531917203125 0.03322426562499998 0.03503350781250001
1 0.4565869375 0.5028048515625 0.010855453125000025 0.008881734374999973
1 0.37730923437499997 0.520074890625 0.021381953125000012 0.024671484375000042
1 0.30592640625 0.51908803125 0.020395093750000017 0.016283179687500038
1 0.649024515625 0.583233890625 0.08322514062499996 0.10115308593750001
1 0.48092946875 0.5028048515624999 0.006908015624999978 0.007401445312499977
1 0.40066490625 0.5190880312500001 0.016776609375000008 0.020724046875000023
1 0.578628546875 0.5072457187499999 0.013816031249999956 0.016283179687500038
1 0.5151405937499999 0.5176077421875 0.006908015624999978 0.016283179687500038
1 0.459547515625 0.4968836953125 0.005921156249999981 0.008881734374999973
1 0.405599203125 0.5116865859375 0.006908015624999978 0.013322601562499958
1 0.5057655407319437 0.5035448295270843 0.008881734374999973 0.00962204547291572
1 0.4144809375 0.5116865859375 0.004934296874999984 0.013322601562499958
1 0.356914140625 0.531917203125 0.037171703125000025 0.024671484375000042
1 0.527969765625 0.5190880312500001 0.024342531250000004 0.032072929687500015
1 0.556259734375 0.5116865859375 0.013816031249999956 0.016283179687500038
1 0.21710906250000003 0.5304369140625 0.05460621875000002 0.027632062500000033
1 0.43882346875 0.5116865859375 0.011842312500000023 0.013322601562499958
1 0.4477052031249999 0.5116865859375 0.006908015624999978 0.010362023437499968
1 0.42533639062499995 0.516127453125 0.01842137500000002 0.024671484375000042
1 0.25033332812500003 0.525996046875 0.040132281249999985 0.024671484375000042
1 0.6697485624999999 0.525996046875 0.04013228124999995 0.03947437499999999
1 0.5171143125 0.5215551796875 0.003947437499999987 0.013322601562499958
1 0.135857640625 0.5407989375 0.055593078125000014 0.032072929687500015
1 0.037171703125 0.5482003828125 0.05000087499999999 0.06019842187500002
1 0.5651414687499998 0.5176077421875 0.021381953124999954 0.017763468750000032
1 0.5736942500000001 0.549680671875 0.04704029687499999 0.05279697656250004
1 0.647050796875 0.525996046875 0.003947437499999987 0.005921156249999981
1 0.29803153125000004 0.520074890625 0.021381953125000012 0.016283179687500038
1 0.6177739687500001 0.5190880312500001 0.05000087500000004 0.032072929687500015
1 0.262833546875 0.520074890625 0.02236881250000001 0.016283179687500038
1 0.39013840625 0.5146471640625 0.008881734374999973 0.016283179687500038
1 0.70198596875 0.5363580703125 0.05559307812500004 0.063159
1 0.489811203125 0.525996046875 0.03519798437499997 0.04243495312499999
1 0.4907980624999999 0.5028048515624999 0.006908015624999978 0.007401445312499977
1 0.39112526562499994 0.5102062968750001 0.004934296874999984 0.008881734374999973
1 0.352966703125 0.5876747578125 0.08421200000000001 0.09967279687500001
