1 0.5118510625 0.472705640625 0.013158124999999998 0.02861892187499997
1 0.405599203125 0.4712253515625 0.04079018750000003 0.02861892187499997
1 0.4424420271379728 0.4855349235194593 0.02565834374999998 0.041448093749999956
1 0.49671921874999997 0.46826477343749995 0.011513359374999983 0.01282917187499999
1 0.5164563393659858 0.47319917063852124 0.007565921874999996 0.0241783556655637
2 0.962187890625 0.46382390625000003 0.026645203124999975 0.07105387500000004
2 0.23158299999999998 0.7985249609375 0.13092334374999998 0.40295007812500006
1 0.5585623478611852 0.4840545234375 0.055922031250000025 0.06414585937500003
1 0.5052719999999999 0.46604453228325254 0.006579319086003347 0.00986897862900502
2 0.468100296875 0.4741859296875 0.007565921874999996 0.03404664843749998
1 0.46810029687499993 0.4796136562499999 0.018092421874999983 0.01578974999999998
1 0.41119140625 0.4944164268039074 0.056579777405209995 0.06315887992890748
1 0.52698290625 0.4796136562499999 0.024671484375000042 0.04391524218749998
1 0.47007401562499995 0.4682647734375 0.010526499999999987 0.012335862258592557
2 0.677972390625 0.4741859296875 0.020066140625000038 0.06414585937500003
1 0.454942171875 0.47961365625 0.01907928124999998 0.03108607031249999
1 0.480600515625 0.46826477343749995 0.010526499999999987 0.01282917187499999
1 0.521390703125 0.4766530781249999 0.008552781249999994 0.032566359374999986
1 0.3838883739436875 0.49053969841866973 0.014474014568687583 0.03700739996704705
2 0.15395006249999998 0.4880019609375001 0.020066140625000006 0.07697503125000002
1 0.491127015625 0.4682647734375 0.004605343750000005 0.008388304687500004
