2 0.69145946875 0.504285140625 0.008881734375000032 0.018750328124999972
1 0.714157234375 0.4870151015625 0.011184406250000004 0.010855453125000025
1 0.7684345222011723 0.5852076426767585 0.15773308634082142 0.20477335361425847
1 0.733090174511046 0.4870151015625 0.008223828124999954 0.005921217098012211
1 0.6817005446790821 0.516127453125 0.012500222038955637 0.033059789062499956
1 0.8077990295428886 0.47467935937499994 0.045285962067467975 0.034046740529026384
1 0.67435390625 0.4899756796875 0.03125054687500004 0.03750065625000003
1 0.8200801406250001 0.51908803125 0.035197984375000026 0.04292838281249996
1 0.6727748428454345 0.5263907574732879 0.011447546648858638 0.03967156454058376
1 0.7147739341214897 0.49589687787168496 0.02689193893584244 0.018503676182527417
1 0.7269864062499999 0.5176077421875 0.06085632812499995 0.049836398437499964
1 0.585865515625 0.7514934140625 0.24342531250000002 0.29309723437499996
1 0.702972828125 0.51908803125 0.013816031249999956 0.03996780468749996
1 0.6965581792841784 0.492442828125 0.010197546874999948 0.01529632031250001
2 0.7617457659932768 0.4835610707268114 0.00471500758232691 0.016283179687500038
1 0.7158019999999999 0.47714650781250006 0.014802890625000013 0.017763468750000032
1 0.961521234375 0.557575546875 0.07695753125 0.10658081250000002
1 0.64935346875 0.5230354687500001 0.04605343750000005 0.06217214062499998
1 0.7396181936206752 0.5252066982975712 0.08000144630752372 0.059113217554265594
1 0.7808250395688809 0.4968836953124999 0.022697773299396217 0.02023062869909422
1 0.9970481718749998 0.5866878984375 0.005903656250000111 0.05674441406249997
1 0.691788421875 0.4993508437500001 0.014802890625000013 0.023684625000000015
1 0.6702419440859219 0.5157573447831915 0.020888475335921915 0.045148744253882975
1 0.8889870703125001 0.6863606953125 0.22202585937499997 0.27829434374999995
2 0.85067278125 0.4909625390625001 0.008881734375000032 0.03503350781250001
1 0.6212912731506288 0.5324486175201368 0.09823045874633879 0.09891376131132583
1 0.5960630625000001 0.5728718671874999 0.14112089062500002 0.12187713281249994
