1 0.1776346875 0.5866878984375 0.046053437499999995 0.036020367187500034
1 0.9292925254925 0.7107855388582032 0.13898281044609379 0.3288709607332031
1 0.199674546875 0.5610295546875 0.030263687499999983 0.027632062500000033
1 0.4512139852880178 0.5746811247260946 0.07960665625 0.045395531249999975
1 0.3792830142128039 0.5719554768234673 0.069409109375 0.04130710074904202
2 0.37665132812499996 0.6148133906250001 0.011513359374999983 0.01529632031250001
1 0.30362352055172687 0.5657171607738682 0.048027337999782205 0.045395531249999975
1 0.3555570042110547 0.847127846834961 0.7111140084221094 0.30574430633007826
2 0.5407989375 0.5630032734375 0.017763468750000004 0.05970499218749996
1 0.24638589062499996 0.5817536015624999 0.09737012499999999 0.06908015625
1 0.1006595674328783 0.5760791879116005 0.03519805838926809 0.024178065789640258
2 0.37691429167136464 0.5990237116798698 0.02282927108313893 0.07697503125000002
2 0.35197984374999997 0.6000105 0.013158124999999998 0.023684625000000015
2 0.3394325998081609 0.5953581667730206 0.022227852997776944 0.08042903906249999
2 0.40354317269369844 0.5504208034532997 0.011924572369500433 0.025411667765100798
1 0.135857640625 0.5580689765625 0.02894787500000001 0.019737187499999996
