1 0.3764864535292188 0.599023640625 0.08552788486968747 0.04638260773406246
1 0.090462109375 0.5866878984375 0.020724046874999996 0.03108607031249999
1 0.5710626249999999 0.597049921875 0.08914629687500006 0.06908015625
1 0.24704379687500003 0.6009973593750001 0.07138282812500002 0.04342181250000001
1 0.013158125 0.571391578125 0.024013578124999997 0.016283179687500038
1 0.358229953125 0.5787930234375 0.01644765625000003 0.006414585937500039
1 0.9885776289062501 0.7781386171875 0.02284474218749999 0.1381603125
1 0.6397228398437501 0.8606971015625 0.7205543203125001 0.278605796875
1 0.38915154687500003 0.5753390156249999 0.020724046874999996 0.013322601562499958
1 0.99614355078125 0.54672009375 0.0077128984374999964 0.00937516406250003
1 0.957582546875 0.5580689765625 0.010855453125000025 0.014309460937499985
1 0.17697678125000002 0.5931024843749999 0.057566796875000006 0.036020367187500034
1 0.00978635546875 0.5911287656249999 0.0195727109375 0.02565834374999998
1 0.11612045312500001 0.5960630625000001 0.02730310937500001 0.04342181250000001
1 0.9019894687500002 0.6044513671874999 0.17368725000000004 0.07845532031250002
