1 0.3428951389819784 0.5208720133446564 0.009008225478562438 0.009109456489281253
1 0.39441446116712536 0.5192525824142498 0.006579137101749902 0.007565996476749959
1 0.218095921875 0.5205683203125 0.010526499999999987 0.003947437500000017
1 0.33257160937499997 0.5166208828124998 0.013816031250000017 0.02171090624999996
1 0.34934821875 0.5185946015624999 0.006579062499999999 0.010855453125000025
2 0.1771402232135379 0.5644837450762875 0.010526621717524965 0.03750083882628745
2 0.18881909374999997 0.5590558359375 0.01578975000000001 0.05674441406249997
2 0.18125317187499998 0.5600426953125 0.008223828125000015 0.0379940859375
1 0.336519046875 0.5225420390624999 0.003289531250000029 0.01282917187499999
1 0.4065860625 0.5185946015624999 0.021381953125000012 0.014802890625000042
1 0.32336092187500004 0.5205683203125 0.013158124999999998 0.016776609375000008
1 0.2355304375 0.528956625 0.030592640624999994 0.029112351562500027
1 0.29408409374999994 0.5195814609375 0.026645203124999975 0.014802890625000042
1 0.3052684999999999 0.5156340234375 0.016118703124999988 0.010855453125000025
1 0.087172578125 0.545733234375 0.11776521875000001 0.06562614843750003
1 0.081909328125 0.5486938125 0.11973893749999999 0.06562614843750003
1 0.375335515625 0.5240223281249999 0.013816031250000017 0.01578974999999998
1 0.4080575542656755 0.5256997586262864 0.01396966219377737 0.018882011791094923
1 0.265465171875 0.5250091875 0.01809242187500001 0.011842312499999962
1 0.3565851875 0.5185946015624999 0.013158124999999998 0.014802890625000042
