1 0.068751203125 0.6083988046875 0.13750240625 0.2195762109375
1 0.4592185625 0.5102062968750001 0.04144809374999999 0.06217214062499998
1 0.3677220489232705 0.5054146344801888 0.07688134547367068 0.051811170095347324
1 0.43323126562500003 0.5501741015624999 0.03947437499999999 0.07450788281250001
1 0.8243565312499999 0.6123462421874999 0.14901576562499994 0.11990341406249998
2 0.588497140625 0.5235288984375 0.00921068750000001 0.0379940859375
1 0.5003377031249999 0.5338909218749999 0.084540953125 0.055264124999999976
1 0.287176078125 0.551654390625 0.08914629687500003 0.09671221875000002
1 0.7250126874999999 0.5639901328125001 0.09210687499999999 0.10756767187500005
1 0.5078049449835379 0.49293631702287827 0.07332367327297203 0.10756767187499996
1 0.59803678125 0.5324106328125 0.014802890625000013 0.03157949999999996
1 0.6210635 0.520074890625 0.04046123437500005 0.03157949999999996
1 0.6302741875 0.520074890625 0.011842312499999962 0.017763468750000032
1 0.8672761640625001 0.78356634375 0.26544767187500007 0.33405189843750005
1 0.547378 0.5092194375 0.025000437499999962 0.03848751562499997
1 0.0074014453125 0.5008311328125 0.014802890625 0.008388304687500004
1 0.543759515625 0.48948225 0.00921068750000001 0.013816031250000017
1 0.585207609375 0.513166875 0.026645203124999975 0.03996780468749996
1 0.597049921875 0.5255026171874999 0.019408234374999958 0.036020367187500034
1 0.204279890625 0.5353712109375 0.0881594375 0.08289618750000001
1 0.6539588124999999 0.5240223281249999 0.04704029687499999 0.03157949999999996
1 0.679946109375 0.5501741015624999 0.033224265625000034 0.055264124999999976
1 0.562180890625 0.5299434843749999 0.03782960937499998 0.04391524218749998
1 0.631261046875 0.575339015625 0.09473850000000006 0.10362023437500004
1 0.49507445312500004 0.6454060312500001 0.14901576562500007 0.19441129687499997
1 0.42961278125 0.50329828125 0.02203985937500003 0.017763468750000032
1 0.186845375 0.707578171875 0.29704467187500005 0.27187975781250007
1 0.38092771875 0.5585624062499999 0.10592290625 0.11990341406249998
1 0.5723784375000001 0.5102062968750001 0.00921068750000001 0.008388304687500004
