1 0.608892234375 0.5338909218749999 0.00953964062499999 0.01578974999999998
1 0.7760004218750001 0.5565886874999999 0.06348795312500002 0.030099210937499964
1 0.031250546875 0.47418592968750006 0.060856328125 0.07993560937500002
1 0.630603140625 0.59803678125 0.017105562499999987 0.04292838281249996
1 0.7302759375 0.620734546875 0.05690889062499996 0.1041136640625
1 0.266780984375 0.563496703125 0.18717432812500004 0.16381865624999997
1 0.62303721875 0.5309303437499999 0.014144984375000055 0.01282917187499999
1 0.63619534375 0.5551083984374999 0.003947437499999987 0.017270039062499975
1 0.6875120312499999 0.5482003828125 0.014144984375000055 0.024178054687499985
1 0.85198859375 0.6222148359374999 0.16513446874999999 0.1564172109375
1 0.66382740625 0.5595492656250001 0.02861892187499997 0.03108607031249999
1 0.701657015625 0.607905375 0.06842224999999995 0.10115308593750001
1 0.00855278125 0.42829696874999995 0.0171055625 0.017270039062499975
1 0.6769855312500002 0.54672009375 0.016118703125000047 0.02565834374999998
1 0.6618536875000001 0.5422792265624998 0.01907928124999998 0.01578974999999998
1 0.5993525937499998 0.5264894765625 0.013158124999999998 0.019737187499999996
1 0.962187890625 0.5876747578125 0.0750013125 0.07105387500000004
1 0.712183515625 0.5437595156249999 0.02861892187499997 0.03404664843749998
