1 0.22862242187499998 0.53487778125 0.010197546875000008 0.0281254921875
1 0.18520060937499996 0.6064250859374999 0.103620234375 0.10312680468749998
1 0.07565921875 0.5630032734375 0.048356109375 0.09177792187499997
1 0.31513709375 0.5531346796874999 0.06710643750000003 0.06118528124999996
1 0.243096359375 0.537838359375 0.021381953125000012 0.033059789062500046
1 0.068093296875 0.528956625 0.066119578125 0.03947437499999999
1 0.068093296875 0.5274763359375001 0.06710643749999999 0.045888960937500035
1 0.2250039375 0.5324106328125 0.020395093750000017 0.03059264062500002
1 0.270070515625 0.5452398046875 0.042434953125000015 0.045888960937500035
1 0.511522109375 0.5886616171875 0.17006876562500003 0.14901576562500002
1 0.02228657421875 0.5782995937500001 0.0445731484375 0.066119578125
1 0.03314202734375 0.5605361249999999 0.0662840546875 0.08289618750000001
1 0.033717695312500004 0.6458994609375 0.06743539062500001 0.1208902734375
