1 0.42270476562500003 0.5338909218749999 0.026645203124999975 0.032566359374999986
1 0.46680655358031975 0.500341013505798 0.009049521318297948 0.008388304687500004
1 0.45198159375 0.5181011718749999 0.011513359374999983 0.01578974999999998
1 0.49112701562499994 0.5008311328125 0.01907928124999998 0.041448093749999956
1 0.4407971875 0.5240223281249999 0.020066140624999975 0.02565834374999998
2 0.435862890625 0.5136603046875 0.005592203125000002 0.011348882812499994
1 0.37237493750000006 0.5610295546875 0.05131668750000002 0.06414585937500003
1 0.4671134375 0.5037917109375 0.011513359374999983 0.01578974999999998
1 0.362835296875 0.5324106328125 0.005592203125000002 0.008388304687500004
1 0.45198159375 0.508232578125 0.013158124999999998 0.008388304687500004
1 0.11217301562500001 0.711525609375 0.19375339062500002 0.18059526562499997
1 0.470074015625 0.49836398437499996 0.007565921874999996 0.009868593749999998
1 0.727315359375 0.6873475546875 0.23553043749999994 0.26497174218749997
1 0.5868523750000001 0.5763258749999999 0.07598817187500005 0.1139822578125
1 0.4756662187499999 0.4855348125000001 0.008552781249999994 0.006908015625000008
1 0.46250809375 0.5166208828124998 0.007565921874999996 0.01578974999999998
1 0.39967804687499997 0.549680671875 0.029276828124999987 0.03996780468749996
1 0.405599203125 0.5422792265624999 0.032237406249999975 0.04835610937499997
1 0.474679359375 0.48948225 0.007565921874999996 0.008388304687500004
1 0.5194169843750001 0.5136603046875 0.018092421874999983 0.02565834374999998
1 0.48520585937499994 0.52106175 0.02171090624999999 0.027138632812499973
1 0.547049046875 0.537838359375 0.037171703125000025 0.05674441406249997
1 0.47402145312499994 0.508232578125 0.010526499999999987 0.017270039062499975
1 0.55264125 0.563496703125 0.023684625000000046 0.07697503125000002
1 0.525338140625 0.5240223281249999 0.02171090625000005 0.032566359374999986
1 0.6164581562499999 0.5935959140625 0.09868593750000004 0.13223915625
1 0.6401427812500001 0.630603140625 0.11381778125000004 0.17368725000000004
1 0.480600515625 0.4909625390624999 0.005592203125000002 0.01578974999999998
1 0.5042851406249999 0.4998442734375 0.0029605781249999906 0.014309460937499985
1 0.22895137499999998 0.6419520234375 0.10164651562499998 0.102633375
