1 0.5720494843750001 0.547706953125 0.04605343750000005 0.05279697656250004
1 0.468758203125 0.481587375 0.00921068750000001 0.010855453125000025
1 0.43553393749999997 0.520074890625 0.012829171875000019 0.020724046875000023
1 0.056250984375 0.6834001171875 0.11250196875 0.192437578125
1 0.505600953125 0.492442828125 0.005592203125000002 0.012335742187500021
1 0.5157985 0.5146471640625 0.014802890625000013 0.016776609375000008
1 0.503627234375 0.4939231171875 0.004605343750000005 0.010855453125000025
1 0.5276408125 0.5215551796875001 0.01842137500000002 0.023684625000000015
1 0.457573796875 0.49540340625 0.011184406250000004 0.010855453125000025
2 0.6075763440992399 0.5289565083363599 0.015460641323479862 0.03898141196706053
1 0.556259734375 0.5422792265624998 0.035197984375000026 0.04687582031249997
1 0.5111931562500001 0.4899756796875 0.013816031250000017 0.013816031250000017
1 0.4750083125 0.45099473437499993 0.005592203125000002 0.005427726562500013
1 0.4750083125 0.45938303906249994 0.0036184843750000084 0.008388304687500004
1 0.7526447500000001 0.6587286328124999 0.18552956250000002 0.17566096875
1 0.5128379218750001 0.4899756796875 0.010197546875000008 0.01529632031250001
1 0.42714494587749413 0.5015704342871519 0.026645203124999975 0.011595878675116023
1 0.5764081342405888 0.516003980426761 0.018174681115588835 0.016406568548383314
1 0.491784921875 0.492442828125 0.010197546875000008 0.012335742187500021
1 0.679946109375 0.6005039296874999 0.14671309374999997 0.1564172109375
1 0.49540340625 0.447047296875 0.007236968750000017 0.010855453125000025
2 0.617445015625 0.5324100707747681 0.00805953890841072 0.042188519300116044
1 0.5037917064183149 0.4870150941674698 0.006908016446669999 0.009128447369992455
1 0.47138982812499997 0.47023849218749997 0.00921068750000001 0.006908015625000008
1 0.4542837660359048 0.513166312962268 0.0069081405222737756 0.01603618382488401
1 0.544417421875 0.5368514999999999 0.026645203124999975 0.03996780468749996
1 0.475995171875 0.5037917109375 0.017434515625000025 0.029112351562500027
1 0.42171790624999994 0.5245157578125 0.024013578125000025 0.027632062500000033
1 0.384546203125 0.5407989375 0.03322426562499998 0.03996780468749996
1 0.4473762500000001 0.5131668750000001 0.011842312500000023 0.017763468750000032
1 0.17796364062499997 0.61580025 0.13191020312500001 0.11743626562500005
1 0.47040296875 0.4771465078125 0.007236968750000017 0.008388304687500004
1 0.6069185156250001 0.520074890625 0.024013578125000025 0.023684625000000015
1 0.4599858346138797 0.4921134472333195 0.011184406250000004 0.010855453125000025
1 0.544417421875 0.5314237734375 0.03223740625000004 0.04687582031249997
1 0.592115625 0.5190880312500001 0.011184406250000004 0.020724046875000023
1 0.439152421875 0.51908803125 0.013816031250000017 0.02220433593750002
