1 0.7268721489006086 0.515304923302679 0.0416682288889857 0.013651260667858
1 0.8570166967648796 0.6855276701473193 0.28596660647024097 0.18184915770237958
1 0.50856153125 0.5580689765625 0.09144896874999997 0.057731273437499994
1 0.8207380468750001 0.525996046875 0.024013578125000025 0.024671484375000042
1 0.7615264860198505 0.5556018305922759 0.18700985731947714 0.07820861163693982
1 0.9470560468749999 0.5468917238925635 0.07786177769008458 0.07901310433109136
1 0.48520585937500005 0.55066753125 0.05690889062500002 0.04736925000000003
1 0.5868514009286029 0.540305873089274 0.05658054629462323 0.05131668750000005
1 0.768903662425605 0.5960630625000001 0.21217476562499998 0.10467989553568477
1 0.555272875 0.5343843515625 0.024013578125000025 0.019737187499999996
1 0.443757687908367 0.8558243855587477 0.8674494128297522 0.2883512288825044
1 0.17302873172275976 0.5723784375000001 0.11940998437500001 0.05970499218749996
1 0.28487340625 0.5630032734375 0.08519885937499998 0.06069185156249999
1 0.35494042187499997 0.5649769921875 0.11250196875 0.06167871093750001
1 0.41382303125000003 0.55264125 0.06809329687500003 0.04835610937499997
