2 0.628629421875 0.47566621875 0.006579062500000058 0.02565834374999998
1 0.8033068212746796 0.4712302865995196 0.025776768190812524 0.02220433593750002
1 0.5109297854137153 0.5542857552046441 0.0618431875 0.026151773437500036
1 0.787842734375 0.4662910546875 0.012380604597207186 0.016776609375000008
1 0.278623296875 0.5161274531250001 0.04079349369263727 0.029112351562500027
1 0.30822907812499994 0.5353712109375 0.0618431875 0.05279697656249995
1 0.792448078125 0.44803415625 0.014802890625000013 0.016776609375000008
1 0.23607724926587467 0.520074890625 0.04243495312499999 0.038324121644344
1 0.785869015625 0.43323126562500003 0.007236968750000017 0.010855453125000025
1 0.4171125625 0.486029758620968 0.029605781250000025 0.010855453125000025
2 0.718762578125 0.5407989375 0.014144984375000055 0.05575755468750003
1 0.8267306592039195 0.5423435370335274 0.1327398591263774 0.05378383593749998
1 0.8246854843749998 0.447047296875 0.010197546874999948 0.010855453125000025
1 0.5853110519872955 0.5176077421875 0.0355990034562159 0.012335742187500021
1 0.3758837630406259 0.6542877656249999 0.28586026562500005 0.24582666329906316
1 0.7760004218750001 0.45099473437499993 0.01578974999999995 0.01529632031250001
1 0.583891796875 0.553628109375 0.03125054687500004 0.05378383593749998
1 0.7944217968749998 0.45395531250000004 0.010197546874999948 0.010855453125000025
1 0.47459145748081616 0.5085941549712242 0.05929946439418383 0.07665604739448897
1 0.393756890625 0.4978705546875 0.04243495312499999 0.026151773437500036
1 0.820080140625 0.5235291541278136 0.0855276420397909 0.03009895524718633
2 0.883239140625 0.434218125 0.005592995085588134 0.011348882812499994
1 0.535864640625 0.5106997265625 0.08486990625000003 0.09819250781250002
1 0.7760004218750001 0.47023849218749997 0.024013578125000025 0.02220433593750002
1 0.1679942123470327 0.5603848732080491 0.08115058734703272 0.07056044531249998
2 0.6416230505753124 0.4796136562499999 0.007565921874999996 0.027138632812499973
2 0.757908 0.5407989375 0.017105562499999987 0.04391524218749998
1 0.02565834375 0.57435215625 0.0513166875 0.0942450703125
1 0.8665399563655505 0.5477069531249998 0.14671309374999997 0.04687582031249997
1 0.20658256249999998 0.516127453125 0.028618921874999998 0.041448093749999956
1 0.633892671875 0.5284631953124999 0.04704029687499999 0.02448208604383284
1 0.8329093125 0.43569841406250004 0.017434515624999966 0.01529632031250001
2 0.9348025528373437 0.5459799788245313 0.01907928124999998 0.041448093749999956
1 0.09210687500000002 0.57435215625 0.09167047496175819 0.07795197204708817
2 0.69409109375 0.4583961796875 0.004605343749999946 0.021217476562499994
1 0.820080140625 0.45732410443432514 0.01578974999999995 0.02220433593750002
1 0.5486937408485814 0.61580025 0.12003118901367191 0.1308135971731086
1 0.81383003125 0.447047296875 0.011184406250000004 0.012335742187500021
1 0.7526447500000001 0.4149743671875001 0.020395093750000017 0.020724046875000023
2 0.9345558281249999 0.5181011718749999 0.011513359374999983 0.02565834374999998
1 0.23980682812499998 0.5077391484375 0.04704029687499999 0.03059264062500002
1 0.8272075480035684 0.5483647248696475 0.12785320425356836 0.05509937942679501
1 0.6498086874291116 0.5935959140625 0.11873214071006627 0.10338597686023192
1 0.25197809374999997 0.5521478203125 0.0725146605992061 0.05788183700059468
2 0.6506692812499999 0.4741859296874999 0.007504332873027764 0.027231016315458323
1 0.5970130697596936 0.5454269357017353 0.04186494876918386 0.05298410757673526
1 0.8190932812499999 0.46481076562499996 0.013180256614839554 0.020724046875000023
1 0.8107543072296456 0.447047296875 0.007236968750000017 0.006908015625000008
2 0.39057714610949146 0.4717187923521401 0.006579062499999999 0.021217476562499994
2 0.63619534375 0.4783308953147135 0.006579062500000058 0.02565834374999998
1 0.2650219287695589 0.4978705546875 0.05507778806306372 0.03659951436033086
2 0.744420921875 0.5521478203125 0.029276828125000046 0.06118528125000004
1 0.44146784407314915 0.5284631953125 0.07368550000000003 0.03059264062500002
1 0.7625509765538735 0.720889626856503 0.474898046892253 0.32911760156250003
1 0.81383003125 0.5407989375 0.11710731249999995 0.06236438591659681
