1 0.9922783515625 0.5437595156249999 0.015443296874999983 0.016283179687500038
1 0.9740302031250001 0.5486938125 0.05065878125 0.017270039062499975
1 0.02960578125 0.5817536015625 0.056908890625 0.045395531249999975
1 0.460534375 0.5551083984374999 0.02828996874999999 0.020724046875000023
1 0.8957393593749999 0.5383317890624999 0.025987296875000017 0.010362023437499968
1 0.18881909374999997 0.6000105 0.19572710937499996 0.11003482031249998
1 0.5957341093749999 0.5486938125 0.01578974999999995 0.016283179687500038
1 0.994425296875 0.5343843515625 0.010855453125000025 0.006414585937500039
1 0.813172125 0.5383317890624999 0.03157950000000002 0.012335742187500021
1 0.658893109375 0.5437595156249999 0.04111914062500001 0.012335742187500021
1 0.880607515625 0.551654390625 0.01842137500000002 0.017270039062499975
1 0.52106175 0.7455722578125 0.4490210156250001 0.28618921875000003
1 0.275333765625 0.5639901328125 0.008223828125000015 0.016283179687500038
1 0.876331125 0.5393186484375001 0.008223828124999954 0.012335742187500021
1 0.36513796875000004 0.5570821171875 0.01578975000000001 0.011348882812499994
1 0.769421359375 0.54277265625 0.034211124999999974 0.012335742187500021
1 0.593102484375 0.545733234375 0.02828996874999999 0.012335742187500021
1 0.42138895312499997 0.5551083984374999 0.03552693750000001 0.00937516406250003
1 0.29375514062499997 0.5639901328125001 0.045395531249999975 0.023684625000000015
1 0.8065930625 0.5580689765625001 0.04605343750000005 0.032072929687500015
1 0.5582335649288132 0.553957021395657 0.04111914062500001 0.023684625000000015
1 0.92106875 0.5363580703124999 0.01578974999999995 0.004934296875000044
1 0.944424421875 0.545733234375 0.025987296875000017 0.02565834374999998
1 0.674024953125 0.5412923671875001 0.01578974999999995 0.01529632031250001
1 0.8832391406249999 0.54672009375 0.017105562499999987 0.010362023437499968
1 0.5217196562499999 0.5570821171875 0.04111914062500001 0.023684625000000015
1 0.57435215625 0.5639901328124999 0.045395531249999975 0.030099210937499964
1 0.6246819843749999 0.5639901328125001 0.06644853124999996 0.046382390625000006
1 0.6954069062499999 0.5383317890624999 0.02828996874999999 0.011348882812499994
1 0.365795875 0.5639901328125001 0.01842137500000002 0.012335742187500021
