1 0.51382478125 0.4828703626505277 0.015131843749999992 0.02861892187499997
1 0.408230828125 0.47961365625 0.042763906250000025 0.019737187499999996
1 0.43783660937499996 0.4968836953124999 0.029276828124999987 0.04391524218749998
1 0.5052719999999999 0.47961365625 0.005592203125000002 0.011348882812499994
1 0.5185398988397815 0.48504145188643955 0.008552781249999994 0.02861892187499997
1 0.45790274999999997 0.4870151015625 0.007565921874999996 0.01578974999999998
1 0.5565886875 0.49540340625 0.05690889062499996 0.06513263322617861
1 0.5052719999999999 0.47961365625 0.007565921874999996 0.011348882812499994
1 0.4756662187499999 0.4870151015625 0.029276828124999987 0.019737187499999996
1 0.40115826933015375 0.5104531116297693 0.06743552383969238 0.07031383037976928
1 0.529943484375 0.492442828125 0.023684625000000046 0.04687582031249997
1 0.4694161663908808 0.476653078125 0.008552781249999994 0.008388304687500004
2 0.66382740625 0.4840545234375 0.018092421875000042 0.06118528125000004
1 0.45198159375 0.49540340625 0.013158124999999998 0.037007226562499974
1 0.478626796875 0.47961365625 0.010526499999999987 0.011348882812499994
1 0.521390703125 0.48553481249999997 0.012500218749999981 0.03108607031249999
2 0.975346015625 0.4810939453125 0.020066140625000038 0.08388304687500003
2 0.20592465625000003 0.5008311328125 0.026645203125000006 0.07697503125000002
1 0.4947454999999999 0.47961365625 0.010526499999999987 0.011348882812499994
