1 0.40527025 0.5842207499999998 0.020724046874999996 0.009868593749999998
1 0.16513446874999999 0.585207609375 0.013487078125000006 0.012335742187500021
1 0.21439519921875 0.80592640625 0.4287903984375 0.3881471875
1 0.9534618828125 0.6098790937499998 0.09307623437500005 0.07204073437499998
1 0.547378 0.5807667421875 0.03125054687499998 0.008881734374999973
1 0.45560007812500003 0.576325875 0.025987296875000017 0.012335742187500021
1 0.49244282812499995 0.5807667421874999 0.014144984374999996 0.004440867187499986
1 0.434218125 0.5807667421874999 0.04144809374999999 0.009868593749999998
1 0.52303546875 0.5807667421875 0.025987296874999958 0.011348882812499994
1 0.7769872812499999 0.575339015625 0.03848751562499994 0.016776609375000008
1 0.40592815625000006 0.5817536015625 0.03256635937500001 0.014309460937499985
