1 0.3891515468749999 0.5195814609374999 0.029276828124999987 0.01282917187499999
1 0.23881996875 0.5205683203125 0.05263249999999999 0.04292838281250004
1 0.28656533012506696 0.5209912642740402 0.033976113368571426 0.03235487259133931
1 0.10329128124999999 0.5185946015624999 0.022039859375 0.023191195312499958
1 0.4420565128570851 0.54672009375 0.20427989062499996 0.09769907812499996
1 0.757908651411871 0.52698290625 0.07154853348716586 0.048356064960554244
1 0.215464296875 0.5250091874999999 0.008552781249999994 0.01578974999999998
1 0.1614337892686318 0.5171143297699526 0.02664524917820724 0.0276320797699527
1 0.06776434375 0.5195814609375 0.03717170312499999 0.02952105053562768
1 0.20099035937499998 0.5215551796875 0.028618921874999998 0.02516491406250001
1 0.134541828125 0.5195814609375 0.03128044558755397 0.02516491406250001
1 0.34145334374999997 0.52698290625 0.054606218749999984 0.045888960937500035
1 0.2768688864218509 0.6853738499179146 0.4144809375 0.29211037500000003
1 0.5108642031249999 0.5219140259791619 0.0440647294027628 0.03184860264581672
1 0.04270741910708513 0.5217246411162446 0.019680700357085128 0.025743074464372295
1 0.6694853963815699 0.52698290625 0.055922031250000025 0.045888960937500035
1 0.30461059375 0.5156340234375 0.013158124999999998 0.018750328124999972
1 0.277307484375 0.5331014292432594 0.05789575000000002 0.04766531294424059
1 0.6270624999996623 0.5376048281260125 0.05723784374999994 0.06694447265802213
1 0.5776416875 0.5309303437499999 0.05131668749999996 0.04292838281249996
2 0.960872078125 0.5343843515625 0.01907928124999998 0.06908015625
2 0.116778359375 0.5393186484375 0.016447656249999998 0.03108607031249999
1 0.7072492187500001 0.5388252187499999 0.05789575000000002 0.06365242968749998
1 0.30132106249999996 0.52698290625 0.029934734375000004 0.03898094531250003
1 0.9669489609375 0.5368514999999998 0.06610207812499998 0.06365242968749998
1 0.11973893749999999 0.6103725234375 0.185266379736447 0.1191139210360764
1 0.4013228125 0.5146471640625 0.013816031250000017 0.01578974999999998
1 0.554943921875 0.54277265625 0.050658781250000055 0.05082325781249999
