1 0.6569193906249999 0.5240223281249999 0.010197546874999948 0.012335742187500021
1 0.41184931250000006 0.5403055078125 0.023355671875000004 0.02171090624999996
1 0.555272875 0.5343843515625 0.013816031249999956 0.012335742187500021
1 0.4652493539525141 0.5386607516909916 0.02518319768365913 0.02653560118470626
1 0.7598817187499999 0.5279697656250001 0.010197546874999948 0.01529632031250001
1 0.341124390625 0.5639901328125 0.05361935937499999 0.058718132812500025
1 0.529285578125 0.5304369140625 0.01907928124999998 0.011348882812499994
1 0.9922783515625 0.49836398437499996 0.0154432968750001 0.046382390625000006
1 0.50987734375 0.525996046875 0.00625010937500002 0.003947437500000017
1 0.45987646875 0.5324106328125 0.013158124999999998 0.012335742187500021
1 0.48948225 0.5866878984375 0.09046210937499997 0.11546254687499999
1 0.507903625 0.5363580703124999 0.020724046874999996 0.02171090624999996
1 0.8950814531250001 0.5230354687500001 0.057566796875000034 0.03898094531250003
1 0.6486955625 0.5230354687500001 0.006250109374999961 0.012335742187500021
1 0.6733670468749999 0.5126734453124999 0.002631624999999952 0.003947437500000017
1 0.5825759843749999 0.5250091875 0.013816031249999956 0.012335742187500021
1 0.6398138281250001 0.5240223281249999 0.020066140625000038 0.014309460937499985
2 0.589484 0.547706953125 0.013158124999999998 0.03996780468749996
1 0.828961875 0.5176077421875 0.020724046874999996 0.00937516406250003
1 0.8750153125 0.5106997265625001 0.01842137500000002 0.00937516406250003
1 0.39737537500000003 0.5373449296875 0.020724046874999996 0.012335742187500021
1 0.547049046875 0.5353712109375 0.01842137500000002 0.01529632031250001
1 0.47742077578403674 0.5314237734375 0.009101001366490813 0.011348882812499994
1 0.492113875 0.5314237734375 0.008881734374999973 0.007401445312499977
1 0.437178703125 0.55066753125 0.032237406249999975 0.03996780468749996
1 0.4118493125 0.57435215625 0.04868506250000001 0.05131668749999996
1 0.423362671875 0.5240223281249999 0.030263687499999983 0.018750328124999972
1 0.969416109375 0.5087260078125 0.061167781249999935 0.027632062500000033
