1 0.5125089169389762 0.4856581289048144 0.021464169818323362 0.019613810648991058
1 0.30263687499999997 0.4919493984375 0.05756679687499998 0.026645203125000006
1 0.79409284375 0.43668527343749997 0.12697590625000005 0.08042903906250003
1 0.262833546875 0.4919493984375 0.024013578125000025 0.023684625000000015
1 0.08131710355028919 0.5438581861674322 0.03618474111621447 0.04776399138152802
1 0.33303211322290577 0.5054693537166421 0.035066415230571836 0.022993802121166952
1 0.47768646751143673 0.48800196093750003 0.04473762500000002 0.029253466311969945
1 0.6431033593750002 0.4633304765625 0.133226015625 0.04835610937499997
1 0.2697415625 0.527969765625 0.039803328124999975 0.05575755468750003
1 0.30066315624999995 0.48800196093750003 0.0618431875 0.027632062500000033
1 0.8556741583030372 0.48800196093750003 0.12263392749179923 0.07164608654216806
1 0.9704117187500001 0.45099473437499993 0.057566796875000034 0.07845532031250002
1 0.5766548281249999 0.49293625781249994 0.14276565624999998 0.046382390625000006
1 0.720078390625 0.49836398437499996 0.19210862499999995 0.05970499218749996
1 0.2975760021008767 0.5126734453124999 0.06255170472600623 0.047748814101006246
1 0.539483125 0.47961365625 0.04111914062500001 0.03108607031249999
1 0.57040471875 0.47467935937500005 0.03289531250000006 0.023684625000000015
1 0.005180908917300386 0.5074922732234886 0.010361817834600773 0.010361924748108375
1 0.784553203125 0.49836398437499996 0.10362023437499997 0.049342968749999994
1 0.33158474999999993 0.4889888203125 0.020066140624999975 0.012335742187500021
1 0.36250634374999996 0.48800196093750003 0.06644853125000001 0.036020367187500034
1 0.0321553140665882 0.5394834171956764 0.0643106281331764 0.06299456839068096
1 0.35494042187499997 0.5314237734375 0.09539640625000002 0.06266557031249995
