2 0.48257423437499997 0.6005039296875 0.026645203124999975 0.11546254687499999
2 0.6210634999999999 0.656261484375 0.069409109375 0.19194414843749996
2 0.602971078125 0.5407989375 0.01907928124999998 0.06710643750000003
2 0.4026386249999999 0.6005039296875 0.03125054687499998 0.12681142968749998
2 0.5654105993297047 0.6096099631702951 0.030682350818234973 0.1509595494776444
1 0.390467359375 0.5368514999999998 0.027632062499999974 0.030099210937499964
2 0.615471296875 0.6192542578125 0.037171703125000025 0.15246977343749996
2 0.58224703125 0.5407989375 0.022697765624999987 0.06710643750000003
2 0.48619271875 0.614813390625 0.04638239062499997 0.13223915625
4 0.390467359375 0.569417859375 0.02565834374999998 0.09523192968750002
2 0.38092771875 0.5111931562499998 0.013158124999999998 0.03848751562499997
2 0.772052984375 0.5521478203125 0.03125054687500004 0.09276478125000001
2 0.42829696874999995 0.6434323125 0.04638239062499997 0.19490472656249996
