1 0.5072457187499999 0.5220486093750001 0.004934296874999984 0.003947437500000017
1 0.9148186406250001 0.54672009375 0.06875120312500003 0.04095466406249999
1 0.54145684375 0.5240223281249999 0.010855453125000025 0.012335742187500021
1 0.5690889062500001 0.547706953125 0.03157950000000002 0.03404664843749998
1 0.823698625 0.5333974921875 0.014473937500000034 0.014309460937499985
1 0.6039579375 0.5383317890624999 0.02532939062499994 0.03108607031249999
1 0.5710626249999999 0.52698290625 0.014473937500000034 0.012335742187500021
1 0.531917203125 0.52106175 0.006250109374999961 0.010362023437499968
1 0.48948225 0.5383317890624999 0.02203985937500003 0.023684625000000015
2 0.24289902171831085 0.5600426953125 0.01473708947128897 0.05970499218749996
1 0.849685921875 0.5343843515625 0.022697765624999987 0.012335742187500021
1 0.439152421875 0.5393186484375 0.022697765624999987 0.03108607031249999
1 0.512837921875 0.52106175 0.006908015624999978 0.007401445312499977
1 0.547706953125 0.5230354687500001 0.006908015625000038 0.010362023437499968
1 0.5338909218750001 0.5230354687500001 0.008223828124999954 0.011348882812499994
4 0.2678336580645998 0.5644835427586667 0.01592132598564448 0.04756661397846669
1 0.945740234375 0.5363580703124999 0.010855453125000025 0.014309460937499985
1 0.560865078125 0.52698290625 0.010855453125000025 0.014309460937499985
1 0.5187590781250001 0.5176077421875 0.0026316250000000116 0.003947437500000017
1 0.7509999843749999 0.5240223281249999 0.04473762500000002 0.020724046875000023
1 0.8510017343749999 0.5373449296875 0.02203985937500003 0.012335742187500021
1 0.8414620937499999 0.5314237734375 0.02828996874999999 0.017270039062499975
1 0.51053525 0.5156340234375 0.0026316250000000116 0.003947437500000017
1 0.4092176875 0.5600426953125 0.05427726562500001 0.05970499218749996
1 0.734552328125 0.577312734375 0.08783048437500002 0.09276478125000001
