1 0.9710538494795334 0.5345083293736799 0.05789230104093323 0.10362023437499994
1 0.2842155 0.5703228940616198 0.12237056249999997 0.10362023437500004
1 0.9675657223452274 0.4884953906250001 0.06486855530954508 0.05995179955718113
2 0.003618484375 0.4317509765625 0.00460534375 0.016283179687500038
1 0.47829784375 0.6315900000000001 0.360532625 0.25743040654748706
1 0.8097228168642653 0.5296897200161019 0.254938671875 0.17041651745706138
1 0.6939945757712468 0.975620606115957 0.6120108484575065 0.04875878776808591
1 0.02977025874702125 0.5443762985290294 0.0595405174940425 0.04292838281250004
1 0.404941296875 0.537838359375 0.04662869187588008 0.03157949999999996
1 0.354282515625 0.5570821171875 0.12335742187500003 0.08536333593750003
1 0.1051005234375 0.7130058984375001 0.210201046875 0.3104513828522505
