2 0.6033000312500001 0.5432659403793811 0.008881734375000032 0.037500510691881137
1 0.992442828125 0.544746375 0.015114343750000004 0.07006701562500002
1 0.941792796875 0.5343843515625 0.03552693750000001 0.027632062500000033
1 0.4719609843822527 0.5333455142795179 0.007565921874999996 0.003947437500000017
1 0.43981032812500004 0.5393186484375 0.008223828125000015 0.011348882812499994
1 0.539483125 0.5477069531250001 0.020724046875000054 0.023684625000000015
1 0.9819258306572431 0.5412923671875001 0.01699621605471743 0.03108607031249999
1 0.5306013906249999 0.5324106328125 0.014473937499999975 0.012335742187500021
1 0.534548828125 0.5353712109375 0.013158125000000057 0.008388304687500004
1 0.45165264062500005 0.5383317890624999 0.010197546875000008 0.01529632031250001
1 0.46546867187499996 0.5363580703124999 0.007565921874999996 0.011348882812499994
1 0.674353877151084 0.5430763126751095 0.011816995430868242 0.015296311582825161
1 0.50724571875 0.6167871093749999 0.08717257812500007 0.09375164062500004
1 0.57172053125 0.5370981561753047 0.014350746305386745 0.01196569925609765
1 0.7666242849449829 0.5418678730116637 0.015679388610622406 0.021628135207966803
1 0.632811824684539 0.537203952193422 0.047933171253948005 0.02650422563092194
1 0.47665317516374583 0.5314237734375 0.006908015624999978 0.003947437500000017
1 0.5018729668113845 0.5363580703125 0.020724046874999996 0.003947437500000017
1 0.51119315625 0.5600426953125 0.0618431875 0.06167871093750001
1 0.406915015625 0.544746375 0.025329390625 0.016283179687500038
1 0.418757328125 0.5373446385712622 0.013486787008762253 0.013322019330024571
1 0.42632325 0.5353712109375 0.008223828125000015 0.003947437500000017
1 0.42961278125 0.5412923671875 0.012500218749999981 0.013322601562499958
1 0.910871203125 0.5363580703125 0.03552693750000001 0.023684625000000015
1 0.4392841420756336 0.5349765714004753 0.008881734374999973 0.007500365729194413
1 0.5012148397885958 0.5370160840671061 0.021820628961404093 0.018421724389970074
1 0.958898359375 0.520074890625 0.01578974999999995 0.011348882812499994
1 0.418757328125 0.54277265625 0.014473937499999975 0.013322601562499958
1 0.86143724609375 0.735210234375 0.27712550781250006 0.23783310937500007
1 0.833238265625 0.5324106328125 0.008881734375000032 0.016283179687500038
1 0.45724484374999996 0.5412923671875001 0.013158124999999998 0.016283179687500038
