1 0.404941296875 0.5279697656250001 0.04111914062500001 0.023684625000000015
1 0.339808578125 0.52106175 0.05822470312499999 0.026645203125000006
1 0.772052984375 0.5383317890624999 0.05822470312499999 0.04736925000000003
1 0.63487953125 0.5240223281249999 0.04736924999999997 0.014309460937499985
1 0.372045984375 0.52698290625 0.03782960937499998 0.024671484375000042
1 0.881265421875 0.5412923671875001 0.07072492187500004 0.05131668750000005
1 0.6848804062499999 0.5363580703125 0.07006701562499996 0.04342181250000001
1 0.442113 0.527969765625 0.06579062499999999 0.03996780468749996
1 0.8281398867852487 0.5363580703124999 0.05789580261303324 0.05625106329454974
1 0.57172053125 0.522048609375 0.07138282812499999 0.036020367187500034
