1 0.5751743572949952 0.5215550538484581 0.004440769312689715 0.004934296875000044
2 0.661524734375 0.5560952578124999 0.01578974999999995 0.04095466406249999
2 0.597049921875 0.5600426953125 0.021381953124999954 0.04095466406249999
1 0.2643146888295013 0.5415387057553671 0.08651406983358735 0.033552466198234134
1 0.6279715156250002 0.5136603046875 0.03157950000000002 0.014309460937499985
1 0.5542201807855165 0.5214564274282749 0.02894787499999995 0.012335742187500021
1 0.6158002499999999 0.5343843515625 0.052303546875000016 0.04342181250000001
1 0.45658693750000007 0.5190880312500001 0.01578975000000001 0.023684625000000015
1 0.084540953125 0.54277265625 0.0302636875 0.06266557031249995
1 0.6134975781250002 0.51908803125 0.01250021875000004 0.016283179687500038
1 0.530601390625 0.5190880312500001 0.021381953124999954 0.012335742187500021
1 0.418757328125 0.5333974921875 0.024013578125000025 0.03108607031249999
1 0.503627234375 0.5250091874999999 0.011513359374999983 0.013322601562499958
1 0.3878361357359418 0.5452396541771469 0.04424384412167595 0.054029722974307595
1 0.35730898385758775 0.5230354687500001 0.019934498580085246 0.020723922521765293
1 0.39869118749999993 0.5230354687500001 0.027303109374999992 0.014309460937499985
1 0.2828996875 0.52106175 0.033553218750000016 0.02565834374999998
1 0.6697485625 0.544746375 0.08651467187499999 0.05032982812500002
