1 0.49869285355021303 0.6367710006077487 0.1358576060574407 0.13519968993099515
1 0.28980770312500004 0.579286453125 0.07927770312500003 0.06069185156249999
1 0.027632047685331715 0.6000105 0.054770673090497574 0.09054435876725124
1 0.410204546875 0.5985302109374999 0.10197546875000002 0.09769907812499996
1 0.25082680143368596 0.564976982311005 0.03305979317770621 0.037007226562499974
1 0.028346629693894357 0.5771499639804158 0.056693259387788714 0.0511581049721185
1 0.00386519921875 0.6636629296875001 0.0077303984375 0.09128449218750001
1 0.20987209375 0.5491872421874999 0.029276828124999987 0.01924375781250003
1 0.21535460852250363 0.5643190991060282 0.066119578125 0.047862689563896145
1 0.34408496874999994 0.5861944687499999 0.08190932812499999 0.07056044531249998
