1 0.922713515625 0.5906353359375001 0.09112001562499993 0.0675998671875
1 0.70198596875 0.589155046875 0.1013175625 0.03996780468749996
1 0.547378 0.63159 0.12138370312499998 0.10362023437500004
1 0.456257984375 0.638498015625 0.146384140625 0.11990341406249998
1 0.35132193749999996 0.634550578125 0.208885234375 0.16431208593750002
1 0.7552763749999999 0.5807667421875001 0.07467235937500002 0.023684625000000015
1 0.88948925 0.5975433515625 0.09375164062500001 0.07302759375000001
1 0.8345540781249999 0.5975433515625 0.09276478124999994 0.0675998671875
1 0.9537908359375 0.58224703125 0.0924183281250001 0.075988171875
1 0.747052546875 0.675998671875 0.26316249999999997 0.18059526562499997
1 0.21349057812499997 0.644419171875 0.23454357812499996 0.19737187499999997
1 0.811527359375 0.5945827734375 0.09013315625 0.05230354687499998
1 0.638498015625 0.6236951249999999 0.11776521875000003 0.10065965624999995
