2 0.608892234375 0.5437595156249999 0.010855453125000025 0.03898094531250003
1 0.866133578125 0.5324106328125 0.02532939062499994 0.019737187499999996
1 0.40987559374999993 0.5412923671875 0.012500218749999981 0.013322601562499958
1 0.9539640625 0.5324106328125 0.03848751562499994 0.023684625000000015
1 0.4694505563381583 0.5328261153738432 0.007565921874999996 0.003947437500000017
1 0.43630147944098135 0.5380029510676398 0.007565921874999996 0.011348882812499994
1 0.54145684375 0.547706953125 0.020724046875000054 0.03108607031249999
1 0.9964725039062501 0.5412923671875001 0.0070549921875000384 0.03108607031249999
1 0.531259296875 0.5314237734375 0.015131843749999992 0.011348882812499994
1 0.534548828125 0.5343843515625 0.015131843749999992 0.003947437500000017
1 0.46250809374999996 0.5363580703124999 0.008881734374999973 0.011348882812499994
1 0.6825780430765446 0.5409886397863385 0.01548623868991991 0.01776356136046333
1 0.5003377031249999 0.6140733410746907 0.08717257812500007 0.095725359375
1 0.5717205312499999 0.5364813631682476 0.016098326492048544 0.012274095759626213
1 0.783895296875 0.544746375 0.02828996874999999 0.03108607031249999
1 0.634221625 0.5343843515625 0.04605343750000005 0.023684625000000015
1 0.47566621875000004 0.5279697656250001 0.00625010937500002 0.003947437500000017
1 0.500337703125 0.5360291676258022 0.021381953125000012 0.010855415296273296
1 0.51119315625 0.571391578125 0.06579062499999999 0.08536333593750003
1 0.3859712799897715 0.5435951273257043 0.0307022580425888 0.016283179687500038
1 0.41579675 0.5363580703124999 0.013158124999999998 0.013322601562499958
1 0.9909625390625 0.52106175 0.018074921875000052 0.023684625000000015
1 0.42336267187499993 0.5383317890624999 0.008881734374999973 0.013322601562499958
1 0.42829696874999995 0.5393186484374999 0.012500218749999981 0.013322601562499958
1 0.92304246875 0.5363580703124999 0.037171703125000025 0.022697765624999987
1 0.4368497261515542 0.5336442249175845 0.008881734374999973 0.003947437500000017
1 0.5005569883962944 0.5370160017805583 0.024452199103705573 0.02072397122082483
1 0.9697538125 0.5190880312499999 0.02532939062500006 0.013322601562499958
1 0.814816890625 0.7060978828125 0.23553043749999994 0.20773389843750004
1 0.8572518437500001 0.5353712109375 0.005592203125000002 0.013322601562499958
1 0.44803415625000004 0.5393186484375 0.01578975000000001 0.016283179687500038
