1 0.54145684375 0.419415234375 0.05986946875000001 0.06908015625000004
1 0.5286276718749999 0.3251701640625 0.01644765625000003 0.013816031250000017
1 0.5276408125 0.2723731875 0.005592203125000002 0.013816031250000017
1 0.547049046875 0.539812078125 0.08125142187500002 0.10362023437499994
1 0.5322461562499999 0.3458942109375 0.05427726562500001 0.04687582031250002
1 0.31283442187500005 0.5314237734375 0.09046210937500003 0.12335742187500003
1 0.5368514999999999 0.39721089843749996 0.050658781250000055 0.04687582031250002
1 0.32763731249999994 0.44260642968749997 0.07467235937499997 0.0843764765625
1 0.5447463223590775 0.47517286802388375 0.07204073437499996 0.06365248890853784
1 0.38092771875 0.3833948671875 0.05361935937499999 0.07204073437499998
1 0.5286276718749999 0.3153015703125 0.012829171875000019 0.024671484374999997
1 0.69014365625 0.4302706875 0.026645203124999975 0.06908015625000004
1 0.4309285937499999 0.323689875 0.03684274999999999 0.0527969765625
1 0.531259296875 0.30839355468749996 0.016447656249999967 0.029112351562499982
1 0.5276408125 0.26694546093749993 0.007236968750000017 0.01085545312499998
1 0.5266539531250001 0.30000525 0.010197546875000008 0.0315795
2 0.602595156204211 0.5414333250412101 0.022979647021524722 0.12991306859889643
