4 0.8840616772346207 0.57435215625 0.02532942681255778 0.08857069675792087
1 0.4736925 0.5279697656250001 0.025987296875000017 0.0379940859375
4 0.958898359375 0.597049921875 0.03289531250000006 0.1381603125
1 0.550338578125 0.53487778125 0.026645203124999975 0.03404664843749998
1 0.45724484374999996 0.529943484375 0.007894874999999975 0.019737187499999996
1 0.4922234856752441 0.5189235633374477 0.010307226749825678 0.015460840124738518
1 0.42796799917796047 0.539812078125 0.027961023848519773 0.029112351562500027
1 0.5291445498805949 0.5156340234375 0.009210687499999952 0.008740706130594944
2 0.8111984424375578 0.5704047730313367 0.017105634875115665 0.0754946607654949
1 0.5003377031249999 0.5479888617934916 0.04567743991849168 0.006767061290754129
2 0.39934909375 0.5314237734375 0.007565921874999996 0.03108607031249999
1 0.48736754731147525 0.5242338146057894 0.011090435754098908 0.019314256830430664
2 0.741789296875 0.5590558359375 0.01578974999999995 0.06167871093750001
2 0.391783171875 0.5314237734375 0.007565921874999996 0.030099210937499964
1 0.45856065625000003 0.52698290625 0.011184406250000004 0.019737187499999996
2 0.8380081291109784 0.5723784375000001 0.021381953124999954 0.08141589843750001
1 0.499021890625 0.5162919812221153 0.0077852411365384455 0.012335819489423017
1 0.562838796875 0.5437595156249999 0.022697765624999987 0.03404664843749998
1 0.53619359375 0.5126734453124999 0.002631624999999952 0.003947437500000017
1 0.58292431698152 0.5494484803228254 0.05253578370543283 0.04768853602336911
1 0.5151405937500001 0.56250984375 0.09835698437500001 0.03108607031249999
1 0.64540603125 0.5827404609375 0.10789662499999994 0.12779828906250001
1 0.5042851406250001 0.539812078125 0.05329040625000001 0.026151773437500036
2 0.824093427168453 0.569417859375 0.01552659723640879 0.07727116938787297
1 0.534219875 0.7566743889289342 0.28494192791428724 0.381030501246431
1 0.463166 0.5205683203125 0.004605343750000005 0.005921156249999981
1 0.445073578125 0.529943484375 0.02203985937500003 0.0281254921875
2 0.844751625 0.5704047187500001 0.013816031249999956 0.07401445312500003
1 0.57829959375 0.5203709539638682 0.016908186940754414 0.013816031250000017
4 0.46810029687500004 0.5126734453124999 0.0026316250000000116 0.003947437500000017
1 0.49967979687499997 0.5087260078125 0.006579062499999999 0.005921156249999981
4 0.593760390625 0.5230354687500001 0.007565921874999996 0.01529632031250001
2 0.7542643828175177 0.5606500728006217 0.01578974999999995 0.05568167045536656
