1 0.36842749999999996 0.4712253515625001 0.08750153124999999 0.07401445312500003
1 0.37599342187499996 0.6774789609374999 0.367440640625 0.30592640625000006
1 0.33059789062499995 0.5679375703125 0.0029605781249999906 0.004440867187499986
1 0.94803415625 0.579286453125 0.10393168749999997 0.1139822578125
1 0.34671659375 0.5482003828125 0.039803328124999975 0.04687582031249997
1 0.452968453125 0.4810939453125 0.030263687499999983 0.030099210937499964
1 0.705604453125 0.54672009375 0.080593515625 0.05970499218749996
1 0.8908050625 0.5037917109375 0.10164651562499998 0.05970499218749996
1 0.765473921875 0.5407989375 0.09210687499999999 0.07401445312500003
1 0.735868140625 0.5052719999999999 0.09671221875000005 0.04687582031249997
1 0.59935259375 0.5195814609375 0.08750153125000004 0.04835610937499997
1 0.63619534375 0.6547811953125 0.19934559374999997 0.16924638281249998
1 0.43783660937499996 0.5324106328125 0.10625185937499998 0.03996780468749996
1 0.550009625 0.5866878984375 0.030263687499999983 0.06414585937500003
