1 0.5842207500000001 0.5171143125000001 0.03125054687500004 0.01529632031250001
1 0.09144898190733555 0.6441724446962479 0.1828979638146711 0.2758271953125
1 0.568431 0.5047785703125001 0.026645203124999975 0.023684625000000015
1 0.456257984375 0.5092194375 0.040461234374999995 0.05230354687499998
1 0.3121764476390879 0.5426082136804562 0.11677846135386807 0.10756767187500005
1 0.44342881249999994 0.544746375 0.04243495312499999 0.06217214062499998
2 0.6756697187499999 0.5452398046875 0.02171090625000005 0.054770695312500006
1 0.49408759375000005 0.5393186484375 0.07171178125000004 0.05378383593749998
1 0.241122640625 0.5724773666127814 0.11973890855056174 0.10510095767907401
1 0.691129940602287 0.6536951415588643 0.16710764274164033 0.17023278822220025
1 0.5002347652180174 0.49512587726075685 0.06206956125989287 0.08995860998547389
1 0.6299453023609121 0.532575381318648 0.024890877106216062 0.02845483623149416
1 0.7819215781250002 0.610865953125 0.08750153125000004 0.08980420312500001
1 0.89860894921875 0.6523140468749999 0.2027821015625 0.2136550546875
2 0.5878392343750001 0.502311421875 0.005592203125000002 0.013816031250000017
1 0.5993525904606661 0.5676908480677488 0.07368549999999997 0.07993560937500002
1 0.47369249999999996 0.502311421875 0.006579062499999999 0.027632062500000033
1 0.54014103125 0.5077391484375 0.02861892187500003 0.04292838281249996
2 0.7414603437500001 0.5432660859375 0.01250021875000004 0.04292838281250004
1 0.5730363437499999 0.5116865859375 0.026645203124999975 0.024671484375000042
1 0.15723959375 0.5778061640625001 0.051645640624999996 0.08684362500000002
1 0.40579656226995314 0.5077391484375001 0.007105353553208656 0.012335742187500021
1 0.4223758125 0.50329828125 0.029276828124999987 0.026151773437500036
2 0.691788421875 0.5338909218749999 0.010526500000000046 0.027138632812499973
1 0.54014103125 0.48553481249999997 0.020395093749999958 0.02220433593750002
1 0.659551015625 0.5407989375 0.06809329687499996 0.07993560937500002
1 0.58224703125 0.5116865859375 0.02203985937500003 0.012335742187500021
1 0.7155274792853609 0.5677724271713729 0.068586572736663 0.06529647745859384
1 0.179279453125 0.5531346796874999 0.04407971875 0.055264124999999976
1 0.41678360731895814 0.514092056820586 0.026645203124999975 0.01326092400808605
1 0.550996484375 0.52698290625 0.033224265625000034 0.03996780468749996
1 0.57961540625 0.5477069531249998 0.04144809374999999 0.049836398437499964
1 0.49951532853583464 0.6323301371302488 0.13059439062499997 0.16431208593750002
1 0.36513796875 0.5095782497806768 0.005502482111525235 0.016507446334575793
1 0.38717782812499996 0.5047785703125001 0.046053437499999995 0.023684625000000015
1 0.26480726562499995 0.749026265625 0.354282515625 0.3281307421874999
1 0.3945464554977151 0.5637927139612087 0.09190945154318987 0.1088505420862087
1 0.608234328125 0.52698290625 0.032237406249999975 0.026891925369751223
