1 0.25132018749999996 0.6370177265624999 0.14408146874999997 0.07204073437499998
1 0.44277090625 0.571391578125 0.05690889062500002 0.04736925000000003
1 0.275991671875 0.59803678125 0.09868593750000001 0.05032982812500002
1 0.73159175 0.5847141796874998 0.11118615624999997 0.06365242968749998
1 0.21612220312499997 0.5753390156249999 0.10855453124999999 0.04095466406249999
1 0.034293363281249996 0.7411313906250001 0.06858672656249999 0.0379940859375
1 0.315795 0.5600426953125 0.06381690625 0.045395531249999975
2 0.199016640625 0.5477069531250001 0.010197546875000008 0.023684625000000015
1 0.14704204687500003 0.5753390156249999 0.07894875000000003 0.033059789062499956
1 0.037171703125 0.5600426953125 0.07138282812499999 0.05575755468750003
1 0.597049921875 0.5664572812499999 0.06381690625 0.057731273437499994
1 0.6102080468749999 0.61777396875 0.09210687499999999 0.037007226562499974
1 0.6651432187499999 0.5980367812499999 0.15789749999999997 0.06908015625
1 0.36842749999999996 0.6083988046875 0.13454182812499998 0.06463928906250001
1 0.15592378124999998 0.6207345468750001 0.07960665624999998 0.07697503125000002
1 0.007730398437499999 0.6661300781249999 0.015460796874999998 0.10065965624999995
1 0.10427814062500002 0.577312734375 0.0513166875 0.02861892187499997
1 0.44902101562499996 0.6547811953125 0.13454182812499998 0.04736925000000003
2 0.233885671875 0.54277265625 0.008223828125000015 0.026645203125000006
1 0.09342268749999999 0.6271491328125001 0.06381690625 0.06463928906250001
1 0.534548828125 0.5600426953125 0.07138282812499999 0.06809329687499996
1 0.04934296875 0.6083988046875 0.07960665624999999 0.057731273437499994
1 0.37599342187500007 0.6784658203125 0.05888260937500001 0.023684625000000015
1 0.15033157812499998 0.7268219296874999 0.08519885937499998 0.027632062500000033
1 0.652643 0.5486938125 0.05690889062499996 0.02861892187499997
1 0.021381953125000002 0.6074119453125 0.041119140625 0.06167871093750001
1 0.486521671875 0.5664572812499999 0.037171703125000025 0.045395531249999975
1 0.5427726562499999 0.6281359921874999 0.14539728125000007 0.06167871093750001
1 0.07697503124999999 0.6197476875 0.069409109375 0.07006701562500002
1 0.23684625 0.5857010390624999 0.05888260937500001 0.024671484375000042
1 0.185200609375 0.6330702890625 0.089146296875 0.07401445312500003
1 0.260201921875 0.7021504453125 0.122699515625 0.046382390625000006
