1 0.5171143125 0.5169510722703203 0.012665931645320268 0.03182436034451959
1 0.4848769062500001 0.4841955055132582 0.016384997549663004 0.025775821235477902
1 0.54935171875 0.5477069531249998 0.04046123437500005 0.0543956888894761
1 0.42251056414473265 0.5077391484375 0.010399674342099038 0.024671484375000042
1 0.5306597536227916 0.5240223281249999 0.030263687500000042 0.04391524218749998
1 0.416783609375 0.5092194375 0.014802890625000013 0.026151773437500036
1 0.40198071874999997 0.5309303437499999 0.012829171875000019 0.027632062500000033
1 0.320071390625 0.5847141796875 0.059711571076312114 0.06217214062499998
1 0.5023114218749999 0.506258859375 0.006579062499999999 0.016776609375000008
1 0.5040485646043747 0.5047785703125001 0.013579455229374737 0.01924375781250003
1 0.9825240547601403 0.6285206961841827 0.034951890479719576 0.06699771180918272
1 0.39934909375 0.5173257920332238 0.033318256528655076 0.037007226562499974
1 0.50329828125 0.5008311328125 0.013816031250000017 0.01924375781250003
1 0.3447115461707352 0.5576225401188972 0.060135764216470315 0.07056044531249998
1 0.5549484281284884 0.55856240625 0.04066401375418612 0.04441543125523264
1 0.5796154062500001 0.5945827734375 0.061514234375000025 0.07154730468750001
1 0.507903625 0.506258859375 0.016208424512250495 0.018705486402563577
1 0.4465648294261232 0.5107326270943826 0.026820648066573406 0.03200714243974758
1 0.500337703125 0.4939231171875 0.011842312500000023 0.01343850741286463
1 0.43571107023226596 0.5023114218749999 0.011310927714316498 0.00867297798221207
2 0.5614900964639823 0.508232578125 0.00953964062499999 0.03138213552648228
1 0.08454095312499997 0.6814263984375 0.16743714062499998 0.16135150781250002
1 0.291781421875 0.6153068203125001 0.07730398437499998 0.07993560937500002
1 0.45165264062500005 0.4890436520773129 0.010197546875000008 0.011513366867775422
1 0.416783609375 0.513166875 0.009649292032169517 0.03059264062500002
1 0.48125842187499995 0.5116865834703928 0.023684623903507843 0.028125491365130893
1 0.488495390625 0.6069185156250001 0.06546167187500002 0.0774684609375
1 0.555601828125 0.502311421875 0.030263687499999983 0.024671484375000042
1 0.43290229868407926 0.5050746405593286 0.011184406250000004 0.012039671940671326
1 0.43957536205469727 0.496954185603523 0.008364808707045887 0.00563919743556891
1 0.5376155202999231 0.5384909601373847 0.038554721333205144 0.05165094611261534
1 0.483890046875 0.492442828125 0.012829171875000019 0.014309456003203103
1 0.3812018456688476 0.5964742528782715 0.07171178124999997 0.1163671669407715
2 0.8128431718749999 0.6064250859375001 0.032237406249999975 0.09967279687500001
1 0.3791922162536118 0.5342482462554177 0.02861892187499997 0.027989386880417744
2 0.30592640625 0.6261622734374999 0.027632062499999974 0.102633375
1 0.56316775 0.5723784375000001 0.055399576632033626 0.06484246651055034
1 0.3875739144741397 0.528171165297419 0.026249116775860296 0.03059264062500002
1 0.514153734375 0.5077391484375 0.014366490291538388 0.02220433593750002
