1 0.23618834374999997 0.4633304765625 0.01578975000000001 0.02220433593750002
1 0.393756890625 0.5077391484375 0.034211124999999974 0.04292838281249996
1 0.4079018750000001 0.520074890625 0.03421112500000003 0.049836398437499964
1 0.324676734375 0.47714650781250006 0.025987296875000017 0.023684625000000015
1 0.24214248375891234 0.47023849218749997 0.018421374999999993 0.02146614439197512
1 0.262833546875 0.4870151015625 0.031250546875000014 0.01529632031250001
1 0.31382128125 0.47319907031249997 0.017434515625000025 0.023684625000000015
1 0.23881996875 0.45395531250000004 0.010197546875000008 0.005427726562500013
1 0.3566155672779455 0.4899756796875 0.021381953125000012 0.03059264062500002
1 0.16710818749999998 0.5728718671874999 0.10987034374999999 0.1381603125
1 0.26118878125 0.506258859375 0.04243495312499999 0.049836398437499964
1 0.253622859375 0.45395531250000004 0.01578975000000001 0.016776609375000008
1 0.38194842987756794 0.502311421875 0.029605781250000025 0.03996780468749996
1 0.7565921875000001 0.7554408515625 0.3532956562500001 0.36513796874999993
1 0.0986859375 0.636524296875 0.1697398125 0.1702332421875
1 0.58487865625 0.63356371875 0.17434515624999994 0.20872075781249996
1 0.299676296875 0.4662910546875 0.019408234375000017 0.02220433593750002
1 0.43553393749999997 0.529943484375 0.05822470312499999 0.07352102343749997
1 0.36270250208092897 0.4931810196705249 0.026645203124999975 0.03059264062500002
1 0.46020542187499996 0.5546149687499999 0.07927770312499997 0.09819250781250002
1 0.250991234375 0.520074890625 0.046053437499999995 0.05279697656249995
2 0.10164651562499999 0.7416248203125 0.05690889062499999 0.23339224218750002
1 0.231583 0.5477069531249998 0.042434953125000015 0.06365242968749998
1 0.26842574999999996 0.45790275 0.013816031249999987 0.01529632031250001
1 0.283228640625 0.4633304765625 0.019408234375000017 0.016776609375000008
1 0.306255359375 0.47023849218749997 0.01578975000000001 0.020724046875000023
