1 0.54803590625 0.4741859296875 0.026645203124999975 0.03996780468749996
1 0.46546867187499996 0.450007875 0.017105562499999987 0.024178054687499985
1 0.63159 0.472705640625 0.029276828125000046 0.03996780468749996
1 0.4644818125 0.46382390625000003 0.005592203125000002 0.011348882812499994
1 0.562180890625 0.4810939453125 0.037171703125000025 0.03996780468749996
1 0.4470478807420758 0.4692511949121931 0.010526499999999987 0.021217476562499994
1 0.46645553125 0.46382390625000003 0.005592203125000002 0.014309460937499985
1 0.41612570312499997 0.4766530781249999 0.021052999999999975 0.032566359374999986
1 0.43619301148415157 0.472705640625 0.012280138177232244 0.0246719222753069
2 0.2973736249999999 0.5195814609375 0.029276828124999987 0.09276478125000001
1 0.5003377031249999 0.46382390625000003 0.008552781249999994 0.009868593749999998
1 0.6582352031250001 0.472705640625 0.04177704687499997 0.04391524218749998
1 0.5118510625 0.46333013338692836 0.016118703124999988 0.022697765624999987
2 0.27270214062500003 0.5195814609375 0.02171090625000002 0.09128449218750001
1 0.42270476562500003 0.4712253515625 0.026645203124999975 0.037007226562499974
1 0.01513184375 0.5521478203125 0.0302636875 0.07697503125000002
1 0.337176953125 0.5097128671875 0.05690889062500002 0.06414585937500003
1 0.47566621875 0.46283704687499994 0.01907928124999998 0.021217476562499994
1 0.46250946645228636 0.46826477343749995 0.006579062499999999 0.01578974999999998
1 0.5342672054956099 0.46868720738158515 0.007989535991219772 0.018818963524145537
1 0.386519921875 0.492442828125 0.03618484375000002 0.03404664843749998
1 0.395072703125 0.4825742343749999 0.039803328124999975 0.04391524218749998
1 0.94532029296875 0.852678869140625 0.10935941406250009 0.29464226171875013
1 0.4539553125 0.4653041953125 0.013158124999999998 0.017270039062499975
