1 0.6736960102798236 0.5116865859375 0.10460709375000003 0.06266555797671156
1 0.7292890781250001 0.4791202265625 0.0013158125000000353 0.0019737187499999642
1 0.44178404687500006 0.48438356099352065 0.02554870074938294 0.016776609375000008
1 0.51777221875 0.48208080468750003 0.027961015625000012 0.008881734374999973
1 0.2407936875 0.5748455859374999 0.11118615625000003 0.13470630468750003
1 0.528452222328089 0.4735280180646061 0.017434515624999966 0.011118611326684924
1 0.9806092656250001 0.4949099765625 0.037171703125000025 0.03898094531250003
1 0.5393579082815649 0.47491429626553056 0.015805350241982787 0.015272764406061068
1 0.48290318750000005 0.48208080468750014 0.017434515625000025 0.006908015625000008
1 0.41250721875 0.48208080468750003 0.025329390625 0.013816031250000017
1 0.8277058742796055 0.4791202265625 0.010825535572366717 0.013367442902958437
1 0.939490125 0.49984427343750004 0.06579062499999999 0.045888960937500035
1 0.44178404687500006 0.5195814609374999 0.07039596875 0.057731273437499994
1 0.511522109375 0.5309303437499999 0.10987034375000006 0.07302759375000001
1 0.9181081718749999 0.47566621875 0.023355671874999945 0.016776609375000008
1 0.902976328125 0.47566621875 0.011842312499999962 0.016776609375000008
1 0.7891585468750002 0.5008311328125 0.08783048437500002 0.075988171875
1 0.365795875 0.539812078125 0.1354190386513651 0.10279785074011309
1 0.8704922162830797 0.5000909938323479 0.07541251809238894 0.06315901110219571
1 0.252307046875 0.5250091875 0.123686375 0.06463928906250001
