1 0.055264125 0.5008311328125 0.0644748125 0.0379940859375
1 0.027961015625 0.537838359375 0.055264125 0.0379940859375
1 0.9203017986847091 0.5269827681794333 0.06644839317943342 0.041612662359544396
1 0.328624171875 0.52698290625 0.05394831249999997 0.029112351562500027
1 0.07861979687500001 0.5215551796875 0.08651467187500002 0.03108607031249999
1 0.36250634374999996 0.6207345468750001 0.21283267187500005 0.12483771093750003
2 0.52698290625 0.6093856640625 0.020724046875000054 0.10510052343750002
1 0.716953760839601 0.534384161712625 0.032566323213119 0.0379940859375
1 0.2250039375 0.53882521875 0.06579062499999999 0.03108607031249999
1 0.71645990625 0.5156340234375 0.020724046874999996 0.029112351562500027
1 0.8329093125 0.529943484375 0.04605343750000005 0.016776609375000008
1 0.9539640625 0.5758324453124999 0.09046210937499997 0.07796189062499996
1 0.7472177195537083 0.5842205601501249 0.0891460075799523 0.07105376651435709
2 0.51053525 0.6064250859375001 0.02828996874999999 0.10806110156250001
1 0.87040996875 0.5664572812499999 0.08585676562500003 0.0675998671875
1 0.683235640625 0.644419171875 0.2460569375 0.198358734375
1 0.40066490624999995 0.545733234375 0.11381778124999999 0.05970499218749996
2 0.229938234375 0.6034645078125 0.03092159375 0.0843764765625
1 0.262175640625 0.5215551796875001 0.06447481250000002 0.032072929687500015
1 0.06250109375 0.4840545234375 0.02993473437499999 0.016776609375000008
2 0.37665132812499996 0.5383317890624999 0.020724046874999996 0.04736925000000003
1 0.23618834374999995 0.4840545234375 0.017434515624999994 0.017763468750000032
1 0.70001225 0.5087260078124999 0.019408234374999958 0.009868593749999998
2 0.12960753125 0.5931024843749999 0.041119140624999995 0.11743626562499995
1 0.11447568749999999 0.5008311328125 0.05394831250000001 0.026151773437500036
1 0.429941734375 0.5106997265625 0.025987296875000017 0.009868593749999998
1 0.2547748552668274 0.5482002472054465 0.07039596875000002 0.0379940859375
1 0.46382390625 0.5758324453125001 0.09046210937499997 0.07697503125000002
1 0.3118483679116387 0.5526411119294334 0.10340106269164627 0.0442441032654556
1 0.020724046875 0.5250091875 0.039803328124999995 0.019737187499999996
2 0.18256999690766676 0.5600425868268571 0.019572647654208335 0.049343131478464294
1 0.617445015625 0.5797798828125 0.146384140625 0.10756767187499996
1 0.8090432191940954 0.5569177246313408 0.06973814650634083 0.0691897932906099
1 0.7644870624999999 0.539812078125 0.07730398437499998 0.058718132812500025
2 0.7365260468749999 0.5393186484375 0.020724046874999996 0.03108607031249999
1 0.5296145312499999 0.5758324453125001 0.14441042187499994 0.105593953125
1 0.16020017187500002 0.5787930234375 0.18618746875000003 0.105593953125
1 0.0300992109375 0.5758324453125 0.060198421875 0.08783048437499996
2 0.260201921875 0.6064250859375 0.04243495312499999 0.1603646484375
1 0.39803328125 0.5106997265625 0.03322426562499998 0.01282917187499999
2 0.344413921875 0.5437595156249999 0.024671484374999983 0.022697765624999987
1 0.046711343749999995 0.5758324453125 0.07039596875 0.08783048437499996
1 0.337176953125 0.5106997265625 0.055264125000000004 0.03108607031249999
