1 0.37829610032995087 0.5817536040299816 0.0740144432550738 0.06118529111992617
1 0.735210234375 0.6182673984375 0.21414848437499998 0.0942450703125
1 0.96308376171875 0.953338525390625 0.07383247656250008 0.09332294921875003
2 0.7220521093750001 0.5620164140625 0.020066140625000038 0.046382390625000006
2 0.70198596875 0.5664572812499999 0.014473937500000034 0.05674441406249997
2 0.813172125 0.571391578125 0.020066140625000038 0.04440867187500004
1 0.09013315625 0.6044513671874999 0.1802663125 0.11003482031249998
1 0.4477052031249999 0.5664572812499999 0.075988171875 0.08092246874999995
1 0.929292578125 0.55856240625 0.09737012500000002 0.10707424218749999
2 0.39803328125 0.5790397296450646 0.021381953125000012 0.07500131249999997
