1 0.802974578125 0.5477069531250001 0.01578974999999995 0.006414585937500039
1 0.8217249062499999 0.5694178593750001 0.013816031249999956 0.00937516406250003
1 0.835211984375 0.567444140625 0.02203985937500003 0.012335742187500021
1 0.9998442734374999 0.57435215625 0.0003114531249999904 0.006414585937500039
1 0.8510017343749998 0.567444140625 0.013158124999999998 0.00937516406250003
1 0.855278125 0.5551083984374999 0.004934296875000044 0.007401445312499977
1 0.802316671875 0.5590558359375001 0.011513359374999983 0.006414585937500039
1 0.915476546875 0.5649769921874999 0.01907928124999998 0.013322601562499958
1 0.884554953125 0.567444140625 0.01907928124999998 0.00937516406250003
1 0.833238265625 0.5590558359375001 0.008223828124999954 0.006414585937500039
1 0.9973858749999999 0.5649769921875001 0.004276390624999967 0.00937516406250003
1 0.8990288906249998 0.567444140625 0.010197546874999948 0.012335742187500021
1 0.868765203125 0.5551083984374999 0.008881734375000032 0.006414585937500039
1 0.8579097499999998 0.5486938125 0.013158124999999998 0.006414585937500039
1 0.8059351562499999 0.567444140625 0.01907928124999998 0.00937516406250003
1 0.95462196875 0.545733234375 0.01907928124999998 0.006414585937500039
1 0.910213296875 0.5570821171875 0.008223828124999954 0.00937516406250003
1 0.8181064218749999 0.5477069531250001 0.01578974999999995 0.00937516406250003
1 0.9204108437499999 0.5551083984374999 0.008223828124999954 0.006414585937500039
1 0.7891585468749999 0.5649769921875001 0.013158124999999998 0.006414585937500039
1 0.8983709843749998 0.5551083984374999 0.013158124999999998 0.00937516406250003
1 0.783237390625 0.5551083984374999 0.004276390624999967 0.006414585937500039
