1 0.7921191249999999 0.5551083984374999 0.006579062500000058 0.02861892187499997
1 0.8500148749999998 0.537838359375 0.036184843749999966 0.032566359374999986
1 0.7408024374999999 0.579286453125 0.11118615624999997 0.15789749999999997
1 0.3897788586942404 0.5876729304290399 0.14075220615193978 0.14670913441916972
1 0.85198859375 0.7475459765625 0.264149359375 0.27187975781250007
1 0.6134975781249999 0.5437595156249999 0.07204073437499996 0.06710643750000003
1 0.6743539062499999 0.5407989375 0.049342968749999966 0.04835610937499997
1 0.735868140625 0.5181011718749999 0.022697765624999987 0.005921156249999981
1 0.712183515625 0.502311421875 0.04177704687499997 0.017270039062499975
1 0.484219 0.563496703125 0.07894874999999998 0.09967279687500001
1 0.9231973942502669 0.5842197887253203 0.15360521149946607 0.10065831046544842
1 0.14926248046875 0.6932687109375 0.2985249609375 0.33454532812500004
1 0.780605765625 0.5353712109375 0.06447481249999995 0.08684362500000002
