1 0.49046910937500005 0.5393186484375 0.09835698437500001 0.07894874999999998
1 0.43823143522414687 0.5351739006368601 0.017039792399786733 0.02516491406250001
1 0.41513884375 0.500337703125 0.025329390625 0.032072929687500015
1 0.47698203125 0.567444140625 0.08881728947517674 0.021464150700132568
2 0.1513184375 0.533890921875 0.014144984374999996 0.058718132812500025
1 0.70461759375 0.5274763359375001 0.06908015625000002 0.029112351562500027
1 0.6981701138158389 0.6346492699837747 0.1832926851975164 0.21049711258253295
1 0.581589125 0.5491872421874999 0.04671134375000001 0.05970499218749996
1 0.39244107812499995 0.516127453125 0.008552781249999994 0.018750328124999972
1 0.8092246875 0.59803678125 0.11579150000000003 0.13470630468750003
1 0.3644800625 0.5333974921875 0.06908015624999995 0.0478626796875
1 0.6000105 0.5630032734375 0.06776434374999998 0.07500131249999997
1 0.38125667187499995 0.51908803125 0.022697765624999987 0.016776609375000008
1 0.554943921875 0.5235288984375 0.02203985937500003 0.030099210937499964
2 0.11118615625 0.52698290625 0.012829171875000005 0.04095466406249999
1 0.44033665180916126 0.516127453125 0.01355285953912831 0.010658079276241761
1 0.5602071718750001 0.5255026171875 0.016776609375000008 0.026151773437500036
1 0.48092946875000003 0.733236515625 0.2460569375 0.3567496640625
1 0.9247607226562501 0.6172805390625001 0.1504785546875 0.10806110156250001
1 0.44441567187500003 0.5215551796875 0.017434515625000025 0.018750328124999972
1 0.4316230455548792 0.5177721971844564 0.007675558539637647 0.008772097710362381
1 0.7461315986825999 0.5369503667738998 0.07348867063419971 0.032072929687500015
1 0.5776416875 0.5304369140625 0.02532939062499994 0.03108607031249999
1 0.610865953125 0.5881681875 0.06710643750000003 0.09671221875000002
1 0.543869065740273 0.5258321758708624 0.005263250000000023 0.019737187499999996
1 0.41579674999999994 0.5294500546875 0.03125054687499998 0.04194152343750002
1 0.876651328125 0.8250144374999999 0.24669734374999994 0.348361359375
