2 0.48985818756696436 0.5307190688392834 0.01207728640252969 0.01381617082031097
2 0.4486920625 0.7702437421874999 0.07730398437500004 0.2980315312499999
2 0.8283039687499998 0.6093856640625 0.05131668749999996 0.18454270312499998
2 0.23750415625 0.7199139140625002 0.06644853124999998 0.2319119531250001
2 0.483890046875 0.6404717343749999 0.024342531250000004 0.11743626562499995
2 0.011842312499999999 0.5906353359375001 0.022368812499999995 0.102633375
2 0.878633796875 0.670077515625 0.04868506250000001 0.154936921875
2 0.5404699843749999 0.6434323124999999 0.03782960937499998 0.058224703124999964
2 0.6920351837315557 0.53290405866222 0.005016536755325044 0.010732100980072623
1 0.22895137499999998 0.5595492656250001 0.05789575000000002 0.04835610937499997
1 0.96383265625 0.5314774026639084 0.012550281762324053 0.017270039062499975
2 0.623366171875 0.6498468984375 0.05131668749999996 0.13223915625
2 0.3371769531249999 0.63356371875 0.040461234374999995 0.17812811718750005
2 0.2674387853585964 0.6039579374999999 0.032237406249999975 0.11743626562499995
2 0.13750240625000001 0.6093856640625 0.03585589062500002 0.13618659375000003
1 0.390467359375 0.5536281093749998 0.06743539062500001 0.06118528124999996
2 0.5041209346277981 0.6932687109375 0.08042867638986634 0.21044785670443975
1 0.055839792968749996 0.5778061640625 0.11167958593749999 0.06118528124999996
1 0.70001225 0.5357001618694718 0.052303546875000016 0.03815856469302812
2 0.027961015625 0.6039579374999999 0.037829609375 0.14013403124999996
2 0.4486920625 0.66909065625 0.084540953125 0.30592640625000006
2 0.3371769531249999 0.6636629296875001 0.040461234374999995 0.1899704296875
1 0.49474549999999995 0.5338909218749999 0.06743539062500001 0.027138632812499973
1 0.112173015625 0.5778061640625001 0.027632062500000002 0.05674441406249997
1 0.9851236210937501 0.5264894765625 0.02975275781249991 0.027138632812499973
