1 0.42566534375000004 0.535864640625 0.04079018750000003 0.03996780468749996
1 0.258228203125 0.472705640625 0.012171265625000002 0.012335742187500021
1 0.37862504687500004 0.5220486093750001 0.02565834374999998 0.03503350781250001
1 0.406257109375 0.5358646406249999 0.029605781250000025 0.03848751562499997
1 0.62435303125 0.589155046875 0.10822557812500004 0.14852233593750003
1 0.35526937500000005 0.5190880312500001 0.019408234375000017 0.029112351562500027
1 0.235859390625 0.49589683593749995 0.014144984374999996 0.01529632031250001
1 0.341782296875 0.5156340234375 0.021381953125000012 0.023191195312499958
1 0.31118965625 0.48208080468750014 0.014144984374999996 0.018256898437500002
1 0.317439765625 0.5018179921874999 0.01644765625000003 0.021217476562499994
1 0.33059789062499995 0.5768193046875 0.07960665625 0.09177792187499997
1 0.497048171875 0.5403055078125 0.06118528124999999 0.06266557031249995
1 0.244741125 0.5082325781250001 0.01940823437499999 0.018256898437500002
1 0.250004375 0.5018179921875 0.015460796875 0.013816031250000017
1 0.250004375 0.4712253515625001 0.011184406250000004 0.012335742187500021
1 0.517443265625 0.5496806718749999 0.049014015625000046 0.06118528124999996
1 0.23355671875 0.46974506250000003 0.012171265625000002 0.013816031250000017
1 0.2407936875 0.5250091875 0.02236881250000001 0.033553218750000016
1 0.464152859375 0.5403055078125 0.039803328124999975 0.05032982812500002
1 0.26842574999999996 0.535864640625 0.04177704687499997 0.05970499218749996
1 0.09186016015625001 0.7776451875 0.18372032031250002 0.39770432812499995
1 0.56119403125 0.5511609609375 0.06414585937499998 0.0843764765625
1 0.306255359375 0.4791202265625 0.012171265625000002 0.013816031250000017
1 0.281583875 0.472705640625 0.014144984374999996 0.012335742187500021
1 0.32566359375000004 0.5097128671875 0.017434515625000025 0.024671484375000042
1 0.364151109375 0.5190880312500001 0.02236881250000001 0.029112351562500027
1 0.2723731875 0.472705640625 0.012171265624999972 0.01529632031250001
1 0.386848875 0.5264894765625 0.029605781250000025 0.033553218750000016
