1 0.38948076722531133 0.5301901760934826 0.03848744367972383 0.06266552406196535
1 0.35979244223387563 0.5679375703125 0.04424418791220172 0.05427730262649133
1 0.4026385657985017 0.50017317229446 0.025000427633083612 0.03947438980037452
1 0.733236515625 0.6463928906249998 0.20526675000000008 0.18503613281249995
1 0.37204594490674264 0.5601660212831073 0.035938132606399144 0.0587181476130965
1 0.459547515625 0.44260642968749997 0.022697765624999987 0.02565834374999998
1 0.4871795781249999 0.411520359375 0.010526499999999987 0.01282917187499999
1 0.084540953125 0.6133331015625 0.16908190625 0.18799671093749995
1 0.5440884687499999 0.5521478203125 0.03980332812500003 0.049836398437499964
1 0.189805953125 0.5778061640625001 0.126318 0.11940998437500001
1 0.9232804335937499 0.8391095527343749 0.15343913281250005 0.3217808945312501
