1 0.452310546875 0.5437595156249999 0.014473937499999975 0.012335742187500021
1 0.58487865625 0.6113593828124999 0.06875120312500003 0.0843764765625
1 0.9778454182963847 0.5916222915134919 0.04430916340723054 0.0397214586142189
1 0.467442390625 0.55264125 0.014473937499999975 0.016283179687500038
1 0.6355374374999999 0.6360308671875 0.09210687499999999 0.09967279687500001
1 0.9647285273437499 0.5827404609375 0.07054294531250006 0.036020367187500034
1 0.5167853593749999 0.553628109375 0.020066140624999975 0.024671484375000042
1 0.9300239726562499 0.822086228515625 0.13995205468750005 0.3558275429687501
1 0.35263775 0.5600426953125 0.05000087499999998 0.026645203125000006
1 0.4344376631434956 0.5457333461929716 0.03333386696979037 0.018585982016800263
1 0.5250091875 0.5477069531250001 0.013158124999999998 0.01529632031250001
1 0.40362548437499995 0.551654390625 0.04243495312499999 0.024671484375000042
