1 0.5052719999999999 0.5393186484375 0.25395181250000004 0.14605518750000002
1 0.233227765625 0.5630032734375 0.04896695180749848 0.0492017772974954
1 0.15855540625 0.5600426953125 0.049342968749999994 0.05575755468750003
1 0.6496715158690392 0.5970505391960922 0.15230570842239477 0.08857201787870723
1 0.2828996875 0.5600426953125 0.056250984375 0.05575755468750003
1 0.013816031250000001 0.50329828125 0.008223828125 0.007401445312499977
1 0.19638501562499996 0.5551083984374999 0.04234082548999695 0.0547004697843807
1 0.00353624609375 0.5067522890625 0.0070724921875 0.013322601562499958
1 0.25460971875 0.547706953125 0.02598729687499999 0.024671484375000042
1 0.868107296875 0.7258350703125 0.22566184374999995 0.24523455468750005
1 0.343098109375 0.6360308671875 0.18256898437500002 0.12434428124999997
