1 0.9682715571401356 0.5131672140167869 0.04589070122367301 0.046382322821642584
1 0.3720459843750001 0.5116865859375 0.04934296875000002 0.026151773437500036
1 0.12829171875 0.5106997265625001 0.085856765625 0.0379940859375
1 0.44902101562499996 0.5876747578125 0.19243757812499993 0.08783048437499996
2 0.60066840625 0.593102484375 0.022697765624999987 0.09375164062500004
1 0.7641576359318468 0.5225420390625001 0.035197984375000026 0.0379940859375
1 0.28355759375 0.5250091875 0.05657993749999998 0.026151773437500036
1 0.7565921874999998 0.5057654296874998 0.035855890624999984 0.033059789062499956
1 0.88488390625 0.5250091875 0.033224265625000034 0.026151773437500036
1 0.978635546875 0.5644835624999999 0.04243495312500004 0.06908015625
1 0.0254938671875 0.545733234375 0.050987734375 0.05378383593749998
1 0.8190932812499999 0.5644835625000001 0.06250109374999996 0.05181011718750002
2 0.58356284375 0.5866878984375001 0.029605781250000025 0.09671221875000002
1 0.920906286604462 0.5585626527602402 0.08651467187499999 0.06611945486987984
1 0.77040821875 0.630603140625 0.23224090625000002 0.18256898437500002
1 0.46513971875 0.531917203125 0.10592290625 0.05279697656249995
2 0.3631642499999999 0.5857010390624999 0.027303109374999992 0.06167871093750001
1 0.39087855078124994 0.8060497636718751 0.7817571015624999 0.38790047265625
1 0.310860703125 0.5097128671875 0.06447481250000002 0.032072929687500015
2 0.45165264062500005 0.5240223281249999 0.01578975000000001 0.04095466406249999
1 0.7871848281249998 0.5008311328125 0.031908453125 0.011842312499999962
2 0.23947787499999998 0.577312734375 0.032895312499999996 0.10510052343750002
1 0.15362110937499998 0.4899756796875 0.05131668750000002 0.026151773437500036
1 0.47040296875 0.5008311328125 0.024013578125000025 0.017763468750000032
1 0.086514671875 0.6952424296874999 0.17302934375 0.192437578125
1 0.32763938418502064 0.5361938610641962 0.06842184902870567 0.03634898616975475
1 0.5327968273648478 0.5490226221058011 0.075932760317438 0.049178348668301106
1 0.3947400022454903 0.545733234375 0.08607714345268332 0.045888960937500035
2 0.28487340625 0.55066753125 0.01842137500000002 0.04736925000000003
1 0.682577734375 0.5674441406249999 0.14901576562500007 0.1139822578125
1 0.8610345846136169 0.5501741403990676 0.07471345586096056 0.07154729174197749
1 0.806264109375 0.528956625 0.08190932812500004 0.05181011718750002
2 0.7605396249999999 0.5314237734375 0.01842137500000002 0.027632062500000033
1 0.5907998125 0.5644835625 0.13454182812500004 0.09868593749999999
1 0.24342531250000002 0.5644835625000001 0.17631887500000004 0.105593953125
1 0.08980420312500001 0.549680671875 0.10526500000000001 0.07302759375000001
2 0.38915154687500003 0.575339015625 0.03782960937499998 0.10707424218749999
1 0.439810328125 0.5008311328125 0.03388217187499999 0.016776609375000008
2 0.41382303125 0.5324106328125 0.01644765625000003 0.020724046875000023
1 0.14063103533598362 0.5546157082807207 0.08914596819467965 0.08931040367213958
1 0.37730923437499997 0.5008311328125 0.055264125000000004 0.033059789062500046
