1 0.4742041800073721 0.5210620016441077 0.007894874999999975 0.007894875000000034
2 0.15427901562499996 0.59408934375 0.013816031249999987 0.058718132812500025
1 0.46145543006585105 0.5218019715045878 0.007894874999999975 0.007598806924388324
1 0.476324125 0.5205683203125 0.004605343750000005 0.006908015625000008
1 0.17434515625 0.551654390625 0.050000875000000014 0.04884953906250002
2 0.199674546875 0.575339015625 0.022697765624999987 0.07302759375000001
1 0.2250039375 0.55264125 0.050000875000000014 0.05575755468750003
1 0.506258859375 0.5225420390624999 0.019408234375000017 0.009868593749999998
1 0.51777221875 0.5205683203125 0.011184406250000004 0.010855453125000025
1 0.1250021875 0.5605361249999999 0.05789574999999999 0.06167871093750001
1 0.4570803326485732 0.5299435534528536 0.012500188048731728 0.011842312499999962
1 0.4884948475074641 0.5215559943638038 0.008553324367535886 0.010855453125000025
1 0.4899426217041366 0.5170163585813847 0.004473925170863246 0.004934296875000044
1 0.470731650316232 0.527970580301304 0.016118703124999988 0.014802890625000042
1 0.36875645312499994 0.553628109375 0.038487515624999996 0.03996780468749996
1 0.5234909592022174 0.5181391660174894 0.0044029279522174985 0.004782485026663163
1 0.504943046875 0.630603140625 0.11118615625000003 0.1366800234375
1 0.512180015625 0.545733234375 0.055264125000000004 0.03996780468749996
2 0.17237143749999995 0.575339015625 0.018421374999999993 0.07105387499999996
2 0.18520060937500002 0.5886616171875 0.014473937500000004 0.045395531249999975
