1 0.8564303773149969 0.6846481909724955 0.28713924537000607 0.181262838252497
1 0.433889171875 0.5324106328125 0.10855453125000002 0.0843764765625
1 0.8178588503846295 0.5176077421875 0.030428213013735453 0.03232001166551592
1 0.7580047760327439 0.556230658872012 0.19068952780751983 0.08069984118152389
1 0.468097826446913 0.551654390625 0.07881657584725914 0.04677743082637047
1 0.578933697078389 0.5412923671875 0.06231307153254224 0.05230354687499998
1 0.7692667743281573 0.5960630625000001 0.21217476562499998 0.103590559828028
1 0.36383129593845837 0.8407585233726609 0.7276625918769167 0.31848295325467824
1 0.6740249531249999 0.5240223281249999 0.024671484374999983 0.017270039062499975
1 0.8094795068453223 0.5341379697804584 0.04416451050434809 0.03454207649525065
1 0.008388304687499999 0.59408934375 0.016776609374999998 0.05131668749999996
1 0.76119753125 0.5190880312500001 0.01907928124999998 0.012335742187500021
1 0.17171353125 0.571391578125 0.12697590625000002 0.06908015625
1 0.84014628125 0.52698290625 0.026645203124999975 0.036020367187500034
1 0.36908479740055955 0.5570821171875 0.09144896875000003 0.057073488957388105
