2 0.7605396249999999 0.5333974921875 0.004605343749999946 0.010855453125000025
1 0.9746884713121119 0.5304369140624999 0.021381953124999954 0.023191331038916997
1 0.957582546875 0.5600426953125 0.06579062499999999 0.05230354687499998
1 0.8018232565800268 0.5452397615099196 0.02977021463491963 0.012335742187500021
1 0.901441225512015 0.5373449296875 0.023355671874999945 0.018750328124999972
1 0.610208046875 0.555540159282829 0.03926881219276315 0.021402483089013113
1 0.4415057818919873 0.765726842787019 0.4815113427870191 0.35196704176502375
1 0.405599203125 0.5580689765625 0.025329390625 0.017270039062499975
1 0.7196396958038025 0.55066753125 0.04177704687499997 0.01529632031250001
1 0.8645630848029405 0.532347020227945 0.026931632618377086 0.012494946511766969
2 0.8468240290953701 0.5404535368174384 0.005921156249999981 0.015246977639814929
1 0.7972090785115552 0.8388914783416752 0.404941296875 0.32221704331664985
1 0.4302706875000001 0.5610295546875 0.021381953125000012 0.016283179687500038
1 0.8427779062499999 0.532617196474386 0.01111555169603804 0.011165298617828867
1 0.5881681874999999 0.553628109375 0.026562730232659013 0.019737187499999996
1 0.8797301288950502 0.5412923671875001 0.03157950000000002 0.012335742187500021
1 0.8246855000750283 0.5398120859750142 0.021381953124999954 0.017270039062499975
1 0.9615299843749999 0.5304369140625 0.04473762500000002 0.022697765624999987
1 0.9972400834974936 0.5639901328125 0.005519833005012605 0.023355604976268828
1 0.37183824818669725 0.5604235824845757 0.034101511451853916 0.013097516531651365
4 0.9056079531249999 0.562699679991111 0.020724046874999996 0.052417304080278185
1 0.44606043749999996 0.5558485213799599 0.02014832853240627 0.019737187499999996
1 0.5230354687500001 0.5546151727226946 0.03004447607119764 0.018915144641990976
1 0.19339558537223514 0.7174900438166473 0.17434515625 0.20773389843749995
1 0.4652443929257993 0.5610295546875002 0.03850244622260224 0.014959901888698912
