1 0.19835873437500004 0.5126734453124999 0.08848839062500001 0.057731273437499994
1 0.5042851406249999 0.476653078125 0.016118703124999988 0.010855453125000025
1 0.866791484375 0.49589683593749995 0.016776609375000008 0.014802890625000042
1 0.92830571875 0.5008311328125 0.05723784374999994 0.024178054687499985
1 0.5820469734312073 0.48839524594216427 0.014934680267190832 0.010855453125000025
1 0.16842400000000002 0.46974506250000003 0.007894875000000004 0.007894875000000034
1 0.6204668338510395 0.5236179543563283 0.0569386538266297 0.028035735210488966
1 0.29211012065367004 0.5909636531966751 0.17675815742354656 0.14589160114965488
1 0.9954121562499999 0.4998442734374999 0.007894874999999975 0.01578974999999998
1 0.34211125000000003 0.47566621875 0.024671484374999983 0.011842312499999962
1 0.94935871875 0.4880019609374999 0.018092421875000042 0.01282917187499999
1 0.4697450625000001 0.6345505781249999 0.20625360937500006 0.18158212499999998
1 0.864817765625 0.531917203125 0.05723784374999994 0.05970499218749996
1 0.11776521875 0.47467935937499994 0.032566359375 0.013816031250000017
1 0.7565921875 0.4880019609375001 0.04046123437500005 0.020724046875000023
1 0.787184828125 0.5106997265625001 0.03848751562500006 0.014802890625000042
1 0.8003429531249999 0.5008311328125 0.027303109375000054 0.03404664843749998
1 0.908239578125 0.5028048515624999 0.008552781250000053 0.02171090624999996
1 0.31678117535770517 0.47788633171064304 0.029276828124999987 0.012335870440742802
1 0.9923605898437501 0.49589683593749995 0.015278820312499993 0.013816031250000017
1 0.5615829867071674 0.5461812649251537 0.0969814344683129 0.06822770604004606
1 0.7125124687500001 0.5195814609375 0.045395531249999975 0.036020367187500034
1 0.9939231171875 0.5097128671875 0.012153765624999953 0.008881734374999973
1 0.033224265625 0.47369249999999996 0.034540078125 0.01282917187499999
1 0.6174450156250001 0.5028048515625 0.03848751562500006 0.010855453125000025
1 0.9388322187499999 0.5556008020990578 0.12039684374999998 0.09967279687500001
1 0.51645640625 0.476653078125 0.022697765624999987 0.013816031250000017
1 0.82830396875 0.5077391484375 0.03125054687500004 0.03108607031249999
1 0.603628984375 0.476653078125 0.008552781250000053 0.008881734374999973
1 0.684551453125 0.4840545234375 0.014473937500000034 0.02171090624999996
1 0.7875136957478382 0.5676897653161864 0.19095767382222834 0.09276478125000001
1 0.9019893832478381 0.498856901049529 0.014967067929933483 0.027632190753242813
1 0.6434323124999999 0.55264125 0.12631799999999996 0.08684362500000002
1 0.5368514999999999 0.48800196093750003 0.025987296875000017 0.02516491406250001
1 0.449678921875 0.47369249999999996 0.03256635937500001 0.024178054687499985
1 0.485863765625 0.476653078125 0.024013578125000025 0.011842312499999962
1 0.9615299843749999 0.49885741406249995 0.022697765624999987 0.019737187499999996
1 0.8125140477456763 0.5373445449277716 0.08256774738797112 0.03898094531250003
1 0.19441129687499997 0.4736925 0.00921068750000001 0.013816031250000017
1 0.14506832812499995 0.555601828125 0.15888435937499998 0.1208902734375
1 0.8329093125 0.4909625390624999 0.03914542187500002 0.024178054687499985
