1 0.45905407525042424 0.5057654346199965 0.053948312500000026 0.03157949999999996
1 0.10427814062499999 0.5097128671875 0.08421199999999998 0.046382390625000006
1 0.6039579375 0.4939231171875 0.016776609375000008 0.016776609375000008
1 0.07697503124999999 0.49935084374999994 0.035197984375 0.018750328124999972
1 0.022368812499999998 0.5067522890625 0.044737624999999996 0.04095466406249999
1 0.83883046875 0.481587375 0.004276390624999967 0.006414585937500039
2 0.6664590312499998 0.5013245625 0.010197546874999948 0.027632062500000033
2 0.7278418096025312 0.49777189558447094 0.005592203125000002 0.024868869667235494
1 0.03223740625 0.49293625781249994 0.026645203124999996 0.00937516406250003
1 0.8542912656249999 0.481587375 0.007565921874999996 0.00937516406250003
1 0.885212859375 0.5003377031249998 0.011842312499999962 0.010362023437499968
1 0.8408041875 0.5003377031249999 0.005592203125000002 0.013816031250000017
1 0.895739359375 0.5003377031249998 0.01250021875000004 0.01578974999999998
2 0.660208921875 0.4993508437500001 0.008881734375000032 0.032072929687500015
1 0.844422671875 0.481587375 0.005592203125000002 0.006414585937500039
1 0.886528671875 0.4909625390625001 0.007565921874999996 0.00937516406250003
1 0.7546184687499999 0.5003377031249999 0.029276828125000046 0.03157949999999996
2 0.7138284391080357 0.4980351101790177 0.005592203125000002 0.024671484375000042
1 0.6934329770240223 0.5030514973438198 0.03914542187500002 0.03552693749999998
1 0.776329375 0.482574234375 0.06579062499999999 0.02220433593750002
1 0.8699165513937412 0.4988574165287482 0.011842312499999962 0.013816031250000017
1 0.973372296875 0.5003377031249999 0.037171703125000025 0.019737187499999996
1 0.941134890625 0.5077391484375 0.023026718749999966 0.02516491406250001
1 0.1978104484729692 0.5064233194944479 0.04177705674083132 0.033553218750000016
1 0.8569228906250002 0.4909625390625001 0.008552781250000053 0.00937516406250003
1 0.05340030723355619 0.5009956883040176 0.04539553125 0.031908492589508876
1 0.8648177656250001 0.4825742343750001 0.008552781250000053 0.00937516406250003
1 0.76382915625 0.5047785703125001 0.007565921874999996 0.02516491406250001
1 0.243754265625 0.5013245625 0.06513271875 0.04292838281250004
1 0.8240275781249998 0.49589683593749995 0.021052999999999975 0.029605781249999998
1 0.80461934375 0.49836398437499996 0.011842312499999962 0.01282917187499999
1 0.811527359375 0.49589683593749995 0.00296057812500005 0.008388304687500004
