2 0.5713914629441822 0.5348769173938659 0.007565921874999996 0.022204508708726856
1 0.7802768125 0.5240223281249999 0.01250021875000004 0.013322601562499958
1 0.420073140625 0.5333974921875001 0.010197546875000008 0.012335742187500021
1 0.83751465625 0.525996046875 0.02532939062499994 0.046382390625000006
1 0.4315865 0.5333974921874999 0.02203985937500003 0.013322601562499958
1 0.9513324375 0.5314237734375 0.02532939062500006 0.013322601562499958
1 0.9210687500000001 0.520074890625 0.01250021875000004 0.011348882812499994
1 0.8414620937499999 0.5363580703125 0.01578974999999995 0.046382390625000006
1 0.4704332498547867 0.5280134626873243 0.007565921874999996 0.003947437500000017
1 0.984219 0.5250091875 0.03156200000000003 0.023684625000000015
1 0.442113 0.5314237734375 0.007565921874999996 0.012335742187500021
1 0.523693375 0.5363580703124999 0.01578975000000001 0.016283179687500038
1 0.8710678749999999 0.5314237734375 0.008881734375000032 0.022697765624999987
1 0.516127453125 0.5261577737193411 0.010855453125000025 0.013322601562499958
1 0.5187590781249999 0.5314237734375 0.012500218749999981 0.011348882812499994
1 0.6431033593750001 0.525996046875 0.010855453125000025 0.013322601562499958
1 0.767447640625 0.7174467656249999 0.23553043750000005 0.21217476562499993
1 0.896397265625 0.5240223281249999 0.01842137500000002 0.019737187499999996
1 0.8806075156249998 0.52106175 0.020724046874999996 0.013322601562499958
1 0.71053875 0.5314237734375 0.007565921874999996 0.016283179687500038
1 0.6000105 0.525996046875 0.03552693750000001 0.016283179687500038
1 0.47500884209069966 0.5248835462182327 0.005592203125000002 0.003947437500000017
1 0.06118528125 0.5600426953125 0.022039859375 0.013322601562499958
1 0.496390265625 0.5610295546875002 0.0618431875 0.07944217968750004
1 0.423457130527029 0.5333254090806522 0.00916345817398548 0.013322601562499958
1 0.42961278125 0.5314237734375 0.007565921874999996 0.008388304687500004
1 0.928634671875 0.5240223281249999 0.04111914062500001 0.016283179687500038
1 0.046711343749999995 0.5610295546874999 0.033553218749999995 0.013322601562499958
1 0.750342078125 0.5230354687500001 0.014473937500000034 0.012335742187500021
1 0.814816890625 0.5250091875 0.027303109375000054 0.016283179687500038
1 0.4947455 0.5240223281249999 0.01578975000000001 0.003947437500000017
1 0.550996484375 0.5314237734375 0.02532939062499994 0.013322601562499958
1 0.476324125 0.5333974921874999 0.012500218749999981 0.013322601562499958
1 0.768763453125 0.5230354687500001 0.01578974999999995 0.016283179687500038
1 0.4490210156250001 0.5343843515625 0.01578975000000001 0.022697765624999987
