2 0.6658011250000001 0.5353712109375 0.01644765625000003 0.07401445312500003
1 0.5968443295255196 0.5140303870140591 0.024342558079157684 0.013014213038279543
1 0.18881909374999997 0.5363580703125 0.11315987499999998 0.066119578125
1 0.7406440422294218 0.5787930234374999 0.08289618749999998 0.09510401129668367
1 0.0373361796875 0.5343843515625 0.074672359375 0.058718132812500025
2 0.808895734375 0.5109464414062499 0.007236968750000017 0.02171090624999996
2 0.1407919375 0.5363580703124999 0.017105562499999987 0.06809329687499996
2 0.7957376081414304 0.5136603046875001 0.00814158891857275 0.01696164203839805
1 0.6125435533870658 0.5586610707726407 0.052796923025352174 0.08062636810778168
1 0.08519885937499999 0.5304369140625 0.07138282812499999 0.046382390625000006
1 0.500337703125 0.6631694999999999 0.22039859375000007 0.33158474999999993
1 0.5021034836015448 0.47093901272454264 0.17763468750000003 0.08980420312500001
1 0.3472118426028562 0.5309304128322287 0.09852102341671815 0.05575755468750003
1 0.8318043712230743 0.593102484375 0.15176547252692577 0.15072380009566713
1 0.9204108437499999 0.671064375 0.15789749999999997 0.17921533553990576
