1 0.489811203125 0.5373449296875 0.06973806249999998 0.06266557031249995
1 0.41513884375 0.5082325781249999 0.027961015625000012 0.027138632812499973
1 0.48092946875000003 0.5580689765625 0.06776434374999998 0.02220433593750002
2 0.168752953125 0.54277265625 0.015131843749999992 0.06019842187500002
1 0.7039596875 0.5363580703125 0.07302759375000001 0.029112351562500027
1 0.70461759375 0.6458994609375 0.18552956250000002 0.21562877343749998
1 0.58422075 0.5610295546874999 0.04868506250000001 0.057731273437499994
2 0.418099421875 0.5255026171874999 0.005592203125000002 0.008388304687500004
1 0.394414796875 0.5343843515625 0.018092421874999983 0.029112351562500027
1 0.81514584375 0.6000105 0.11579150000000003 0.11792969531250001
1 0.06118528125000001 0.5393186484375 0.07993560937500002 0.04292838281249996
1 0.60198421875 0.5733652968749998 0.06710643750000003 0.07500131249999997
1 0.380598765625 0.5393186484375 0.025329390625 0.03404664843749998
1 0.5542848323285542 0.5324101890763329 0.021052852087944274 0.029606003118083635
1 0.36513796875 0.5442529453125001 0.03388217187499999 0.032072929687500015
1 0.5616546127319354 0.5355686534729033 0.018092421875000042 0.026151773437500036
1 0.48224528125 0.6789592499999999 0.17697678124999996 0.24572798437500004
1 0.93380693359375 0.6222148359374999 0.13238613281249995 0.09868593749999999
1 0.7494646466953008 0.5442531278458904 0.07533026562499998 0.030757421409817277
1 0.5789575000000001 0.5304369140625 0.024013578125000025 0.019737187499999996
1 0.6121817656249999 0.6000105 0.06908015625000002 0.09671221875000002
1 0.5446268286751296 0.5309755951581995 0.006220262940103656 0.021486576232422294
1 0.435204984375 0.5412923671875001 0.06315899999999998 0.06266557031250004
1 0.41316512499999997 0.5373449296875 0.027961015625000012 0.03898094531250003
1 0.8599929656319338 0.800835689093702 0.27983030621186417 0.31875557812500005
