1 0.5279697656250001 0.4840545234375 0.01513184375000005 0.02565834374999998
1 0.840475234375 0.5166208828124998 0.08256723437499999 0.049836398437499964
1 0.1907928125 0.5807667421875 0.11579149999999999 0.08388304687500003
1 0.641129640625 0.576325875 0.11875207812499997 0.14950919531249998
1 0.4720477343749999 0.4583961796875 0.016118703124999988 0.022697765624999987
1 0.471060875 0.46974506250000003 0.005592203125000002 0.011348882812499994
1 0.53356196875 0.4870151015625 0.02171090625000005 0.024178054687499985
1 0.46053437499999994 0.4743488096935803 0.006579062499999999 0.01282917187499999
1 0.474021453125 0.46678448437500003 0.005592203125000002 0.005921156249999981
1 0.8776469375 0.4939231171874999 0.052303546875000016 0.024178054687499985
1 0.44441567187500003 0.4840545234375 0.016118703124999988 0.024178054687499985
1 0.4549421718749999 0.4781333671875 0.006579062499999999 0.01578974999999998
1 0.7342233749999999 0.5195814609375 0.08552781250000005 0.03996780468749996
2 0.36744064062500004 0.5097128671875 0.011513359374999983 0.041448093749999956
1 0.5013245625 0.46678448437500003 0.007565921874999996 0.008388304687500004
1 0.15395006249999998 0.7105387500000001 0.26316249999999997 0.27632062500000004
1 0.506258859375 0.46826477343749995 0.011513359374999983 0.01578974999999998
1 0.32105825 0.5649769921875 0.060856328125000005 0.06414585937500003
2 0.29539990624999996 0.4998442734375 0.010526499999999987 0.017270039062499975
1 0.446389390625 0.4781333671875 0.021052999999999975 0.02565834374999998
1 0.277307484375 0.52106175 0.051316687499999986 0.041448093749999956
1 0.41612570312499997 0.5037917109375 0.026645203124999975 0.03108607031249999
1 0.48257423437499997 0.46974506250000003 0.021052999999999975 0.01578974999999998
1 0.471060875 0.46974506250000003 0.006579062499999999 0.009868593749999998
1 0.7181046718750002 0.630603140625 0.17763468750000003 0.20773389843750004
1 0.431257546875 0.4939231171875 0.017105562499999987 0.017270039062499975
1 0.9098843437499998 0.46826477343749995 0.021052999999999975 0.024178054687499985
1 0.347703453125 0.54672009375 0.04736924999999997 0.06957358593749996
1 0.431257546875 0.48800196093750003 0.026645203124999975 0.02861892187499997
1 0.4644818124999999 0.4697379073016533 0.006579062499999999 0.01282917187499999
1 0.256254484375 0.58224703125 0.053290406249999984 0.08832391406250002
