1 0.7296180312499999 0.38388829687500003 0.039803328124999975 0.014309460937499985
1 0.15921331249999998 0.45099473437499993 0.043092859375 0.02861892187499997
1 0.38032556935917355 0.44359328906249995 0.018878564786391175 0.027933137195413238
1 0.6501515881939472 0.39103089565947363 0.02008772048486828 0.01160772934052634
1 0.8084023117462534 0.3725394140625 0.02018947157654954 0.00900508650280991
1 0.7783030937500001 0.379940859375 0.04177704687499997 0.013322601562500003
1 0.17434515625 0.4796136562500001 0.09671221875 0.06266557031250004
1 0.6361953437499999 0.39326343626570714 0.010197546874999948 0.010361974093914438
1 0.418757328125 0.41990866406249994 0.0425614974989933 0.02459555775060407
1 0.516785359375 0.40954664062500007 0.022697765624999987 0.012335742187500021
1 0.63487953125 0.39721089843749996 0.03157950000000002 0.012335742187499976
1 0.3891515468749999 0.4245629086865092 0.030992719562169726 0.02171090624999996
1 0.10181101161625754 0.45876627623907196 0.02483600627126754 0.01332264042001503
1 0.18520060937499996 0.4455670078125 0.016447656249999998 0.011348882812499994
1 0.8360390777317604 0.3676051171875 0.0302260903651644 0.01529632031250001
1 0.960872078125 0.3695788359375 0.05131668749999996 0.037007226562500016
1 0.6811522865500088 0.3861909215999735 0.026864473774982283 0.017927815649927136
1 0.9937673906250001 0.3715525546875 0.006250109374999961 0.028618921875000015
1 0.46810029687500004 0.4149743671875 0.021381953125000012 0.014309460937499985
1 0.547706953125 0.4149743671875 0.06118528124999999 0.027632062500000033
2 0.45987646875 0.4149743671875 0.007565921874999996 0.017270039062499975
1 0.12128249752328445 0.45494217187499986 0.041119140624999995 0.02171090624999996
2 0.532575109375 0.39967804687499997 0.003289531250000029 0.004934296875000044
1 0.07130058842329255 0.5092642962939081 0.1426011768465851 0.08195418691890807
