1 0.0960543125 0.561522984375 0.06875120312500001 0.06217214062499998
1 0.3256635937499999 0.563496703125 0.07072492187499997 0.044902101562500005
1 0.37961190624999996 0.5412923671875001 0.05000087499999998 0.023191195312499958
1 0.2427673996709375 0.5639901377467968 0.05493517516453122 0.04638238569070312
1 0.19824905506704055 0.5426082008872195 0.04627273251676014 0.021217476562499994
1 0.4278145556245813 0.5314895570455118 0.007938730738674415 0.010921236733011685
1 0.15197634375 0.5605361249999999 0.050000875000000014 0.04884953906250002
1 0.18789801447318416 0.5652730815804474 0.0539483125 0.04450734202227631
1 0.44704729687499994 0.5462266640625 0.026645203124999975 0.030099210937499964
1 0.3049395468750001 0.5422792265624999 0.025329390625 0.02516491406250001
1 0.24560146199583874 0.5392427369078104 0.025329390625 0.011766400970310453
1 0.96317475 0.6315899999999999 0.07138282812499999 0.13125229687499998
1 0.27961015625 0.5472135234375 0.051316687499999986 0.055264124999999976
1 0.4723766874999999 0.5324106328125 0.010526499999999987 0.013816031250000017
1 0.22006964062499995 0.5605361249999999 0.02598729687499999 0.0379940859375
1 0.3914542187499999 0.5314237734375 0.008552781249999994 0.005921156249999981
1 0.32566359375 0.5353712109375 0.025987296875000017 0.029112351562500027
1 0.43689366117308537 0.5287263360597491 0.008552781249999994 0.009868593749999998
1 0.37632237499999993 0.5926090546875 0.19474024999999998 0.09523192968750002
1 0.46579762499999994 0.5274763359375001 0.003289531250000029 0.003947437500000017
1 0.4579027434207401 0.5269829161188898 0.004934303454259848 0.006908015625000008
