1 0.0986859375 0.561522984375 0.068093296875 0.06019842187500002
1 0.19934559374999997 0.58224703125 0.14605518749999996 0.07993560937500002
1 0.4891532968749999 0.5482003828125 0.07467235937499997 0.029112351562500027
1 0.25099123437500004 0.565470421875 0.05460621875000002 0.045888960937500035
1 0.20362198437499998 0.5422792265624999 0.04276390625 0.020230617187499966
1 0.31941348437499995 0.5491872421874999 0.005263250000000023 0.023191195312499958
1 0.432483587795533 0.5314237734375 0.007894874999999975 0.00995832047238574
1 0.15066053124999998 0.5501741015624999 0.04144809374999999 0.033059789062499956
1 0.4381655625 0.5442529453125 0.026645203124999975 0.01924375781250003
1 0.30822907812499994 0.5491872421874999 0.027303109374999992 0.03996780468749996
1 0.24671483109795186 0.538825223494518 0.025329390625 0.011348887557018017
1 0.0429283828125 0.6424454531249999 0.085856765625 0.126318
1 0.28092596875 0.5472135234375 0.050000875000000014 0.055264124999999976
1 0.46974506250000003 0.5333974921875 0.012829171875000019 0.011842312499999962
1 0.222043359375 0.5472135234375 0.022697765624999987 0.011842312499999962
1 0.400335953125 0.5353712109375 0.008552781249999994 0.010855453125000025
1 0.33989052733580066 0.5368515468762892 0.025658375000859362 0.030592687501289094
1 0.4403201648430391 0.528019115008336 0.008256727713890655 0.009868593749999998
1 0.44770520312500006 0.587181328125 0.192108625 0.0942450703125
1 0.46513971875 0.5274763359375001 0.003289531250000029 0.003947437500000017
1 0.45888960937500006 0.5274763359375 0.004605343750000005 0.005921156249999981
