1 0.598365734375 0.6117515945804483 0.14050515953085518 0.08684362500000002
2 0.8118563125 0.5664572812499999 0.011513359374999983 0.07401445312500003
1 0.94729401171875 0.7044529171010272 0.10541197656249998 0.28986219516837863
1 0.76646078125 0.5517582498715077 0.07796189062499993 0.037786367444484804
2 0.81383003125 0.569417859375 0.010526500000000046 0.06710643750000003
1 0.855607078125 0.5521478203125 0.07894874999999998 0.037462737262205434
1 0.11019929687499999 0.6404717343749999 0.19671396874999997 0.20378646093750002
1 0.43882346875 0.6320834296875001 0.176647828125 0.11694283593749999
1 0.94672709375 0.5708981484375 0.09112001562499993 0.07549474218750003
1 0.692446328125 0.5490227668243064 0.07302759518916749 0.0345400766858325
1 0.7141572343750001 0.5965566953139105 0.10263351041760711 0.07401465625141057
