2 0.900344703125 0.589155046875 0.03125054687500004 0.12829171874999998
1 0.292439328125 0.4870151015625 0.10278976198367254 0.07279301327449117
1 0.09336288371308213 0.450860159705959 0.06635881480397263 0.05131668750000005
2 0.964819515625 0.59803678125 0.029276828125000046 0.12977200781249998
1 0.40329653125 0.49540340625 0.13750240625000001 0.10510052343750002
1 0.141120890625 0.45938303906249994 0.06045261758515276 0.06217214062499998
1 0.045066578125 0.43865899218750004 0.05986946875 0.04835610937499997
1 0.5322299770923452 0.5215551796875 0.16151598437499998 0.12039684375000004
1 0.21414848437499998 0.47023849218749997 0.10091550512702788 0.06422808966081268
4 0.478626796875 0.6932687109375 0.17105562500000004 0.33750590624999993
