1 0.866133578125 0.537838359375 0.020724046874999996 0.011842312499999962
1 0.862844046875 0.525996046875 0.027303109375000054 0.007894875000000034
2 0.3684275 0.5363580703124999 0.011513359374999983 0.03404664843749998
1 0.9342184962965575 0.5353715735992538 0.13156300740688506 0.06710648930882197
1 0.6355374375 0.528956625 0.029934734375000004 0.013816031250000017
2 0.39112512746814143 0.5368517590441098 0.012335828535536624 0.03404664843749998
1 0.0697380625 0.54277265625 0.02730310937500001 0.011842312499999962
1 0.033882171875 0.541785796875 0.028618921874999998 0.009868593749999998
2 0.38882242105392684 0.5415394187885927 0.007565990953429314 0.024671484375000042
1 0.843106859375 0.5388252187500001 0.05986946875000001 0.026151773437500036
2 0.356914140625 0.544746375 0.006908015624999978 0.017270039062499975
