1 0.41941523437499995 0.5343843515625 0.006908015624999978 0.007401445312499977
1 0.4031869269922319 0.5463912809766959 0.011513359374999983 0.017270039062499975
4 0.48586664407038677 0.6301097685064077 0.1172167844383982 0.16710811074145634
1 0.41184931250000006 0.5398825682817534 0.006626055937835732 0.012053782970260673
1 0.450994734375 0.5393186484375 0.007565921874999996 0.014309460937499985
1 0.450336828125 0.5333974921875001 0.006908015624999978 0.00937516406250003
1 0.03659603515625 0.6113593828124999 0.0731920703125 0.09375164062500004
1 0.38224353125 0.5521479017263631 0.020724046874999996 0.02565834374999998
1 0.422046859375 0.5304369140625 0.006908015624999978 0.00937516406250003
4 0.7891585468750002 0.636524296875 0.08783048437500002 0.11940998437500001
1 0.7167230692763209 0.5477069531249998 0.13052860184212278 0.06286294060853762
1 0.406257109375 0.5403055078125 0.00953964062499999 0.014309460937499985
1 0.37660433032342744 0.5600426953125 0.008881734374999973 0.036020367187500034
1 0.39112526562500005 0.5477069531249998 0.01578975000000001 0.01809239994471854
1 0.45987646875 0.544746375 0.013158124999999998 0.02861892187499997
1 0.35591296660251825 0.5600426953125 0.039803328124999975 0.04736925000000003
1 0.4736925 0.55066753125 0.03157950000000002 0.04243495312499999
