1 0.49014015624999996 0.5946003048222672 0.07763293750000001 0.1041136640625
1 0.07742360526998691 0.6613751995838382 0.15484721053997383 0.1729246732987794
1 0.22346881682491507 0.686854125 0.2247846476001699 0.21447741922474517
1 0.8161327031250001 0.5570821171875 0.118094171875 0.054770695312500006
1 0.19801981410725375 0.5807667421875 0.14013403125000004 0.14309460937500001
1 0.9052789473685526 0.631096649259671 0.12944285731957236 0.11546254687499999
1 0.8381725625 0.5324106328125 0.006908015625000038 0.004934296875000044
1 0.45245672877024035 0.5363580703124999 0.006908015624999978 0.008388304687500004
1 0.03307987129830543 0.9116724042024646 0.06615974259661087 0.17665519159507054
1 0.908380553336337 0.5374858884510163 0.04605343750000005 0.023543616893021646
1 0.8408041875 0.5393186484375001 0.008881734375000032 0.012335742187500021
1 0.9936489900402097 0.5333974921875 0.012702019919580702 0.005921152138113328
1 0.36250634374999996 0.5437595156249999 0.025329390625 0.03108607031249999
1 0.934226875 0.5600426953125 0.07138282812499999 0.04342181250000001
1 0.31037824095397754 0.5469832598684663 0.036513796875000004 0.044145505756533684
1 0.735210234375 0.55264125 0.030263687499999983 0.024671484375000042
1 0.9359812905701562 0.5389896936677342 0.03486903125000005 0.016612129522968734
1 0.45738579888858893 0.5366400383913037 0.005968160563404901 0.008106355875904914
1 0.9689226796875 0.5600426953125 0.06215464062499999 0.05230354687499998
1 0.33619009375 0.5507771676714303 0.015131843749999992 0.02861892187499997
1 0.9697538125 0.5373449296875 0.01907928124999998 0.010362023437499968
1 0.353624609375 0.62172140625 0.09144896875000003 0.10065965625000003
1 0.053619359374999995 0.5383317890624999 0.013816031250000001 0.012335742187500021
1 0.6658011250000001 0.5787930234374999 0.13585764062500008 0.22298536660764193
1 0.0302636875 0.5383317890624999 0.016447656249999998 0.012335742187500021
1 0.976003921875 0.5383317890624999 0.030263687499999983 0.014309460937499985
1 0.787842734375 0.551654390625 0.10493604687500001 0.05575755468750003
1 0.517443265625 0.6528074765625 0.13585764062500008 0.18651642187499995
1 0.93750765625 0.8312146777343749 0.12498468750000005 0.3375706445312501
1 0.4753671670532386 0.8205735703125001 0.2624547580362687 0.34882488763426134
1 0.47638991154598936 0.5315224532564841 0.006908015624999978 0.006414585937500039
1 0.499679796875 0.5314237734375 0.003289531250000029 0.003947437500000017
1 0.84212 0.54277265625 0.008223828124999954 0.010362023437499968
1 0.0245070078125 0.5787930234374999 0.049014015625 0.017270039062499975
1 0.7335654687499998 0.5649769921875 0.021381953124999954 0.02565834374999998
1 0.82567234375 0.5847141796875 0.06381690625 0.04736925000000003
1 0.769421359375 0.6908015625000001 0.21513537006572367 0.23141852343750005
1 0.26842574999999996 0.5551083984374999 0.025329390625000028 0.032072929687500015
1 0.2861892187499999 0.5487774436014703 0.019759493252942247 0.03051736644485148
1 0.44388611221881447 0.5367431921718597 0.008223828125000015 0.011276677593739848
