1 0.975346015625 0.5308070083772994 0.021381953124999954 0.01770166876860273
1 0.958898359375 0.5620164140625 0.06447481249999995 0.05131668750000005
1 0.8019877236841242 0.5457332195726275 0.03125054194087582 0.012335742187500021
1 0.9023549653995361 0.5352615803638912 0.023355671874999945 0.018750328124999972
1 0.6102080468749999 0.5553242775494688 0.03854920641489639 0.02205012828909316
1 0.4426995670725082 0.7678300981331189 0.48307757240710103 0.3532956562500001
1 0.404941296875 0.5580689765625 0.025329390625 0.017270039062499975
1 0.722052109375 0.55066753125 0.04177704687499997 0.01529632031250001
1 0.8647116488280404 0.5312327900396963 0.028491554881925413 0.011826408398817722
2 0.8498175104932995 0.5387265272862753 0.005921156249999981 0.01322391009877535
1 0.7974146786754186 0.8387989582679365 0.404941296875 0.32240208346412685
1 0.4285436775801621 0.5584390398077431 0.021381953125000012 0.017270039062499975
1 0.8427779062499999 0.5319745609070454 0.011329763551818198 0.010201345266818151
1 0.5881681874999999 0.55264125 0.030263687499999983 0.022697765624999987
1 0.8797305178364049 0.5393186484375001 0.03157950000000002 0.012335742187500021
1 0.8238836597835913 0.5392261310457042 0.021381953124999954 0.017270039062499975
1 0.9651484687499999 0.528956625 0.05065878125 0.019737187499999996
1 0.9972400575428941 0.5639901328125 0.005519884914211796 0.022697765624999987
1 0.3708686765950156 0.5606659753824961 0.032566356431691305 0.01358230232749218
4 0.9056079531249999 0.5602221319563812 0.020724046874999996 0.057731273437499994
1 0.4468020778816966 0.5560952578125 0.024545883177454954 0.02023959229018013
1 0.5225969698557023 0.5546150871814152 0.02642579576929756 0.019737187499999996
1 0.19331478879563616 0.7176112386815457 0.17434515625 0.20773389843750004
1 0.46503505444290216 0.5610295546875 0.039130461671293484 0.0146458941643532
