1 0.23322776562499997 0.5630032734375 0.04671134374999998 0.04835610937499997
1 0.15855540625 0.5600426953125 0.050359666031347255 0.054635872617552206
1 0.07138282812499999 0.5314237734375 0.05822470312499999 0.04342181250000001
1 0.6697485625000001 0.6123462421875001 0.2565834375 0.13569316406250004
1 0.2836891478932505 0.5600426953125 0.055593078125000014 0.05595488590237574
1 0.19638501562500002 0.5551083984374999 0.04318253566659648 0.054411780062394756
1 0.003031848675341636 0.5064891226223874 0.006063697350683272 0.013322601562499958
1 0.25457102299200024 0.545733234375 0.025987296875000017 0.023742668636999652
1 0.9395021032838826 0.920772166015625 0.12099579343223468 0.15845566796875002
1 0.9926895696961914 0.6064250859375001 0.014620860607617202 0.03898088116664065
