1 0.02960578125 0.5674441406249999 0.056908890625 0.045395531249999975
1 0.004276390625 0.5240223281249999 0.008223828124999999 0.014309460937499985
1 0.065790625 0.52698290625 0.006908015624999994 0.012335742187500021
1 0.17697686677824015 0.5383317890624999 0.01743453700706003 0.016283179687500038
1 0.32796626562500003 0.544746375 0.03157950000000002 0.022697765624999987
1 0.21546429687500002 0.5314237734375 0.022039859375 0.007401445312499977
1 0.11940998437499999 0.5437595156249999 0.04309285937499999 0.019737187499999996
1 0.528627671875 0.5383317890624999 0.008223828125000015 0.007401445312499977
1 0.535206734375 0.5526412500000001 0.02203985937500003 0.032072929687500015
1 0.040461234375 0.549680671875 0.032237406249999996 0.024671484375000042
2 0.4315865 0.57435215625 0.01644765625000003 0.06069185156249999
1 0.26645203125 0.5536281093750001 0.032237406249999975 0.023684625000000015
1 0.08092246875 0.5560952578125 0.039803328125 0.016283179687500038
1 0.19210862499999998 0.52698290625 0.00953964062499999 0.012335742187500021
1 0.3608615781250001 0.55066753125 0.025329390625 0.02565834374999998
1 0.104936046875 0.5437595156249999 0.024013578124999994 0.016283179687500038
1 0.05559307812500001 0.6083988046875 0.0960543125 0.09375164062500004
1 0.2565834375 0.5333974921874999 0.013158124999999998 0.010362023437499968
1 0.2708602270588207 0.5365555590225368 0.030000466582481553 0.014704146269981599
1 0.231911953125 0.5383317890624999 0.023355671875000004 0.003947437500000017
1 0.15855540625 0.54672009375 0.04473762499999999 0.04243495312499999
2 0.44737625 0.5787930234374999 0.015131843749999992 0.05575755468750003
1 0.30132106249999996 0.55066753125 0.05822470312499999 0.0379940859375
1 0.2571586327451771 0.5300671809246555 0.013650855878740101 0.0106086766216535
2 0.6066991185104471 0.5574109825913742 0.004386078217135747 0.014309526728344313
1 0.2250039375 0.569417859375 0.10559395312499996 0.06167871093750001
1 0.29309723437499996 0.5664572812499999 0.052961453124999974 0.04440867187500004
1 0.17829259375 0.544746375 0.00953964062499999 0.004934296875000044
1 0.408230828125 0.5447463749999999 0.03157950000000002 0.02171090624999996
1 0.022039859375 0.5383317890624999 0.024013578124999994 0.016283179687500038
2 0.3473745 0.5551083984374999 0.015131843749999992 0.04736925000000003
1 0.24974164089513515 0.5445490323337592 0.018092275831203906 0.0115462254787408
1 0.345071828125 0.5333974921875 0.010855453125000025 0.011348882812499994
1 0.048027156249999994 0.5343843515625 0.022039859375 0.016283179687500038
1 0.185200609375 0.5383317890624999 0.007565921874999996 0.003947437500000017
1 0.07697503124999999 0.5333974921875 0.025329390625 0.02861892187499997
1 0.516785359375 0.544746375 0.010855453125000025 0.016283179687500038
1 0.437836609375 0.54672009375 0.029605781250000025 0.019737187499999996
1 0.12697590625 0.577312734375 0.105593953125 0.06167871093750001
1 0.12434428125 0.5333974921875 0.021381953125000012 0.011348882812499994
1 0.0940804654576398 0.5314237734375 0.018091951469679228 0.020970457024394484
1 0.485205859375 0.5393186484374999 0.010855453125000025 0.010362023437499968
1 0.3825066363947991 0.5459307783156028 0.025329390625 0.026645203125000006
1 0.30066315624999995 0.5333974921875 0.02203985937500003 0.0029605781249999906
1 0.44606043749999996 0.54573317022882 0.010855453125000025 0.014309460937499985
