1 0.8164616562500001 0.7579079999999999 0.298360484375 0.29704467187500005
1 0.69409109375 0.66119578125 0.175989921875 0.18207555468749997
1 0.21579325 0.6537943359374999 0.135199734375 0.17072667187499996
1 0.547049046875 0.5797798828125 0.011842312499999962 0.029112351562500027
1 0.4079018750000001 0.5797798828125 0.03815856250000002 0.03059264062500002
1 0.5565886875 0.568431 0.018750328125 0.05723784375000003
1 0.09646550390625 0.7248482109375001 0.1929310078125 0.27632062500000004
1 0.57435215625 0.568431 0.04079018750000003 0.07006701562500002
1 0.9013315624999999 0.844537279296875 0.19276653125000004 0.31092544140625
1 0.6220503593749999 0.587181328125 0.09934384375000001 0.1208902734375
1 0.350992984375 0.5580689765625001 0.080593515625 0.1337194453125
1 0.5776406430999381 0.5794095755568611 0.03840647840382114 0.08523833358552757
1 0.29046560937500004 0.5861944687499999 0.144410421875 0.16825952343750003
