1 0.5966242470837385 0.52698290625 0.02316222854247698 0.032421276875607676
1 0.113159875 0.5373449296875 0.11677835937500002 0.05970499218749996
1 0.199016640625 0.5343843515625 0.07138282812499999 0.04243495312499999
1 0.7447498749999999 0.577312734375 0.07763293749999996 0.095725359375
1 0.417441515625 0.5146471640625 0.007565921874999996 0.019737187499999996
2 0.8085814246388613 0.511182173708354 0.007887553305569384 0.018750328124999972
2 0.3013210624999999 0.527969765625 0.012500218749999981 0.04440867187500004
1 0.6631695000000001 0.6009973593750001 0.12500218750000006 0.12779828906250001
1 0.35494042187499997 0.5314237734375 0.04177704687499997 0.03898094531250003
1 0.500337703125 0.6631694999999999 0.22039859375000007 0.33158474999999993
1 0.5022534722907467 0.4715014703090502 0.17763468749999997 0.08980420312500001
2 0.8539623124999999 0.5126734453124999 0.013158124999999998 0.01529632031250001
1 0.262175640625 0.5674441406249999 0.09046210937500003 0.09276478125000001
1 0.02754982421875 0.5363580703125 0.0550996484375 0.046382390625000006
1 0.8313095348427169 0.5931024843749999 0.15226030890728323 0.14961041823986276
1 0.9204108437499999 0.671064375 0.15789749999999997 0.18068726375173708
