1 0.439152421875 0.54277265625 0.013816031250000017 0.014309460937499985
2 0.6316917404439991 0.568624303353978 0.007647312236130451 0.033802477354108615
1 0.4736925 0.5363580703124999 0.013158124999999998 0.019737187499999996
1 0.41645465625 0.5363580703124999 0.017763468750000004 0.02171090624999996
1 0.44290249486859423 0.5391212655096085 0.011118602729960141 0.012730480411054313
1 0.449678921875 0.5403055078125 0.013816031250000017 0.013322601562499958
1 0.49639026562499994 0.5373449296875 0.00855276397991774 0.012335742187500021
1 0.4958419621702083 0.5727073643087499 0.03958399095333333 0.05131664802562499
1 0.418757328125 0.545733234375 0.020066140624999975 0.019737187499999996
1 0.387835734375 0.5600426953125 0.036513796875000004 0.04835610937499997
1 0.561522984375 0.571391578125 0.03486903125000005 0.0379940859375
1 0.503627234375 0.5393186484375 0.00953964062499999 0.014309460937499985
1 0.483890046875 0.5363580703124999 0.008881734374999973 0.010362023437499968
1 0.19770082812499998 0.5620164708056373 0.133226015625 0.16406538527953432
1 0.8353602452255043 0.5570821171875 0.03826512434924337 0.04364420377575664
1 0.768951429158884 0.5606066234141519 0.07932470206776791 0.04525454922458705
1 0.2918471959209615 0.5913261430263461 0.08756733292769235 0.09848856009865381
