2 0.77961890625 0.496390265625 0.004605343749999946 0.007894875000000034
1 0.7684344999999998 0.4884953906250001 0.010197546874999948 0.01529632031250001
1 0.7774250587170375 0.5792861149296972 0.15215861950753673 0.18947700000000003
1 0.7883898692073738 0.48849539062499997 0.009539400544437271 0.010855453125000025
1 0.7233679218749999 0.516127453125 0.011842312499999962 0.027632062500000033
1 0.72040734375 0.492442828125 0.026645203124999975 0.03750065625000003
1 0.68356459375 0.5353712109375 0.026645203124999975 0.05378383593749998
1 0.8414620937499999 0.5176077421875 0.04243495312500004 0.03996780468749996
1 0.71119665625 0.5230354687500001 0.01578974999999995 0.03996780468749996
1 0.758236953125 0.492442828125 0.021381953124999954 0.009868593749999998
1 0.7536316093750001 0.506258859375 0.05065878125 0.026151773437500036
1 0.5908646141107897 0.5154371460696053 0.005592203125000002 0.009720670809558296
1 0.60330003125 0.7584014296875001 0.24803065624999998 0.30444611718750003
1 0.7684344999999999 0.48010708593749996 0.01578974999999995 0.01924375781250003
1 0.911529109375 0.5368514999999998 0.056250984375 0.058224703124999964
1 0.6873460308807199 0.5230354687500001 0.04934476146385916 0.06291268851686835
1 0.7530099133401903 0.5177904331857482 0.07474543577429932 0.05287005296179927
1 0.820080140625 0.5077391484375 0.023026718749999966 0.03059264062500002
1 0.9607810898437499 0.5245157578125 0.07843782031250003 0.12434428124999997
1 0.73882871875 0.4968836953125001 0.013816031249999956 0.020724046875000023
1 0.710209796875 0.5146471640625 0.027632062500000033 0.04292838281250004
1 0.9018162421875 0.7056044531250001 0.19636751562500004 0.28766950781250006
1 0.585865515625 0.5131668750000001 0.006579062500000058 0.012335742187500021
1 0.7679402635912635 0.492442828125 0.005592203125000002 0.005427726562500013
2 0.8776469375 0.492442828125 0.008881734375000032 0.0281254921875
1 0.6411290267121809 0.5422792265624999 0.08996940870897241 0.12779748330192522
1 0.618102921875 0.5728718671874999 0.13651554687500003 0.11496911718750003
