1 0.39934909375 0.533890921875 0.032237406249999975 0.04835610937499997
2 0.19908250862256038 0.5382330344371148 0.015131843749999992 0.04075720218268479
2 0.8263302499999999 0.5393186484375 0.014144984375000055 0.05575755468750003
2 0.21184603572887503 0.5319876855275003 0.012688183572222744 0.021146958913335023
1 0.911529109375 0.5329040625 0.020395093750000017 0.04292838281249996
1 0.402309671875 0.492442828125 0.026645203124999975 0.033059789062500046
1 0.497377125 0.5768193046875 0.18355584375000003 0.34737450000000003
1 0.21217476562499998 0.5422792265624999 0.062830046875 0.03898094531250003
1 0.1789505 0.5422792265624998 0.039803328125 0.041448093749999956
1 0.7444209218750001 0.5699112890624999 0.08750153125000004 0.11743626562499995
1 0.41250721875 0.4771465078125 0.011842312500000023 0.01924375781250003
1 0.78422425 0.60593165625 0.12467323437499994 0.11496911718750003
1 0.81383003125 0.525996046875 0.09671221875000005 0.049836398437499964
1 0.691788421875 0.5299434843749999 0.06085632812499995 0.04687582031249997
1 0.3829014375 0.525996046875 0.032237406249999975 0.03454007812500004
1 0.073356546875 0.6819198281250001 0.14671309375 0.2738534765624999
1 0.32566359375 0.5536281093749998 0.06908015625000002 0.058224703124999964
