1 0.44145509374999997 0.5437595156249999 0.015131843749999992 0.01529632031250001
2 0.6334077373276809 0.5693517368155386 0.007572703675970397 0.03402630303458878
1 0.4732539111852468 0.5363580703125 0.013158124999999998 0.01907930427787017
1 0.417441515625 0.5383317890624999 0.017105562499999987 0.024671484375000042
1 0.435204984375 0.5403055078125 0.005592203125000002 0.011348882812499994
1 0.44342881250000005 0.5393186484375001 0.010197546875000008 0.012335742187500021
1 0.43435908134709755 0.54016449648363 0.0073779434243550195 0.013745525585565055
1 0.4978705694903412 0.5366047777548294 0.007072487253219547 0.012335742187500021
1 0.49277178125000004 0.5634965600284827 0.03245668713384931 0.04473759320077395
1 0.40428339062500007 0.5486938125 0.021381953125000012 0.022697765624999987
1 0.3730626737089989 0.5654704460978237 0.04300317571541215 0.05432215590044161
1 0.6677748898057402 0.5447463059163896 0.021820541939753232 0.016283179687500038
1 0.545733234375 0.5630032734375 0.02894787500000001 0.032072929687500015
1 0.5035175941158115 0.5373449296875 0.010581287782159521 0.012500202576282681
1 0.48520585937499994 0.5363580703124999 0.008881734374999973 0.010362023437499968
1 0.19748154797209427 0.5613584749168586 0.1333722023936038 0.1565815723652549
1 0.835343568870686 0.5566873637004421 0.038882269112057936 0.044606072961173825
1 0.7699852893563839 0.5637082040066517 0.08139242246276789 0.04447915407646201
1 0.28947875 0.5912521102484625 0.089721973376025 0.09683556337346247
