1 0.170068765625 0.5837273203125 0.100330703125 0.12434428124999997
1 0.22171440625 0.4978705546875 0.04868506250000001 0.037007226562499974
1 0.391125265625 0.53093034375 0.155594828125 0.066119578125
1 0.61521583203125 0.8060497636718751 0.7695683359375001 0.3879004726562501
1 0.1039491875 0.5092194375 0.07006701562499999 0.06463928906250001
1 0.373361796875 0.4939231171875 0.02565834374999998 0.037007226562499974
1 0.189477 0.52698290625 0.06908015625 0.075988171875
1 0.31645290624999994 0.496390265625 0.029276828124999987 0.01924375781250003
1 0.27961015625 0.49935084375 0.042434953125000015 0.037007226562499974
1 0.0016447656249999997 0.5432660859375 0.0032895312499999995 0.036020367187500034
1 0.22829346875 0.520074890625 0.045066578125 0.057731273437499994
1 0.3144791875 0.4939231171875001 0.03388217187499999 0.023684625000000015
