1 0.10164651562499999 0.50329828125 0.03157949999999999 0.019737187499999996
1 0.45296845312500006 0.48060051562499984 0.021381953125000012 0.010362023437499968
1 0.41382303125000003 0.48602824218750007 0.021381953125000012 0.01529632031250001
1 0.49145596875 0.47665307812500013 0.01578975000000001 0.012335742187500021
1 0.263710739126395 0.5026403508770925 0.05559305400209246 0.04111918284008818
1 0.2241157187656094 0.5094167942760365 0.026086021398740153 0.03424403037847572
1 0.578628546875 0.47023849218749997 0.024671484374999983 0.020724046875000023
1 0.47895574999999996 0.5023114218750001 0.039803328124999975 0.023684625000000015
1 0.4276390625 0.502311421875 0.040461234374999995 0.02861892187499997
1 0.4726873397138956 0.478626796875 0.024269434515169882 0.010965098227245118
1 0.5230354687500001 0.476653078125 0.010197546875000008 0.011348882812499994
1 0.38092771875 0.50329828125 0.056250984375 0.02565834374999998
1 0.020066140625 0.5146471640625 0.0315795 0.032072929687500015
1 0.9935941640625 0.4643173359375 0.012811671875000031 0.012335742187500021
1 0.9544487421875 0.49836398437499996 0.09110251562499995 0.10065965625000003
1 0.031579499999999996 0.5018179699832751 0.012993522613558801 0.016036298312063123
1 0.100330703125 0.49639026562499994 0.0302636875 0.013322601562499958
1 0.5243512812500001 0.47763993750000006 0.008223828125000015 0.012335742187500021
1 0.09523192166903706 0.48800196093750003 0.014967359169037043 0.008388304687500004
1 0.37665132812499996 0.478626796875 0.01842137500000002 0.019737187499999996
1 0.07138282812499999 0.49737712500000003 0.014473937500000004 0.006414585937500039
1 0.5092194375 0.478626796875 0.01907928124999998 0.008388304687500004
1 0.07302754934155015 0.5126734453124999 0.08486989144718336 0.03404664843749998
1 0.991793671875 0.5013245625 0.01578974999999995 0.0379940859375
1 0.00855278125 0.520074890625 0.0171055625 0.02861892187499997
1 0.35132193749999996 0.5067522890625 0.040461234374999995 0.02861892187499997
1 0.8504995546875 0.54672009375 0.29900089062499996 0.192437578125
1 0.56305809018625 0.47566621875 0.02982510087749996 0.013322601562499958
