1 0.29408409374999994 0.61777396875 0.16710818749999998 0.16283179687500002
1 0.3370081971734083 0.645898947410809 0.09506745312499998 0.14309455231647875
1 0.83906843359375 0.832941681640625 0.32186313281250006 0.33411663671875
1 0.14704204687499997 0.5496806718749999 0.1171073125 0.057731273437499994
1 0.02097076171875 0.547706953125 0.0419415234375 0.04292838281249996
1 0.07171178125000001 0.544746375 0.043092859375 0.05082325781249999
1 0.1171073125 0.549680671875 0.065790625 0.044902101562500005
1 0.274675859375 0.5837273203125 0.176318875 0.11792969531250001
1 0.45921856250000004 0.650340328125 0.22960928125000002 0.2136550546875
1 0.6389863290650972 0.6979550662105437 0.36661671723242706 0.24597370069462868
2 0.12072579687499999 0.5506675312499999 0.0171055625 0.05230354687499998
