1 0.42926555343364975 0.5539433543113135 0.010855453125000025 0.009429988136550804
1 0.08857166015367192 0.568184388774412 0.09144918585472042 0.04860277981096628
1 0.4342147927061396 0.5477069531249998 0.01578975000000001 0.012091526564145295
1 0.8509344848160576 0.6434323125000001 0.168752953125 0.11940998437500001
1 0.4423147534066745 0.547706953125 0.007995751703337224 0.010704138069994151
1 0.442113 0.5723784375000001 0.03157950000000002 0.036020367187500034
1 0.5407989375 0.551654390625 0.01578974999999995 0.013322601562499958
1 0.497048171875 0.5437595156249999 0.008223828125000015 0.010362023437499968
1 0.339150671875 0.57435215625 0.03914542187500002 0.04342181250000001
1 0.47007401562500006 0.5532767812623398 0.01259495313322656 0.013821029690790621
1 0.358229953125 0.5580689765625 0.022697765624999987 0.014309460937499985
1 0.4229140840171397 0.5577100723639192 0.008403243889691225 0.01453365797416577
1 0.40204498145762213 0.54672009375 0.01842137500000002 0.010362023437499968
1 0.407572921875 0.5585238799501822 0.014278625942891842 0.022798031687803456
1 0.55856240625 0.5580689765625001 0.025987296875000017 0.020724046875000023
1 0.7062623593749999 0.6900513407532085 0.15589690867522302 0.1788783389342914
1 0.37467760937500005 0.5560952578125 0.01578975000000001 0.00937516406250003
1 0.4560112667899922 0.5570821106084815 0.015954225465996903 0.013445945003960435
1 0.8726810401026585 0.8143477371108145 0.25463791979468314 0.3713045257783708
1 0.4778094125032907 0.8104557624983547 0.25395181250000004 0.31826214843750006
1 0.8915855528917035 0.555542929382397 0.21682889421659285 0.1946690501423814
1 0.470074015625 0.557336329692436 0.008386638540569773 0.018648214076485113
1 0.41513884375 0.5590558359375001 0.010197546875000008 0.01529632031250001
1 0.521317636219246 0.5609199192406134 0.02010270916613243 0.024123236964056716
1 0.48544677566220085 0.6181353431808012 0.14539728125000007 0.08671849005300433
1 0.39540165625 0.5570821171875 0.025329390625 0.014309460937499985
1 0.4602524126275173 0.5573640617026039 0.013910012755034628 0.011207883768879868
1 0.715802 0.5837273203125 0.12138370312500003 0.05970499218749996
1 0.745112084484219 0.6123462421875 0.08092246874999999 0.04709759288683575
1 0.1951481456064655 0.54672009375 0.02460569897377877 0.012335742187500021
1 0.509428770844652 0.5519683906419781 0.009748973969651983 0.013412315724901447
1 0.611523859375 0.6404717343749999 0.09086983707299735 0.095725359375
1 0.5161872629743931 0.545733234375 0.007565921874999996 0.00650430071158965
1 0.3720001378504936 0.5764668784746675 0.09304671488925814 0.04666434259177743
1 0.490578743603563 0.5626742950928445 0.03179881889643698 0.029605743420516716
1 0.02590505859375 0.5704517153430697 0.0518101171875 0.04736925000000003
1 0.460534375 0.5559931437639852 0.01842137500000002 0.020876145331421105
1 0.5238496360936747 0.5477562987335289 0.006940912697352589 0.010411369046028884
1 0.4531560197527276 0.5464858750082264 0.005592203125000002 0.009385160944081239
