1 0.7470520632993991 0.6204879874662647 0.23454357812499999 0.10386710465376466
2 0.915476546875 0.5452398046874999 0.015131843749999992 0.04391524218749998
2 0.7332364120026931 0.5588090433770199 0.011842450663075729 0.01652997224798014
1 0.9595562656250001 0.595076203125 0.03486903125000005 0.08190932812499999
2 0.8286327793253198 0.5513256156871004 0.013158124999999998 0.02977086364864139
2 0.7715921261701241 0.5557003873464617 0.009342310988679495 0.029507222028538393
1 0.568102046875 0.6069185156250001 0.12533114062499998 0.04884953906250002
1 0.8855418125 0.5837273203125 0.122041609375 0.07352102343749997
2 0.8069218730753197 0.5531344658629795 0.013267966107907132 0.03092141556289958
1 0.24268516796875 0.902638625 0.4853703359375 0.19472275000000003
1 0.98035380078125 0.639484875 0.039292398437500015 0.276320625
1 0.24605663732952301 0.6310965703125 0.09506751315909542 0.04884953906250002
1 0.7355304374999999 0.826650453125 0.5289391250000001 0.34669909375
2 0.5934314374999999 0.5965564921875 0.02171090625000005 0.06266557031249995
1 0.12031460546875 0.76382915625 0.2406292109375 0.17664782812500004
1 0.1276338125 0.6380045859375 0.106909765625 0.058718132812500025
2 0.9371874531249998 0.549680671875 0.013158124999999998 0.05279697656250004
