1 0.25493867187499997 0.8028101015625 0.04671134374999998 0.04835610937500005
1 0.20395093749999998 0.810211546875 0.038158562499999986 0.04342181250000001
1 0.07236968749999999 0.818106421875 0.010197546874999993 0.02171090625000005
1 0.3085580312499999 0.7860334921874998 0.07467235937499997 0.0774684609374999
1 0.06710643749999999 0.8151458437500001 0.011842312500000007 0.04736924999999994
1 0.065461671875 0.8126786953125 0.016118703124999998 0.05329040624999992
1 0.089146296875 0.8141589843749999 0.02894787500000001 0.0281254921875
1 0.2250039375 0.810211546875 0.025329390625 0.032072929687500015
1 0.029359066406250002 0.8037969609375001 0.058718132812500004 0.08289618750000001
1 0.16316075 0.8141589843749999 0.030592640624999994 0.0281254921875
1 0.053619359375 0.8092246874999999 0.013487078125 0.06118528125000004
1 0.6618536875000001 0.7633357265624999 0.23289881249999997 0.11743626562500005
1 0.17598992187499995 0.81909328125 0.011842312499999992 0.02171090625000005
