2 0.892120875 0.508232578125 0.008881734375000032 0.02565834374999998
1 0.9699095390625 0.5181011718749999 0.060180921875 0.032566359374999986
1 0.9590284521659922 0.554320767826955 0.08085952240805423 0.07401732688249005
1 0.68488040625 0.5181011718749999 0.09408059374999998 0.04391524218749998
1 0.7181046718749999 0.563496703125 0.15197634375 0.041448093749999956
1 0.79672446875 0.5052719999999999 0.05329040624999995 0.027138632812499973
1 0.538496265625 0.502311421875 0.08750153124999999 0.02861892187499997
1 0.238491015625 0.6616892109375 0.2828996875 0.20477332031249995
1 0.599901693431804 0.5039554044427816 0.080593515625 0.058388396630281655
1 0.9296215312499999 0.508232578125 0.025658343750000038 0.03108607031249999
1 0.10616962109374999 0.7801123359375001 0.21233924218749997 0.39573060937500004
1 0.474021453125 0.7768140546875 0.9200818906249999 0.44637189062499993
1 0.405599203125 0.5136603046875 0.04079018750000003 0.02565834374999998
1 0.736855 0.5008311328125 0.06447481249999995 0.03552693749999998
2 0.32105825 0.5003377031249998 0.00625010937500002 0.013322601562499958
1 0.836527796875 0.6034645078125 0.23553043749999994 0.15246977343749996
1 0.318097671875 0.5353712109375 0.04736924999999997 0.05575755468750003
2 0.41546779687499996 0.500337703125 0.014473937499999975 0.017763468750000032
1 0.36382215625000003 0.537838359375 0.084540953125 0.06710643750000003
1 0.16151598437499998 0.5452398046875 0.13881821875 0.08684362500000002
1 0.25263599999999997 0.5309303437499999 0.09967279687499998 0.07845532031250002
1 0.5148116406250001 0.5748455859374999 0.2727021406250001 0.15098948437499998
1 0.8273171093749999 0.5052719999999999 0.06644853124999996 0.02861892187499997
1 0.900344703125 0.5876747578125 0.19737187499999997 0.13964060156249997
