2 0.21381953125 0.527969765625 0.010526499999999987 0.022697765624999987
2 0.8141584777770555 0.5366867339529602 0.015131843749999992 0.06217224918170237
2 0.2274716819585964 0.5314589982490514 0.012100753262834728 0.01920843889235462
1 0.4223758125 0.460863328125 0.011842312500000023 0.017763468750000032
1 0.02837220703125 0.6518206171875 0.0567444140625 0.12582457031250005
1 0.85988346875 0.529943484375 0.08750153125000004 0.06217214062499998
1 0.40395443750000004 0.49540340625 0.02861892187499997 0.036020367187500034
1 0.4963901126487939 0.5741050207216832 0.16743678368051912 0.3202351023064695
1 0.221385453125 0.5383317890624999 0.05822470312499999 0.033059789062500046
1 0.7296180312500001 0.5659638515625 0.08388304687500003 0.10954139062500001
1 0.41513884375 0.48010708593749996 0.017434515625000025 0.024671484375000042
1 0.7602106718749998 0.5975433515625002 0.11151510937499995 0.10510052343750002
1 0.80067190625 0.52698290625 0.08125142187499997 0.058224703124999964
1 0.682577734375 0.5299434843749999 0.05526412499999995 0.04687582031249997
1 0.384546203125 0.52698290625 0.02861892187500003 0.036020367187500034
1 0.17171353125 0.6197476875 0.18092421875 0.1870098515625
1 0.9794491796875 0.7524802734374999 0.04110164062500002 0.13421287499999995
1 0.34967818507088894 0.5470486488337578 0.05910150135523544 0.05411249957796027
