1 0.8597102421875 0.6898147031249999 0.28057951562500005 0.188490140625
1 0.5065878125 0.8016088964843749 0.911529109375 0.39678220703125
1 0.6720512343749999 0.5363580703125 0.02532939062499994 0.0379940859375
1 0.5246630398499875 0.5343851533797286 0.08092416147526033 0.06390081498380953
1 0.7796189062500001 0.5324106328125 0.04671134375000001 0.033059789062500046
1 0.8317025336577224 0.5172789742776833 0.024233497592277685 0.037664762382133433
1 0.7583601209047098 0.552333222183774 0.18848992389109695 0.07130107749503196
1 0.9699519443555162 0.5646814229339032 0.034209496470322405 0.10026502106864514
1 0.07236968749999999 0.5797798828125 0.14473937499999998 0.07845532031250002
1 0.4215471258338654 0.5482008516941753 0.09227254981567021 0.0626661954880671
1 0.766789734375 0.5921156249999999 0.21085895312499994 0.09473849999999998
1 0.18783183137719703 0.6051916165804231 0.1521409477913969 0.10559403948167204
1 0.5697468125 0.528956625 0.011513359374999983 0.02171090624999996
1 0.35284570831133966 0.5506680575074634 0.0855304437873181 0.060034822408272695
1 0.8125142187499999 0.525996046875 0.021381953124999954 0.017270039062499975
