1 0.142436703125 0.804569474609375 0.28487340625 0.39086105078125
1 0.43439811764162817 0.55066753125 0.021551601713876066 0.004456383266628272
1 0.53158825 0.551143942964383 0.01250021875000004 0.015279302339382905
1 0.46119228125 0.5728718671874999 0.058553656249999975 0.03404664843749998
1 0.440365446343653 0.545733234375 0.009361464229101972 0.005160461968652985
1 0.7621953806650822 0.7550066419952467 0.47560923866983557 0.2558334586059868
1 0.12850005434581854 0.53882521875 0.2570001086916371 0.20849048232491132
1 0.506258859375 0.555601828125 0.029276828124999987 0.016776609375000008
1 0.48356109374999995 0.5605361249999999 0.04473762500000002 0.03404664843749998
1 0.30066315624999995 0.745078828125 0.20691151562499996 0.2233143244341144
1 0.44770520312500006 0.5595492656250001 0.03059264062500002 0.014802890625000042
1 0.015574602454484932 0.6003145258980904 0.031149204908969864 0.04767327589809041
1 0.30461059375 0.5565886874999999 0.025247121120863743 0.014062714870863769
1 0.6681141505597802 0.911520359375 0.6637716988804397 0.1769592812499999
1 0.45658693749999996 0.55066753125 0.014473937499999975 0.003947437500000017
