2 0.32961103124999996 0.527969765625 0.00953964062499999 0.03404664843749998
2 0.7368553355187667 0.5301909541359751 0.014144984375000055 0.03996780468749996
2 0.3393699593379786 0.5304369222864496 0.009868594846526631 0.032401890488186244
1 0.42632325 0.4665872267790013 0.013092055026330129 0.01894758572099873
1 0.193753390625 0.5935959140625 0.09506745312499998 0.085856765625
1 0.00699025390625 0.6794526796875 0.0139805078125 0.08980420312500001
1 0.88972721484375 0.797168029296875 0.22054557031250005 0.40566394140625006
1 0.41250721875 0.4968836953125 0.024013578125000025 0.03059264062500002
1 0.49573227165504385 0.5667867387647476 0.14824889547298975 0.281420736166831
1 0.059745649989820716 0.6357849072609751 0.11949129997964143 0.125084677420325
1 0.26382040625 0.5329040625 0.045066578125 0.03059264062500002
1 0.6474458199736699 0.5410951095915013 0.04802715625000005 0.06967250043300259
1 0.4223758125 0.481587375 0.017434515625000025 0.01924375781250003
1 0.65856415625 0.5590558359374999 0.06283004687500006 0.06365242968749998
1 0.7408024375 0.5190880312499999 0.07204073437499996 0.04687582031249997
1 0.418757328125 0.5284631953125 0.01578975000000001 0.03157949999999996
1 0.661524734375 0.5230354687500001 0.08289618749999998 0.03750065625000003
1 0.39934909375 0.5215551796875 0.025987296875000017 0.03059264062500002
1 0.76119753125 0.6034645078125 0.12072579687499996 0.10510052343750002
