1 0.231583 0.5368515 0.05855365625 0.03503350781250001
1 0.0225332890625 0.5595492656250001 0.045066578125 0.08289618750000001
1 0.5450753281249999 0.545733234375 0.061843187499999945 0.05279697656249995
1 0.442441953125 0.6991898671875 0.22697765624999994 0.3163780768087724
1 0.6513271874999998 0.5329040625000001 0.021381953124999954 0.026151773437500036
1 0.608892234375 0.539812078125 0.05921156250000005 0.04687582031249997
1 0.46681972916176806 0.545733234375 0.12749283335292785 0.06388152347423973
1 0.39737537500000003 0.53882521875 0.03782960937499998 0.03996780468749996
1 0.0935722181726042 0.560446413773802 0.09004340913697897 0.07724416492859368
1 0.30724221875 0.531917203125 0.04177704687500003 0.032072929687500015
