1 0.60593165625 0.5412923671875001 0.011513359374999983 0.012335742187500021
2 0.2223723125 0.595076203125 0.008223828125000015 0.019737187499999996
1 0.5181011718749999 0.5324106328125 0.007565921874999996 0.003947437500000017
1 0.07697503124999999 0.5610295546875002 0.04868506250000001 0.03503350781250001
1 0.06250109375 0.6000105 0.06710643749999999 0.06069185156249999
1 0.503627234375 0.55264125 0.01907928124999998 0.016283179687500038
1 0.52106175 0.54672009375 0.017105562499999987 0.016283179687500038
1 0.46546867187499996 0.575339015625 0.025987296875000017 0.03898094531250003
2 0.799027140625 0.5664572812499999 0.013158124999999998 0.045395531249999975
1 0.6039579375 0.5580689765625 0.02894787499999995 0.03404664843749998
1 0.499679796875 0.5324106328125 0.020724046874999996 0.026645203125000006
1 0.517443265625 0.5393186484375 0.011513359374999983 0.011348882812499994
1 0.6720512343749999 0.599023640625 0.09671221875000005 0.09769907812499996
1 0.48257423437499997 0.5393186484374999 0.020724046874999996 0.013322601562499958
1 0.433889171875 0.5477069531250001 0.04243495312499999 0.05131668750000005
1 0.336848 0.5551083984374999 0.09967279687499998 0.10065965625000003
1 0.5381673125 0.5393186484375 0.008223828124999954 0.011348882812499994
1 0.4934296875 0.5580689765625 0.012500218749999981 0.024671484375000042
1 0.5243512812500001 0.5363580703125 0.008223828125000015 0.003947437500000017
1 0.986859375 0.5639901328125 0.025987296875000017 0.045395531249999975
1 0.47895574999999996 0.5610295546875 0.025987296875000017 0.03404664843749998
1 0.44145509374999997 0.5817536015625 0.046053437499999995 0.046382390625000006
1 0.529943484375 0.5447463749999999 0.011513359375000042 0.013322601562499958
1 0.339808578125 0.599023640625 0.085198859375 0.07302759375000001
1 0.941792796875 0.571391578125 0.10987034375000006 0.049342968749999994
