1 0.45560007812500003 0.47665307812500013 0.008881734374999973 0.012335742187500021
1 0.9615299843749999 0.45592903125 0.03289531250000006 0.049342968749999994
1 0.2697415625 0.48602824218750007 0.051316687499999986 0.023684625000000015
1 0.13602296382848886 0.5225421463831887 0.030921140618203148 0.054030139385276496
1 0.7171178125 0.43865899218750004 0.11612045312500001 0.0873370546875
1 0.214806390625 0.48800196093750003 0.036513796875000004 0.02565834374999998
1 0.2746761932515709 0.4971303564975155 0.04111914062500001 0.012335742187500021
1 0.42566534375000004 0.478626796875 0.03782960937499998 0.012335742187500021
1 0.5079036249999999 0.46234361718749994 0.11250196874999994 0.058718132812500025
1 0.17434515625 0.5136603046875 0.087830484375 0.058718132812500025
1 0.269851615594146 0.4860280974486074 0.05296145312500003 0.036020367187500034
1 0.7227100156249998 0.4880019609374999 0.11875207812499997 0.06365242968749998
1 0.87435740625 0.4539553125000001 0.07960665624999995 0.07401445312500003
1 0.41316512499999997 0.496390265625 0.08026456249999997 0.04440867187500004
1 0.4750083125 0.500337703125 0.13717345312500004 0.046382390625000006
1 0.22868902091741478 0.501127291677177 0.046645797334427405 0.03236946749784009
1 0.94893877734375 0.48800196093750003 0.10212244531249996 0.07105387499999996
1 0.641787546875 0.496390265625 0.09539640625000002 0.04736925000000003
1 0.32428217483690785 0.4838571120885198 0.058093128453996695 0.03019794128322779
1 0.3891515468750001 0.4919493984375 0.02894787500000001 0.008388304687500004
