1 0.08778620417610898 0.520074890625 0.013816031250000001 0.01529632031250001
2 0.17829261293858056 0.5195814609374999 0.005427736156790264 0.014062760485185333
1 0.14161434128310443 0.520074890625 0.02105299999999999 0.019983907894792364
1 0.617445015625 0.5447463749999999 0.06447481249999995 0.049836398437499964
2 0.986859375 0.4870151015625 0.00953964062499999 0.022697765624999987
2 0.200332453125 0.7031373046875 0.09013315625 0.29901839062499996
2 0.2118458125 0.7001767265625 0.06348795312499998 0.2787877734375
1 0.3532956562500001 0.5047785703125001 0.010197546875000008 0.010855453125000025
1 0.296386765625 0.5121800353617928 0.01644765625000003 0.017763468750000032
1 0.5162209455709734 0.5280424793056199 0.035855890624999984 0.047841900922146505
1 0.40548018410948394 0.50329828125 0.02203985937500003 0.029112351562500027
1 0.2990183906250001 0.5047785703125001 0.011842312500000023 0.01092240132122777
1 0.9144896874999999 0.4883614942325444 0.029276828125000046 0.024492955851725996
2 0.224017078125 0.694749 0.074014453125 0.2575702968749999
1 0.8049929290058185 0.48566870889245556 0.01644765625000003 0.03454007812500004
1 0.112173015625 0.5171143125000001 0.0302636875 0.026151773437500036
1 0.15921331249999995 0.520074890625 0.007236968749999987 0.010855453125000025
1 0.8658046250000001 0.4840545234375 0.04125831856810518 0.036020367187500034
1 0.30921593750000004 0.513166875 0.01644765625000003 0.01652995620934412
1 0.550009625 0.5309303437499999 0.04704029687500005 0.05378383593749998
2 0.576325875 0.6547811953124999 0.06283004687500006 0.15098948437499998
1 0.2806416477558185 0.5132338231962278 0.013816031250000017 0.017763468750000032
1 0.2930032517958833 0.5102062968750001 0.01090243971519437 0.012124260237349915
