1 0.596392015625 0.5176077421875 0.022081046951540985 0.012335742187500021
2 0.6026421249999998 0.5106997265625 0.006250109374999961 0.007401445312499977
1 0.7408025120438239 0.577312734375 0.08289618749999998 0.09473849999999998
2 0.8092246875 0.5097128671875 0.006908015625000038 0.018750328124999972
2 0.7979896395780851 0.5136603046875 0.006908015625000038 0.011475414411471619
1 0.596392015625 0.5314237734375 0.01611818014182956 0.024178839162255626
1 0.500337703125 0.6631694999999999 0.22039859375000007 0.33158474999999993
1 0.6424454531249999 0.57435215625 0.09605431249999997 0.12582457031249997
1 0.5017046522410842 0.469443395122816 0.17763468750000003 0.08980420312500001
1 0.406915015625 0.5240223281249999 0.024013578125000025 0.03404664843749998
1 0.831264546875 0.5931024843749999 0.1513690581006311 0.15190041284905345
1 0.9209503523818064 0.6718868091645968 0.15809929523638716 0.18108869531250002
