1 0.407572921875 0.5610295546875 0.06315899999999998 0.03898094531250003
1 0.43224440624999994 0.5412923671875001 0.012500218749999981 0.011348882812499994
1 0.59014190625 0.549680671875 0.03651379687499994 0.024671484375000042
1 0.19145071875 0.5639901328125 0.090462109375 0.045395531249999975
1 0.0064145859375 0.547706953125 0.012829171875 0.024671484375000042
2 0.496390265625 0.5886616171875 0.01842137500000002 0.0843764765625
1 0.15033157812499998 0.5630032734375 0.069409109375 0.04440867187500004
1 0.0486850625 0.549680671875 0.068751203125 0.03404664843749998
1 0.31645290625 0.549680671875 0.01907928124999998 0.011348882812499994
1 0.105593953125 0.5630032734375 0.08388304687499999 0.04440867187500004
2 0.5223775624999999 0.5837273203125 0.020066140624999975 0.0873370546875
1 0.27862329687500004 0.6508337578125 0.24079368750000002 0.19441129687499997
1 0.046711343749999995 0.5333974921874999 0.011513359374999999 0.010362023437499968
1 0.42138895312499997 0.545733234375 0.020724046874999996 0.012335742187500021
1 0.32529808678516964 0.5326299350176684 0.02982508162764101 0.015954225831488957
1 0.41004005797595594 0.5388252261519264 0.012006791529808799 0.0029605781249999906
1 0.13026543749999997 0.545733234375 0.035526937499999994 0.012335742187500021
1 0.28553131249999997 0.55264125 0.09539640625000002 0.03404664843749998
2 0.45099466200060806 0.5842207524673089 0.03190844819038237 0.10189321936586034
1 0.343098109375 0.5447463749999999 0.037171703125000025 0.018750328124999972
1 0.25395181249999993 0.545733234375 0.05625098437499997 0.03404664843749998
1 0.5304367290217411 0.5472135456423911 0.03610262397282587 0.024671484375000042
1 0.391783171875 0.5403055078125 0.022697765624999987 0.012335742187500021
1 0.99729488671875 0.545733234375 0.005410226562500024 0.011348882812499994
2 0.49277178125000004 0.5866878984374999 0.021381953125000012 0.09177792187499997
1 0.450336828125 0.545733234375 0.027303109374999992 0.024671484375000042
1 0.375335515625 0.5412923671875001 0.027303109374999992 0.02565834374999998
1 0.38915154687500003 0.545733234375 0.03157950000000002 0.017270039062499975
1 0.50724571875 0.5477069531249998 0.013158124999999998 0.018750328124999972
