1 0.5966383918467011 0.6130251312853737 0.13881821875 0.09091492785494841
2 0.8118563125 0.5679375703125 0.011513359374999983 0.07401445312500003
1 0.9481002453776917 0.7016570156249999 0.10379950924461667 0.28382008461894365
2 0.864159859375 0.5309303437499999 0.008552781250000053 0.01578974999999998
1 0.7651440038948056 0.553628109375 0.07598672459220832 0.03996780468749996
2 0.8132378068592836 0.5731187179883954 0.00953964062499999 0.06710643750000003
1 0.8540560510035888 0.5534168425027456 0.08158037500000007 0.03827624875274553
1 0.10460709375000002 0.6434323125 0.19934559375000002 0.20625360937499995
1 0.43684975000000004 0.630603140625 0.176647828125 0.11102167968750001
1 0.69145946875 0.5517894158812242 0.0750013125 0.03296956436018537
1 0.712183515625 0.6005039296875 0.10723871874999998 0.07549474218750003
