1 0.7158019999999998 0.48800196093750003 0.013816031249999956 0.010855453125000025
1 0.18355584374999998 0.48898882031249996 0.016118703124999988 0.011842312499999962
1 0.622708265625 0.4978705546875 0.016118703125000047 0.01282917187499999
1 0.36119053125000006 0.48898882031249996 0.025329390625 0.010855453125000025
1 0.9381743124999999 0.5087260078125 0.03914542187500002 0.016776609375000008
1 0.8131721249999999 0.5097128671875 0.04868506250000001 0.03108607031249999
1 0.7539605625 0.49885741406249995 0.020066140625000038 0.018750328124999972
1 0.382572484375 0.5037917109375 0.07730398437500004 0.0379940859375
1 0.33257160937499997 0.5028048515625001 0.04375076562500002 0.0379940859375
1 0.5947472500000001 0.81012055859375 0.7891585468750002 0.3797588828125
1 0.964819515625 0.5116865859375 0.02532939062499994 0.010855453125000025
1 0.143094609375 0.5097128671875 0.05592203125000001 0.0379940859375
1 0.6220503593749999 0.5028048515625 0.021381953124999954 0.011842312499999962
1 0.5789575000000001 0.49293625781249994 0.016118703125000047 0.016776609375000008
1 0.4079018750000001 0.4978705546875 0.03256635937500001 0.01282917187499999
1 0.6740249531250001 0.49589683593749995 0.03914542187500002 0.01282917187499999
1 0.7450788281249998 0.5185946015624999 0.013158124999999998 0.019737187499999996
1 0.3026368750000001 0.5008311328125 0.05329040625000001 0.045888960937500035
1 0.21883606640624997 0.8185088632812499 0.43767213281249995 0.3629822734375
2 0.09802803125 0.61580025 0.04407971875 0.058718132812500025
1 0.45560007812500003 0.5037917109375 0.022697765624999987 0.02171090624999996
