1 0.516127453125 0.5383317890624999 0.007565921874999996 0.010362023437499968
1 0.529943484375 0.5324106328125 0.007565921875000056 0.004934296875000044
2 0.5809312187500001 0.5383317890624999 0.007236968750000017 0.013816031250000017
1 0.5427726562499999 0.5324106328125 0.010855453125000025 0.011348882812499994
1 0.5210617499999999 0.5393186484375001 0.008881734374999973 0.012335742187500021
1 0.5710626249999999 0.5630032734375 0.03914542187500002 0.04095466406249999
1 0.50724571875 0.5412923671875001 0.020724046874999996 0.011348882812499994
1 0.499021890625 0.5324106328125 0.010197546875000008 0.004934296875000044
1 0.502311421875 0.5379089038094508 0.009163657877032882 0.005533257198934915
1 0.501653515625 0.5590558359375 0.032237406249999975 0.03898094531250003
1 0.483890046875 0.5333974921875 0.008223828125000015 0.004934296875000044
1 0.5210617499999999 0.5324106328125 0.012500218749999981 0.010362023437499968
