2 0.903634234375 0.6360308671875 0.05921156250000005 0.23881996874999994
1 0.120725796875 0.5343843515625 0.03223740625000001 0.01529632031250001
2 0.018092421875000004 0.5482003828125 0.013158125000000001 0.05279697656249995
1 0.38355934375000006 0.5886616171875 0.122699515625 0.15444349218750003
1 0.20395093750000004 0.5393186484375001 0.03782960937500001 0.032072929687500015
2 0.491784921875 0.6074119453125 0.03125054687499998 0.13174572656249994
2 0.07155170745278466 0.5699112270517214 0.026645781892267472 0.09276478125000001
2 0.1884910224688928 0.5662926944570132 0.033662863912707376 0.08190935458031676
2 0.8674493906249999 0.683893546875 0.051974593750000034 0.10510052343750002
2 0.8243565312499999 0.6291228515624999 0.03651379687499994 0.15691064062499996
