1 0.9576560351562499 0.6671169375 0.08468792968750011 0.16480551562499998
1 0.6279715156250002 0.5787930234375 0.0618431875 0.0379940859375
4 0.21217476562499998 0.686854125 0.14309460937499996 0.23388567187500006
1 0.54014103125 0.575339015625 0.04407971875000006 0.03404664843749998
1 0.0302636875 0.6547811953124999 0.05000087499999999 0.11447568749999996
1 0.46382390625 0.5733652968749999 0.05065878125 0.03404664843749998
1 0.9487008125 0.5911287656249999 0.024671484374999983 0.020724046875000023
1 0.909555390625 0.5837273203125 0.04111914062500001 0.03898094531250003
1 0.991793671875 0.577312734375 0.008223828124999954 0.026645203125000006
1 0.897055171875 0.5837273203125 0.06381690625 0.03898094531250003
4 0.041283617187499996 0.711525609375 0.08256723437499999 0.19737187499999997
1 0.7460656875 0.577312734375 0.06579062499999999 0.046382390625000006
1 0.9013315624999999 0.5600426953125 0.01907928124999998 0.020724046875000023
1 0.439152421875 0.5704047187500001 0.010855453125000025 0.026645203125000006
1 0.385204109375 0.571391578125 0.04111914062500001 0.03108607031249999
1 0.41513884375 0.571391578125 0.03092159375 0.02565834374999998
4 0.7460656875 0.6227082656249999 0.05986946875000001 0.15098948437499998
1 0.7125124687500001 0.577312734375 0.020066140625000038 0.04095466406249999
1 0.784553203125 0.5600426953125 0.03092159374999994 0.01529632031250001
1 0.35757204687499994 0.5639901328125001 0.04243495312499999 0.032072929687500015
1 0.6486955625 0.5797798828125 0.029605781250000025 0.030099210937499964
