1 0.5688691950537004 0.503298386450477 0.034211124999999974 0.037007226562499974
1 0.0478626796875 0.7317562265625 0.095725359375 0.2945775234375
1 0.572707390625 0.5240223281249999 0.03782960937499998 0.041448093749999956
1 0.3684275 0.5052719999999999 0.055922031250000025 0.024178054687499985
1 0.382572484375 0.5580689765625 0.062830046875 0.07105387499999996
1 0.4990216555798206 0.49318301333714637 0.02171090624999999 0.02861892187499997
1 0.4065860625 0.49540340625 0.04572448437500001 0.03996780468749996
1 0.9406327109375 0.9508713769531252 0.11873457812499998 0.0982572460937499
1 0.4739112994588319 0.5013246151002385 0.016776574308174298 0.032072877087261455
1 0.4423317643920062 0.5185946541627386 0.032895277433174344 0.041448093749999956
2 0.28586026562499994 0.585207609375 0.018092421874999983 0.05279697656249995
1 0.4031317744413247 0.5422793079242927 0.04375081986619526 0.056251011495597594
1 0.478626579910219 0.49540340625 0.02565839799119522 0.03478683364964645
1 0.53093034375 0.5023114218749999 0.011513359374999983 0.009868593749999998
1 0.7625133437499999 0.5521478203125 0.20526674999999994 0.12829171874999998
1 0.42632325 0.527969765625 0.032237406249999975 0.045395531249999975
1 0.5118510625 0.49540340625 0.014144984374999996 0.024178054687499985
1 0.45691589062500004 0.5067522890625 0.03618484375000002 0.041448093749999956
1 0.58224703125 0.4840545234375 0.02171090625000005 0.021217476562499994
1 0.666787984375 0.4712253515624999 0.037171703125000025 0.01578974999999998
1 0.5773127343750001 0.4968836953124999 0.02861892187499997 0.041448093749999956
1 0.5763258749999999 0.5521478203125 0.05131668749999996 0.058224703124999964
1 0.5222128780129183 0.4983640657367928 0.012335787388496004 0.017270039062499975
