1 0.06710643749999999 0.4736925 0.01578975 0.019737187499999996
1 0.22368768737856215 0.595569598263439 0.25921499340187826 0.17516740086625643
1 0.42895487499999996 0.5156340234375 0.07269864062500003 0.05230354687499998
1 0.534548828125 0.47665307812500013 0.01578974999999995 0.020724046875000023
1 0.107896625 0.472705640625 0.032237406249999996 0.020724046875000023
1 0.07565921874999999 0.47023849218749997 0.006908015624999994 0.010362023437499968
1 0.088488390625 0.4766530781249999 0.025329390625 0.018750328124999972
1 0.2828996875 0.50329828125 0.055593078125000014 0.01529632031250001
1 0.57172053125 0.496390265625 0.07960665624999995 0.058718132812500025
1 0.31513709375 0.4643173359375 0.007565921874999996 0.012335742187500021
1 0.47138982812499997 0.5077391484374999 0.06447481250000002 0.05230354687499998
1 0.98808419921875 0.48060051562499984 0.023831601562500044 0.018750328124999972
1 0.65066928125 0.49639026562499994 0.07138282812499999 0.04095466406249999
1 0.3498963123680942 0.4957323736329623 0.09342268749999996 0.044408629101113206
1 0.291781421875 0.46629105468750004 0.020724046874999996 0.012335742187500021
