2 0.737183953125 0.5136603046875 0.014473937500000034 0.03898094531250003
1 0.596392015625 0.5133225621087755 0.020810595781170112 0.012335742187500021
1 0.28684712500000004 0.54277265625 0.06710643750000003 0.07944217968749996
1 0.740473484375 0.577312734375 0.08289618749999998 0.09473849999999998
1 0.17171353125 0.5373449296875 0.106909765625 0.06365242968749998
2 0.8092246875 0.5106997265625 0.006908015625000038 0.016447657291692508
2 0.048027156249999994 0.5343843515625 0.021381953125 0.06809329687499996
2 0.7957122641205114 0.5136603046874999 0.006908015625000038 0.012234539563996182
1 0.6098790911653739 0.5580689765625001 0.049342963580747676 0.07944217968750004
1 0.500337703125 0.6631694999999999 0.22039859375000007 0.33158474999999993
1 0.5020114458942119 0.47059387132204444 0.17763468750000003 0.08980420312500001
1 0.8321080181593553 0.5931024843749999 0.1514618255906446 0.15140700570229954
1 0.9204108437499999 0.6710643749999999 0.15789749999999997 0.17911497656249997
