1 0.45724484375 0.624681984375 0.11677835937500003 0.11743626562500005
1 0.26414935937499995 0.579286453125 0.07368549999999997 0.05674441406249997
1 0.02903011328125 0.5945827734375 0.0580602265625 0.07993560937500002
1 0.379940859375 0.5945827734375 0.095725359375 0.08980420312500001
1 0.22368812500000004 0.5669507109375 0.03223740625000001 0.037007226562499974
1 0.023437910156250002 0.55856240625 0.046875820312500004 0.02220433593750002
1 0.017434515624999997 0.648366609375 0.033882171875 0.12681142968749998
1 0.17862154687499998 0.551654390625 0.028618921874999998 0.01924375781250003
1 0.187832234375 0.568431 0.066119578125 0.045395531249999975
1 0.317439765625 0.5857837990341104 0.07533026562499998 0.0657089084091104
