1 0.09885049218925782 0.5013245625 0.025987359376406262 0.012335742187500021
1 0.450336828125 0.478626796875 0.025329390625 0.010362023437499968
1 0.41152035937500003 0.4870151015625 0.016776609375000008 0.014309460937499985
1 0.49014015624999996 0.47665307812500013 0.01842137500000002 0.012335742187500021
1 0.2610791506776195 0.5013245625 0.05888255564312391 0.04473760964803537
1 0.22056314580731767 0.5082326032899391 0.029112287252099762 0.03503349103587387
1 0.5773127343750001 0.47171878125000005 0.020066140625000038 0.01529632031250001
1 0.47698203125 0.5013245625 0.039803328124999975 0.024671484375000042
1 0.4315865 0.5013245625 0.03157950000000002 0.030099210937499964
1 0.47173706553072414 0.478626796875 0.024415630543350157 0.010745804184974794
1 0.52106175 0.47665307812500013 0.008223828125000015 0.012335742187500021
1 0.3891515468749999 0.50329828125 0.05559307812499999 0.02565834374999998
1 0.022697765625 0.5136603046875 0.020724046875000002 0.02861892187499997
1 0.986859375 0.46629105468750004 0.024013578125000025 0.01529632031250001
1 0.9450735781249999 0.5013245625 0.10985284375000007 0.10707424218749999
1 0.03092159375 0.5013245625 0.0026316250000000003 0.01529632031250001
1 0.09671221875 0.49639026562499994 0.025329390625 0.013322601562499958
1 0.5217196562499999 0.4796136562500001 0.004276390625000026 0.00937516406250003
1 0.0949029706000532 0.48800196093750003 0.01463840810005319 0.008388304687500004
1 0.376651328125 0.478626796875 0.01684240157902869 0.019737187499999996
1 0.069409109375 0.497377125 0.01578975 0.008388304687500004
1 0.50724571875 0.478626796875 0.024013578125000025 0.011348882812499994
1 0.07138282812499999 0.5126734453124999 0.07960665625 0.03404664843749998
1 0.98620146875 0.50329828125 0.027303109375000054 0.046382390625000006
1 0.011102167968749998 0.5126734453124999 0.022204335937499996 0.032072929687500015
1 0.357572046875 0.5052719999999999 0.045395531249999975 0.02565834374999998
1 0.136515546875 0.5126734453124999 0.013158124999999998 0.02861892187499997
1 0.8406309609375 0.54672009375 0.31873807812500005 0.19885216406249998
1 0.5631677395831337 0.47467939062559894 0.030921572916267338 0.013322601562499958
