1 0.9533061562499999 0.46925163281250004 0.01644765625000003 0.01529632031250001
1 0.09009912592796585 0.49836398437499996 0.01549482719703413 0.011348882812499994
1 0.9773197343750001 0.46629105468750004 0.01644765625000003 0.01529632031250001
1 0.4460604375 0.478626796875 0.025329390625 0.010362023437499968
1 0.11034881971779281 0.49773598197584457 0.04171723917331078 0.010900314284121571
1 0.41250721875 0.48060051562499984 0.025329390625 0.013322601562499958
1 0.483890046875 0.476653078125 0.010197546875000008 0.011348882812499994
1 0.2732105247254463 0.5000685613718111 0.027063870167729605 0.04736925000000003
1 0.21151685937499998 0.5050719548065813 0.03914542187499999 0.036020367187500034
1 0.549680671875 0.49540340625 0.030263687499999983 0.019737187499999996
1 0.44227748026321334 0.5013245625 0.0393099021382134 0.02565834374999998
1 0.470074015625 0.478626796875 0.02477674760128584 0.010776505705285632
1 0.014144981085435855 0.5126734453124999 0.02598730345412829 0.029359059004730702
1 0.995741109375 0.4808939067834375 0.007761515980624978 0.010655414595937529
1 0.92755682421875 0.5353712109375 0.1448863515625 0.1771412578125
1 0.104936046875 0.4943872341743448 0.046014353899126476 0.012335742187500021
1 0.09144896875 0.48144978001211686 0.010320902248824308 0.004777726657975556
1 0.3741512815459968 0.478626796875 0.01842137500000002 0.01470420680925244
1 0.06513271875 0.4939231171875001 0.0171055625 0.006414585937500039
1 0.507903625 0.47589396043392906 0.010096328348809299 0.011272968917857007
1 0.30928172470392856 0.5067522890625 0.04006649404607145 0.024671484375000042
1 0.074014453125 0.5126734453124999 0.04407971875 0.032072929687500015
1 0.9697538125000001 0.5126734453124999 0.057566796875000034 0.05970499218749996
1 0.6575772968749999 0.4909625390625 0.010197546874999948 0.019737187499999996
1 0.37270389062500003 0.502311421875 0.05296145312500003 0.02565834374999998
1 0.1241798028371225 0.5097128671875 0.022697763980219988 0.02812549157070752
1 0.815474796875 0.54672009375 0.31908453124999997 0.18947700000000003
1 0.5579045 0.4736925000000001 0.029079452697384413 0.012335742187500021
