1 0.2223723125 0.47961365625 0.068093296875 0.07105387499999996
1 0.35197984375 0.4899756796875 0.09046210937500003 0.0843764765625
1 0.302636875 0.4549421718750001 0.09210687499999999 0.04342181250000001
1 0.27171528125 0.4899756796875 0.06809329687499996 0.04736925000000003
1 0.25329390625 0.47665307812500013 0.008223828125000015 0.012335742187500021
1 0.610208046875 0.48800196093750003 0.01578974999999995 0.03108607031249999
1 0.30888698437500006 0.4880019609374999 0.017763468750000004 0.033059789062499956
1 0.7523157968749999 0.4899756796875 0.10493604687500001 0.049342968749999994
1 0.9734457851562499 0.48800196093750003 0.05310842968750009 0.08141589843750001
1 0.705604453125 0.49836398437499996 0.19145071875 0.049342968749999994
1 0.79146121875 0.48800196093750003 0.10296232812500002 0.05970499218749996
1 0.16743714062499998 0.4939231171875 0.018421374999999993 0.02565834374999998
1 0.038487515624999996 0.48800196093750003 0.07138282812499999 0.04736925000000003
