1 0.446389390625 0.47714650781250006 0.011184406250000004 0.017763468750000032
1 0.459547515625 0.46629105468750004 0.012829171875000019 0.012335742187500021
1 0.457573796875 0.48010708593750007 0.004605343750000005 0.012335742187500021
1 0.30822907812499994 0.5521478203125 0.06644853125000001 0.0675998671875
1 0.45856065625000003 0.48010708593749996 0.0036184843750000084 0.010855453125000025
1 0.512837921875 0.4771465078125 0.005592203125000002 0.010855453125000025
1 0.537838359375 0.520074890625 0.03223740625000004 0.036020367187500034
1 0.510206296875 0.4771465078125 0.005592203125000002 0.013816031250000017
1 0.6253398906249998 0.585207609375 0.09605431249999997 0.10954139062500001
1 0.57829959375 0.5422792265624998 0.05723784375000006 0.06069185156249999
1 0.52040384375 0.4771465078125 0.017434515625000025 0.016776609375000008
1 0.8829101874999999 0.5728718671874999 0.16052912499999994 0.13964060156249997
1 0.5240223281249999 0.4870151015625 0.04901401562499998 0.03157949999999996
1 0.46777134375 0.42632324999999993 0.00921068750000001 0.009868593749999998
1 0.5056009531250001 0.4801070859374999 0.004605343750000005 0.009868593749999998
1 0.468758203125 0.44013928125 0.004605343750000005 0.008388304687500004
1 0.52040384375 0.47171878125 0.01578975000000001 0.01924375781250003
1 0.39013840625 0.502311421875 0.004605343750000005 0.008388304687500004
1 0.3707301718749999 0.4884953906250001 0.040461234374999995 0.023684625000000015
1 0.4907980625 0.4539553125000001 0.010197546875000008 0.012335742187500021
2 0.527969765625 0.4682647734375001 0.005592203125000002 0.006908015625000008
1 0.494416546875 0.423362671875 0.00921068750000001 0.013816031250000017
1 0.4907980624999999 0.38487515625 0.006579062499999999 0.005427726562500013
1 0.5065878125 0.46925163281249993 0.011184406250000004 0.013816031250000017
1 0.46415285937500006 0.447047296875 0.010197546875000008 0.012335742187500021
1 0.41711256250000006 0.5077391484375001 0.07006701562500002 0.10806110156250001
1 0.1855295625 0.5975433515625 0.12072579687500001 0.12039684375000004
1 0.38388829687500003 0.520074890625 0.01578975000000001 0.033059789062500046
1 0.46020542187499996 0.45938303906249994 0.006579062499999999 0.006908015625000008
1 0.4621791406250001 0.45790275 0.010197546875000008 0.012335742187500021
1 0.34408496875 0.5407989375 0.039803328124999975 0.049836398437499964
1 0.45560007812500003 0.48010708593749996 0.004605343750000005 0.013816031250000017
1 0.441784046875 0.47467935937499994 0.005592203125000002 0.013816031250000017
1 0.35987471875000004 0.5314237734375 0.03519798437499997 0.04687582031249997
