1 0.532575109375 0.5817536015625 0.025987296875000017 0.032072929687500015
1 0.754289515625 0.571391578125 0.030263687499999983 0.023684625000000015
1 0.6644853125 0.577312734375 0.04605343750000005 0.0379940859375
1 0.8681072968749999 0.5817536015625 0.08848839062499998 0.058718132812500025
1 0.909555390625 0.5649769921875001 0.01578974999999995 0.01529632031250001
1 0.916134453125 0.5649769921875 0.032237406249999975 0.027632062500000033
1 0.503627234375 0.5886616171875 0.05690889062500002 0.03898094531250003
1 0.47895574999999996 0.784553203125 0.49967979687499997 0.3172752890625
1 0.6355374375 0.5704047187500001 0.026645203124999975 0.01529632031250001
1 0.422046859375 0.59014190625 0.06052737499999997 0.03898094531250003
1 0.7013280625 0.576325875 0.03651379687499994 0.027632062500000033
1 0.735868140625 0.575339015625 0.04868506250000001 0.02565834374999998
1 0.453626359375 0.5847141796875 0.021381953125000012 0.011348882812499994
1 0.33355846875 0.5866878984375 0.03421112500000003 0.02565834374999998
1 0.5710626249999999 0.5847141796875 0.07960665624999995 0.03898094531250003
1 0.7802768125 0.5639901328124999 0.004934296875000044 0.007401445312499977
2 0.46053437500000005 0.57435215625 0.008223828125000015 0.022697765624999987
1 0.77435565625 0.567444140625 0.01578974999999995 0.012335742187500021
1 0.960872078125 0.5649769921875 0.06052737499999997 0.03404664843749998
1 0.823698625 0.575339015625 0.045395531249999975 0.02565834374999998
