1 0.939152421875 0.5891550468750001 0.12169515625000002 0.14506832812499998
1 0.9013315624999999 0.5407989375 0.049342968749999966 0.045395531249999975
1 0.9658063749999999 0.5052719999999999 0.06644853124999996 0.03552693749999998
1 0.69409109375 0.6434323124999999 0.24704379687500003 0.20773389843749995
1 0.9521552231914449 0.5240223281249999 0.05460615297384581 0.024918458212357386
1 0.750342078125 0.4998442734374999 0.02861892187499997 0.030099210937499964
1 0.780605765625 0.5195814609375 0.0750013125 0.04292838281249996
1 0.26308026171875 0.8202358671875001 0.5261605234375 0.35952826562499995
1 0.7473814999999999 0.5309303437499999 0.022697765624999987 0.030099210937499964
1 0.8299487343749999 0.5649769921875 0.0750013125 0.06414585937500003
