1 0.6217214062499999 0.6947490000000001 0.13947612499999995 0.16973981249999995
1 0.38224353125000005 0.55264125 0.021381953125000012 0.027632062500000033
1 0.18750328125000001 0.5447463749999999 0.02598729687499999 0.013322601562499958
1 0.4144809375 0.5600426953125 0.043092859375 0.045395531249999975
1 0.276649578125 0.5600426953125 0.023355671874999977 0.04736925000000003
1 0.544417421875 0.5630032734375 0.021381953124999954 0.03503350781250001
1 0.12607128515625002 0.7998495234374999 0.25214257031250004 0.39967804687499997
1 0.039145421875 0.5931024843749999 0.07829084375 0.06069185156249999
1 0.011513359375 0.5146471640625 0.0144739375 0.013322601562499958
1 0.054277265625 0.5447463750000001 0.039145421875 0.023684625000000015
1 0.597049921875 0.571391578125 0.03651379687499994 0.04736925000000003
1 0.31776871875 0.5857010390624999 0.07138282812499999 0.058718132812500025
2 0.7276443125000001 0.624681984375 0.011513359374999983 0.066119578125
2 0.5615229843749999 0.5610295546875002 0.015131843749999992 0.054770695312500006
1 0.354282515625 0.5580689765625 0.033553218750000016 0.04736925000000003
1 0.52106175 0.5630032734375 0.03914542187500002 0.05032982812500002
1 0.3233609218750001 0.55066753125 0.05131668750000002 0.02861892187499997
1 0.041777046874999994 0.571391578125 0.060527375 0.057731273437499994
1 0.4585606562499999 0.5600426953125 0.03486903124999999 0.03404664843749998
1 0.033553218749999995 0.5176077421875 0.01578975 0.016283179687500038
1 0.0159542265625 0.5447463750000001 0.031908453125 0.0379940859375
2 0.735868140625 0.6301097109375 0.021381953124999954 0.06365242968749998
1 0.418099421875 0.6301097109375 0.10427814062499999 0.11003482031249998
1 0.12960753125 0.5393186484375 0.055593078125000014 0.03108607031249999
1 0.183884796875 0.5817536015624999 0.07960665624999998 0.06365242968749998
1 0.437836609375 0.5551083984374999 0.011513359374999983 0.02861892187499997
2 0.713170375 0.6113593828124999 0.021381953124999954 0.09375164062500004
1 0.6177739687499998 0.553628109375 0.013158124999999998 0.016283179687500038
1 0.5092194375000001 0.5857010390624999 0.04934296875000002 0.06167871093750001
1 0.10921243750000001 0.5763258749999999 0.07829084374999999 0.06069185156249999
1 0.24079368750000002 0.5694178593749999 0.05822470312500003 0.06365242968749998
