1 0.369312760840404 0.5735931031426539 0.022748489612756374 0.023684625000000015
1 0.16011047609025417 0.5816638029063563 0.04004258546525416 0.03225206407849699
1 0.2804322389212868 0.5960630625000001 0.027549914261113913 0.03157968008472789
1 0.444744625 0.5590558359374999 0.008223828125000015 0.007401445312499977
2 0.271057375 0.6083988046875 0.017105562499999987 0.07401445312500003
1 0.5212262006597078 0.5607827232811855 0.025658395555584156 0.01529632031250001
1 0.183884796875 0.6093856640624999 0.063159 0.06365242968749998
1 0.039145421875 0.6281359921874999 0.07829084375 0.05970499218749996
1 0.498363984375 0.5580689765625001 0.008223828125000015 0.012335742187500021
1 0.33421637499999995 0.5787930234375 0.008223828125000015 0.012335742187500021
1 0.22928032812500002 0.6024776484375 0.03092159375 0.03898094531250003
1 0.9219459354895185 0.5973789435314443 0.047588666302406914 0.03634938884394421
1 0.485863765625 0.5590558359375 0.008223828125000015 0.011348882812499994
1 0.31842662499999996 0.5857010390624999 0.024013578125000025 0.023684625000000015
1 0.25197809374999997 0.59803678125 0.02598729687499999 0.02565834374999998
1 0.147699953125 0.6123462421875 0.03486903124999999 0.04736925000000003
1 0.344413921875 0.5857010390624999 0.02828996874999999 0.033059789062500046
2 0.258228203125 0.624681984375 0.015131843749999992 0.04243495312499999
