1 0.3842177272994353 0.5319175610995766 0.011184406250000004 0.01282917187499999
1 0.338980825693852 0.5193324192590026 0.02368295445197622 0.008385082916311237
1 0.62303721875 0.5255026171874999 0.025987296875000017 0.016776609375000008
1 0.2921103749999999 0.5324106328125 0.010526499999999987 0.009868593749999998
1 0.47829784375 0.516127453125 0.011184406250000004 0.0019737187499999642
1 0.46579762499999994 0.5452398046874999 0.029934734375000004 0.04095466406249999
1 0.3434270625 0.5314237734375 0.02861892187500003 0.01578974999999998
1 0.468922679070723 0.5452398046875 0.021381953125000012 0.03861087350945782
1 0.368098546875 0.5225420390625001 0.0026316250000000116 0.003947437500000017
1 0.29145246874999997 0.5324106328125 0.010526499999999987 0.01578974999999998
1 0.5651414687499999 0.5120947676251113 0.007894874999999975 0.009868593749999998
1 0.378954 0.5205683203125 0.006579062499999999 0.003947437500000017
1 0.45823170312499995 0.5294500546875 0.025987296875000017 0.026151773437500036
1 0.47566621875000004 0.6201753360582389 0.1285768177888261 0.11779813305397813
1 0.5809312187500001 0.5333974921874999 0.025987296875000017 0.024178054687499985
2 0.35000612500000006 0.5363580703125 0.008223828125000015 0.032072929687500015
1 0.554943921875 0.516127453125 0.017434515624999966 0.009868593749999998
1 0.56777309375 0.5472135234375001 0.04407971874999994 0.04884953906250002
1 0.5647759682017325 0.5141537343749999 0.007894874999999975 0.009868593749999998
1 0.5561018362013123 0.5225420390624999 0.013487078124999977 0.009868593749999998
1 0.5450753281249999 0.5205683203125 0.01641110882673248 0.011842312499999962
1 0.39079631249999996 0.5215551796875001 0.008552781249999994 0.006908015625000008
1 0.5710626249999999 0.516127453125 0.00921068750000001 0.007894875000000034
1 0.5554532813964173 0.5262984667419686 0.022528012048188845 0.009868593749999998
1 0.6131686250000001 0.5205683203125 0.00921068750000001 0.005921156249999981
1 0.41152035937500003 0.5294500546875 0.013487078124999977 0.013816031250000017
1 0.604286890625 0.5452398046875 0.04079018750000003 0.0478626796875
1 0.39704642187499994 0.5304369140625 0.016118703124999988 0.013816031250000017
1 0.42303371875 0.5284631953124999 0.014802890625000013 0.01578974999999998
1 0.323689875 0.5324106328125 0.03947437499999999 0.01578974999999998
1 0.47435040625 0.5235288984375 0.011184406250000004 0.003947437500000017
1 0.445073578125 0.5255026171874999 0.03388217187499999 0.020230617187499966
1 0.5809312187500001 0.513166875 0.021381953124999954 0.011842312499999962
1 0.5140281460527213 0.5664572812499999 0.09475045296045904 0.13026543749999994
1 0.49836398437499996 0.7865269218750001 0.2421094758773337 0.3254990568808343
