1 0.687183078125 0.6345505781249999 0.255267625 0.11447568749999996
2 0.7278086459292447 0.5679375703125 0.012335980742925539 0.024918413918633052
1 0.8855418125 0.6705709453124999 0.13848926562500002 0.1731938203125
2 0.821395953125 0.5610295546874999 0.015131843749999992 0.032566359374999986
2 0.76646078125 0.5679375703125 0.013158124999999998 0.03404664843749998
1 0.8658046249999998 0.595076203125 0.14177879687499992 0.06710643750000003
2 0.8006719062500001 0.5679375703125 0.014144984375000055 0.03848751562499997
1 0.19194414843750002 0.9713487089843749 0.38388829687500003 0.05730258203125018
1 0.9705674453124999 0.6458994609375 0.058865109375000085 0.30592640625000006
1 0.2364029038919614 0.6348509212764382 0.0960543125 0.04902116372046468
1 0.70140155078125 0.8340518984374998 0.5971968984375 0.33189620312500007
2 0.71119665625 0.5664572812499999 0.011513359374999983 0.01282917187499999
1 0.08018232421875 0.776658328125 0.1603646484375 0.1801018359375
1 0.11546254687499999 0.639484875 0.11546254687499999 0.05723784375000003
2 0.9315952499999999 0.5565886875 0.011513359374999983 0.05131668750000005
