1 0.51382478125 0.492442828125 0.013158124999999998 0.02861892187499997
1 0.405599203125 0.5037917109375 0.04736925000000003 0.054277265625000036
1 0.43586289062499994 0.5037917109375 0.03125054687499998 0.04391524218749998
1 0.5194169843750001 0.49540340625 0.008552781249999994 0.02861892187499997
1 0.456915890625 0.49811698460837145 0.009539537016680555 0.01578974999999998
1 0.560207171875 0.5023114218750001 0.057895749999999954 0.06562614843750003
1 0.5052719999999999 0.4870151015625 0.007565921874999996 0.011348882812499994
1 0.480600515625 0.49540340625 0.022697869233319422 0.019737187499999996
1 0.38849364062499997 0.5240223281249999 0.07894874999999998 0.08388304687500003
1 0.53093034375 0.5008311328125 0.024671484375000042 0.04687582031249997
2 0.6618537911083192 0.49318273953753133 0.019079384858319413 0.06118528125000004
1 0.45198159375 0.5037917109375 0.015131843749999992 0.03848751562499997
1 0.463494953125 0.49540340625 0.005592203125000002 0.011348882812499994
1 0.46810029687499993 0.49540340625 0.006579062499999999 0.01282917187499999
1 0.47952401451377447 0.4868798386816423 0.010526499999999987 0.00933014312525735
1 0.521390703125 0.49540340625 0.010526499999999987 0.037007226562499974
1 0.49375864062499997 0.4855348124999999 0.008552781249999994 0.009868593749999998
2 0.955279875 0.492442828125 0.022697765624999987 0.08388304687500003
2 0.23092509374999998 0.5097128671875 0.01809242187500001 0.07845532031250002
1 0.49770607812499995 0.4870151015625 0.011513359374999983 0.011348882812499994
