1 0.008223828125 0.5240223281249999 0.01644765625 0.007401445312499977
1 0.07994695391607036 0.54672009375 0.0315795 0.02518193087410552
1 0.25724134374999996 0.5600426953125 0.05075277497320559 0.04736925000000003
1 0.14276565624999998 0.5349482610011795 0.022039859375000016 0.011348882812499994
1 0.48652167187500006 0.544746375 0.01578975000000001 0.014309460937499985
1 0.27039946875 0.5468845522200783 0.008662384045208308 0.012335742187500021
1 0.5111931562500001 0.54672009375 0.021381953125000012 0.024671484375000042
1 0.12164687213821326 0.55066753125 0.026710981809109018 0.028026816019819913
1 0.279939109375 0.5447463749999999 0.022697765624999987 0.02171090624999996
2 0.6424454531249999 0.618760828125 0.037171703125000025 0.11546254687499999
1 0.150989484375 0.575339015625 0.04868506250000001 0.05575755468750003
1 0.14605518749999996 0.5279697656249999 0.010855453124999996 0.007401445312499977
1 0.068751203125 0.5380110769728239 0.021612243255431828 0.014309460937499985
1 0.307571171875 0.5551083984374999 0.040461234374999995 0.02861892187499997
1 0.211516859375 0.5344273950920202 0.00953964062499999 0.007401445312499977
1 0.1860230579800988 0.5420323735542925 0.052139004519901215 0.019737187499999996
1 0.14342356250000002 0.54672009375 0.025987296875000003 0.010362023437499968
1 0.015460796874999998 0.5389897249188734 0.030921593749999997 0.019737187499999996
2 0.704288640625 0.5817536015625 0.014473937500000034 0.024671484375000042
1 0.21916490009023923 0.5590558359374999 0.08651467187499999 0.051069921467245386
1 0.20936891288684714 0.5327009507844881 0.014009576564658784 0.010362023437499968
1 0.06289583220400298 0.5954709377961479 0.12579166440800596 0.10164649292786994
1 0.17852755741474122 0.5837273203125001 0.06931512390910352 0.06266557031250004
1 0.07960665625 0.55264125 0.02730310937500001 0.010362023437499968
1 0.3684275 0.54672009375 0.032237406249999975 0.023684625000000015
2 0.11118615625 0.54277265625 0.013816031250000001 0.02861892187499997
1 0.14342356250000002 0.5560952578125 0.05493517187499998 0.02861892187499997
1 0.312176515625 0.5333974921875001 0.009750170625000009 0.012335742187500021
1 0.097370125 0.54672009375 0.022039859375 0.016283179687500038
1 0.5223775624999999 0.5383317890624999 0.004934296874999984 0.007401445312499977
1 0.104936046875 0.5831633926137745 0.054935171874999994 0.05815420511377454
1 0.404941296875 0.547706953125 0.036513796875000004 0.016283179687500038
1 0.03813325864703323 0.5418996664906744 0.024620876669066465 0.019737187499999996
1 0.025329390625 0.5314237734375 0.022039859375 0.019737187499999996
1 0.46119228125 0.5393186484375 0.015410968468965731 0.011348882812499994
1 0.33355846874999995 0.55066753125 0.03157950000000002 0.026645203125000006
2 0.5650318367144506 0.5403055078125 0.003289531250000029 0.009704102932912129
1 0.24331566803726423 0.5363580703125 0.025329390625 0.003947437500000017
1 0.41316512499999997 0.54672009375 0.01644765625000003 0.014309460937499985
