1 0.9381743124999999 0.528956625 0.016776609375000008 0.01282917187499999
1 0.26480726562499995 0.5368514999999999 0.022697765624999987 0.016776609375000008
1 0.4065860624999999 0.6454060312500001 0.2562544843749999 0.23141852343750005
1 0.5364114987602863 0.8457079960243041 0.9101588206224283 0.30858400795139174
1 0.5881681874999999 0.6824132578125 0.42994173437500005 0.17368724999999996
1 0.6421165 0.5496806718749999 0.07927770312499997 0.04391524218749998
1 0.9214437791758052 0.655274625 0.1571124416483895 0.17368725000000004
1 0.899686796875 0.5195814609375 0.014473937500000034 0.004934296875000044
1 0.98183408984375 0.5477069531250001 0.03633182031250008 0.04884953906250002
1 0.9294110019447482 0.5807667421875 0.11929156055525153 0.049481126978254686
1 0.9621878906250001 0.528956625 0.016118703125000047 0.01282917187499999
1 0.957582546875 0.545733234375 0.05263249999999999 0.02516491406250001
