1 0.8568367394218865 0.6852577341328299 0.2863265211562268 0.18166920035938655
1 0.8131721249999999 0.5314237734375 0.037171703125000025 0.03108607031249999
1 0.832580359375 0.5126734453124999 0.025987296875000017 0.026645203125000006
1 0.58422075 0.5496806718750001 0.08223828125000002 0.07401445312500003
1 0.7750135625000001 0.5250091875 0.024013578125000025 0.017270039062499975
1 0.10362023437500002 0.614813390625 0.20329303125 0.10707424218749999
1 0.7586023980361595 0.5536279964358073 0.18896521148022766 0.07258878880254657
1 0.950016625 0.545733234375 0.08289618749999998 0.07845532031250002
1 0.49014015624999996 0.55066753125 0.06809329687499996 0.045395531249999975
1 0.60330003125 0.5240223281249999 0.025987296875000017 0.018750328124999972
1 0.8345540781250002 0.5250091875 0.01644765625000003 0.016283179687500038
1 0.7690151113178523 0.5960630625000001 0.21217476562499998 0.10434554885894301
1 0.44296821595270397 0.8498416009447739 0.8598176988490986 0.30031679811045225
1 0.18536518296217766 0.5694178297742509 0.10329108720064463 0.05403049404648082
1 0.295728859375 0.5646068056450643 0.10419587694890317 0.058101459979935655
1 0.7947507500000001 0.525996046875 0.015131843749999992 0.016283179687500038
1 0.40428339062499996 0.5570821171875 0.08585676562499997 0.05230354687499998
