1 0.01011530859375 0.5245157578125 0.0202306171875 0.023191195312499958
1 0.7974996268290477 0.5049418190555 0.07620618767123813 0.03832374067364288
1 0.95962975390625 0.5003377031249999 0.0807404921875 0.03898094531250003
1 0.8171195624999998 0.5111931562499998 0.06611957812499997 0.04095466406249999
1 0.2229179802241461 0.5200739362250948 0.07269965865156548 0.03963910606914132
1 0.7125124687500001 0.5131668749999999 0.06743539062500001 0.055264124999999976
1 0.502969328125 0.49737712499999986 0.006579062499999999 0.009868593749999998
1 0.4911270156249999 0.5013245625 0.016118703124999988 0.02220433593750002
1 0.48224528125 0.494416546875 0.0026316250000000116 0.005921156249999981
1 0.47040296875 0.49737712500000003 0.005921156249999981 0.006908015625000008
1 0.39836223437499996 0.5072457187499999 0.016118703124999988 0.01282917187499999
1 0.47303459374999995 0.5003377031249999 0.007894874999999975 0.011842312499999962
1 0.648366609375 0.5353712109375 0.04473762500000002 0.06019842187500002
1 0.6153620147753943 0.5684303359042902 0.0885983368203154 0.10740341667773654
1 0.04276390625000001 0.5264894765625 0.06611957812500001 0.045888960937500035
1 0.9019894687500002 0.5003377031249999 0.061514234375000025 0.03108607031249999
1 0.542443689966217 0.5129695465489836 0.042237578618243475 0.055658860854730194
