1 0.818435375 0.6103725234375 0.2381620625 0.26842575
1 0.654945671875 0.520074890625 0.011842312499999962 0.03750065625000003
1 0.7047820912828946 0.4830676640624999 0.09095554276315786 0.06069185156249999
1 0.644748125 0.48967961713814134 0.03125054687500004 0.03996780468749996
1 0.808895734375 0.5037917109375 0.04144809374999999 0.010855453125000025
1 0.6503403281249999 0.5337114890644857 0.00577163593551416 0.03521291954018606
1 0.69014365625 0.49935084375 0.03125054687500004 0.027632062500000033
1 0.72040734375 0.5422792265625 0.07467235937500002 0.10510052343750002
1 0.5756679687499999 0.8241289441242532 0.3819145781249999 0.3517421117514936
1 0.68356459375 0.5203803451849127 0.01842137500000002 0.04292838281250004
1 0.6631695000000001 0.4874705802004547 0.006401942925808512 0.0063386838384094975
1 0.991793671875 0.571391578125 0.016338003380840387 0.020230618832243686
1 0.6236951249999999 0.52698290625 0.05361935937500005 0.06217214062499998
1 0.744311270345998 0.5574110695814969 0.10727526633565579 0.12467323583700578
1 0.758236953125 0.492442828125 0.023026718749999966 0.011701351319607678
1 0.6615247343749999 0.492442828125 0.010197546874999948 0.012335742187500021
1 0.79146121875 0.4840545234375 0.02861892187499997 0.023684625000000015
1 0.645734984375 0.5116865859375 0.019408234374999958 0.04292838281250004
1 0.9223170710089981 0.786894118095878 0.15536585798200378 0.4262117638082442
2 0.85988346875 0.4909625390625 0.01250021875000004 0.04440867187500004
1 0.691788421875 0.5230354687500001 0.019408234374999958 0.05131668749999996
1 0.6037539858519627 0.5222361115904439 0.1119690639769626 0.08415937247376126
1 0.5787930234374999 0.5935959140625 0.17944392968749992 0.1534566328125
