1 0.516127453125 0.51908803125 0.007565921874999996 0.011348882812499994
1 0.259544015625 0.55066753125 0.05888260937500001 0.054770695312500006
1 0.68356459375 0.5228460736710929 0.017763468749999945 0.02171090624999996
1 0.33355846874999995 0.5363580703124999 0.02828996874999999 0.027632062500000033
1 0.496390265625 0.5279697656249999 0.020724046874999996 0.018750328124999972
1 0.8565939374999999 0.5152827712237229 0.010197546874999948 0.011348882812499994
1 0.6986964375 0.5220486093750001 0.01578974999999995 0.017348537901981674
1 0.8144249438283713 0.52106175 0.008755747031742445 0.011348882812499994
1 0.48948225 0.522048609375 0.007565921874999996 0.011348882812499994
1 0.7218844183096448 0.5220486093750001 0.013158124999999998 0.012335742187500021
1 0.47566621875000004 0.51908803125 0.008223828125000015 0.008388304687500004
1 0.8207380468749998 0.5224945998180722 0.011693649018975924 0.012335742187500021
1 0.419415234375 0.5250091875 0.024671484374999983 0.032072929687500015
1 0.518759078125 0.5240223281249999 0.00953964062499999 0.012335742187500021
1 0.806111216043583 0.5230354687500001 0.011295602608957959 0.016547269377874763
1 0.36645378125 0.5486938125 0.04473762500000002 0.05131668749999996
1 0.47435040625 0.5240223281249999 0.008881734374999973 0.008388304687500004
1 0.7923642249988333 0.51008051718575 0.018008568748833297 0.04342181250000001
1 0.47698203125 0.5560952578125 0.05888260937500001 0.05970499218749996
1 0.435204984375 0.5240223281249999 0.014473937499999975 0.014309460937499985
1 0.48257423437499997 0.5156340234375 0.005592203125000002 0.007401445312499977
1 0.8224208359757197 0.5156340234375 0.013942609407759814 0.010096359391379917
1 0.45560007812500003 0.5403055078125 0.024671484374999983 0.04243495312499999
