1 0.40198071874999997 0.5560952578124999 0.056250984375 0.06069185156249999
2 0.607905375 0.5329040625 0.006250109374999961 0.04736925000000003
1 0.516127453125 0.5491872421874999 0.012829171875000019 0.010855453125000025
2 0.653629859375 0.5486938125 0.008881734375000032 0.06858672656250002
1 0.01381603125 0.6000105 0.02565834375 0.10756767187499996
1 0.4480341562499999 0.533890921875 0.03486903124999999 0.03996780468749996
1 0.28257073437499997 0.6537943359375 0.16645028125000003 0.17122010156250003
1 0.10394918750000001 0.602971078125 0.12960753125000002 0.11052825000000004
1 0.312834421875 0.5393186484375 0.021052999999999975 0.03996780468749996
1 0.580602265625 0.533890921875 0.023026718749999966 0.01924375781250003
1 0.2842155 0.5462266640625 0.06250109374999999 0.055264124999999976
1 0.48290318749999994 0.5432660859375 0.04243495312499999 0.05230354687499998
1 0.770079265625 0.5299434843749999 0.007236968750000017 0.009868593749999998
1 0.265794125 0.520074890625 0.010197546875000008 0.012335742187500021
1 0.26447619991322097 0.519575915397205 0.00838539988067879 0.011097810758518189
1 0.20066140625 0.551654390625 0.079277703125 0.07450788281250001
