2 0.694749 0.523304641276293 0.007864931423276052 0.03933946907263053
1 0.19210862499999998 0.5595492656250001 0.07697503124999999 0.07105387500000004
1 0.377967140625 0.516127453125 0.00921068750000001 0.013816031250000017
1 0.43619184375 0.5106997265625 0.01907928124999998 0.024178054687499985
1 0.31645290625 0.528956625 0.030263687499999983 0.016776609375000008
1 0.250991234375 0.5472135234375 0.05032982812499999 0.056250984375
1 0.39277217213446086 0.531917203125 0.030686076718995814 0.03432824125016385
1 0.09342268749999999 0.557575546875 0.051645640624999996 0.049836398437499964
1 0.025329390624999996 0.573365296875 0.05032982812499999 0.05723784375000003
4 0.025987296875000003 0.5363580703124999 0.0144739375 0.022697765624999987
1 0.42053445922234534 0.5131668750000001 0.015592092953238062 0.015986694117357113
1 0.12171265625000001 0.5620164140625 0.07697503125 0.05723784375000003
1 0.28487340625 0.5333974921874999 0.01907928124999998 0.024178054687499985
1 0.36250634374999996 0.5225420390624999 0.025329390625 0.024178054687499985
1 0.5215225291699799 0.5233317713574799 0.026909263206592905 0.034146435952409515
2 0.6363052490217885 0.5172787303940104 0.008223828124999954 0.03404664843749998
