1 0.740473484375 0.5002390296217293 0.01822398654602774 0.01983586100327086
1 0.41231926486908016 0.5281107197578931 0.015084844001973312 0.017763468750000032
2 0.45066578124999995 0.5205683203125 0.007236968750000017 0.022697765624999987
2 0.30559745312500003 0.5432660859375 0.004605343750000005 0.02171090624999996
1 0.8315935000000001 0.6429388828124999 0.27862329687500004 0.31431471093749996
1 0.3995841042378384 0.5321991233734453 0.009351693792703071 0.014027540689054607
1 0.421388953125 0.5215551796875001 0.010197546875000008 0.01529632031250001
1 0.35855890570176036 0.5435950412554587 0.02500043750000002 0.027138634457219
2 0.812185265625 0.49342968750000005 0.011842312499999962 0.036513796875000004
1 0.6863278349988975 0.5660625262503544 0.1032913124990157 0.1311536315618503
1 0.0261517734375 0.606918515625 0.052303546875 0.04835610937499997
1 0.6029710770285206 0.5185946040295786 0.010197546874999948 0.020230616365140452
1 0.27138632812499996 0.5600426953125 0.032237406249999975 0.029112351562500027
2 0.44752022051034895 0.5088184739348083 0.005263250000000023 0.005612734362168225
1 0.3895902336411838 0.5348776883255433 0.01644765625000003 0.02245109724347838
1 0.5922471896710277 0.5092194582237152 0.008815952039486064 0.008684387368458335
1 0.552970203125 0.579286453125 0.14539728125000007 0.13223915625
1 0.5730363437499999 0.7766583281249999 0.27039946875 0.3310913203124999
1 0.6171160661548843 0.5223775369158087 0.032237406249999975 0.03207292420517334
2 0.910871203125 0.5126734453124999 0.016118703125000047 0.07154730468750001
1 0.3932966497942658 0.5209629491973525 0.019013414048235037 0.014112146495073752
1 0.6178836146746521 0.4957323670505218 0.018092414199478313 0.012335742187500021
2 0.4496789218749999 0.529943484375 0.008881734374999973 0.02565834374999998
1 0.6098790937500002 0.5077391484375 0.027632062500000033 0.01924375781250003
1 0.37171703125 0.5383318005757827 0.015131851425521722 0.023684625000000015
1 0.5602071718750001 0.5063293138858531 0.03486903125000005 0.013816031250000017
1 0.5620164184482931 0.4876729902693274 0.026480730948293167 0.023684625000000015
1 0.5723784374999998 0.5230354687500001 0.07368549999999997 0.07450788281250001
2 0.63751115625 0.492442828125 0.005263250000000023 0.02171090624999996
1 0.618812870374592 0.5370851071129895 0.03275681819495103 0.05240735930276923
1 0.6528523760948697 0.5464285272588798 0.06715132335094118 0.09904483276753204
1 0.485863765625 0.520074890625 0.026645203124999975 0.036020367187500034
2 0.4562580176799011 0.5172376386985302 0.005263250000000023 0.014802890625000042
1 0.5830929264232962 0.48927074871590753 0.01828041079829627 0.020724046875000023
