1 0.98488565625 0.5324106328125 0.023355671874999945 0.00937516406250003
1 0.51053525 0.6498468984375 0.20658256249999998 0.1337194453125
2 0.916134453125 0.547706953125 0.007565921874999996 0.011348882812499994
1 0.8250144375 0.545733234375 0.02828996874999999 0.010362023437499968
1 0.229938234375 0.6370177265625 0.28750503125 0.15246977343749996
1 0.8996867968749999 0.6044513671875 0.122041609375 0.08536333593750003
1 0.7322496562499999 0.6000105 0.15855540624999995 0.10707424218749999
1 0.9013315624999999 0.5403055078125 0.004276390624999967 0.006414585937500039
1 0.5750100625 0.5383317890624999 0.017105562499999987 0.01529632031250001
2 0.8092246874999999 0.5639901328125001 0.010197546874999948 0.046382390625000006
1 0.9887421054687501 0.5353712109375 0.02251578906250001 0.00937516406250003
1 0.96778009375 0.5353712109375 0.006908015625000038 0.003947437500000017
2 0.84409371875 0.571391578125 0.010855453125000025 0.05575755468750003
2 0.7618554375 0.55264125 0.003289531250000029 0.011348882812499994
1 0.9424507031249999 0.5817536015625 0.07960665624999995 0.06266557031250004
1 0.754289515625 0.5447463750000001 0.00953964062499999 0.006414585937500039
1 0.735868140625 0.5412923671875 0.01907928124999998 0.007401445312499977
1 0.9463981406249999 0.55264125 0.04111914062500001 0.019737187499999996
1 0.9798603710937499 0.5664572812499999 0.04027925781250007 0.06069185156249999
2 0.8908050624999999 0.55264125 0.00953964062499999 0.017270039062499975
