1 0.100988609375 0.514153734375 0.042434953125 0.02861892187499997
1 0.086843625 0.5639901328125 0.111515109375 0.056250984375
1 0.1802663125 0.53093034375 0.08552781250000002 0.04342181250000001
2 0.018750328125 0.520074890625 0.007894875 0.037007226562499974
1 0.5028051738946593 0.5501741015624999 0.06250108059358528 0.06908015625
1 0.34276915624999993 0.5437595156249999 0.07631712499999997 0.059211562499999995
1 0.294413402098196 0.5368515197346221 0.07286317639136601 0.07154732442212204
1 0.62961628125 0.5363580703124999 0.09177792187500002 0.06167871093750001
1 0.19638501562500005 0.5595492656250001 0.14276565625 0.08289618750000001
1 0.7365260468749999 0.5373449296875 0.09539640625000002 0.05723784375000003
1 0.22895137499999998 0.516127453125 0.02467148437500001 0.01282917187499999
1 0.48619271875 0.5353712109375 0.04934296875000002 0.033059789062500046
1 0.36250634374999996 0.52698290625 0.008552781249999994 0.011842312499999962
1 0.09539640624999998 0.5363580703124999 0.06644853125 0.03898094531250003
1 0.149673671875 0.5245157578125 0.03815856250000001 0.03059264062500002
2 0.915476546875 0.5551083984374999 0.016118703125000047 0.07796189062499996
1 0.57961540625 0.5605361249999999 0.06710643750000003 0.059211562499999995
1 0.063487953125 0.5195814609375 0.005592203125000002 0.016776609375000008
1 0.384546203125 0.5373449296875 0.03125054687499998 0.03157949999999996
1 0.44309985937499996 0.5501741015625 0.06348795312500002 0.0478626796875
1 0.8190932812499999 0.545733234375 0.11250196875 0.06463928906250001
2 0.029934734374999997 0.5215551796875001 0.006579062499999999 0.03503350781250001
