1 0.14013403125 0.57435215625 0.10987034374999999 0.07401445312500003
1 0.20658256249999998 0.57435215625 0.05822470312499999 0.057731273437499994
1 0.24594702326951445 0.5911287656249999 0.08651427709177166 0.057402122920885826
1 0.5579044999999999 0.577312734375 0.14769995312499998 0.08980420312500001
1 0.913502828125 0.5620164140624999 0.12434428124999997 0.07105387499999996
1 0.38915154687500003 0.5807667421875 0.166779234375 0.09276478125000001
1 0.6591966465269408 0.5444428378480591 0.039803328124999975 0.023684625000000015
1 0.01192455078125 0.5837273203125 0.0238491015625 0.04095466406249999
1 0.05643860635091878 0.577312734375 0.059541130292142135 0.046382390625000006
1 0.9815961249999998 0.5403055078125 0.013158124999999998 0.012335742187500021
1 0.5098773437499999 0.549680671875 0.040461234374999995 0.019737187499999996
1 0.008388304687499999 0.5580689765625001 0.016776609374999998 0.012335742187500021
1 0.0802645625 0.5674441406249999 0.015131843749999992 0.014309460937499985
1 0.278623296875 0.57435215625 0.05427726562500001 0.045395531249999975
