1 0.5391541718749999 0.5556018281250001 0.10460709375000003 0.09128449218750001
1 0.36250634374999996 0.5491872421874999 0.0855278125 0.08388304687500003
1 0.053619359374999995 0.5407989375 0.081251421875 0.05082325781249999
1 0.089146296875 0.5353712109375 0.005592203125000002 0.01282917187499999
2 0.489153296875 0.5950762031250001 0.024671484374999983 0.12779828906250001
1 0.058635894531249996 0.5955696328125 0.11727178906249999 0.08388304687500003
1 0.4967192187499999 0.5704047187500001 0.14342356249999993 0.09128449218750001
1 0.100330703125 0.545733234375 0.03684275 0.041448093749999956
1 0.910213296875 0.5955696328124999 0.175989921875 0.102633375
1 0.385862015625 0.5437595156249999 0.029605781250000025 0.024178054687499985
