1 0.352966703125 0.5393186484375 0.022697765624999987 0.02516491406250001
1 0.18618746875000003 0.5501741015625001 0.061514234375 0.063159
1 0.81514584375 0.508956292807816 0.005921156249999981 0.008881734374999973
1 0.12269951562499999 0.558562465463635 0.05789578947575664 0.05082325781249999
1 0.10320902415639042 0.5362347599215239 0.03273082339592695 0.014432808953195231
1 0.47829784375 0.5215551796875 0.006579062499999999 0.008881734374999973
1 0.61382653125 0.5205683203125 0.023355671874999945 0.009868593749999998
1 0.823369671875 0.5106997580196256 0.012171265624999943 0.00518099599018722
1 0.09197533322141463 0.5412922685089634 0.03085578996786178 0.018651622451792704
1 0.8500148848686758 0.5120978205192074 0.017873126370783983 0.009868593749999998
1 0.8262205144572542 0.5172783454318349 0.012171265624999943 0.0057894735987050975
1 0.4743504062500001 0.7564277109374999 0.25625448437500004 0.36415110937499995
1 0.931924203125 0.509466166529818 0.012171265624999943 0.016776609375000008
1 0.4289548749999999 0.5225420390625 0.006579062499999999 0.008881734374999973
1 0.434218125 0.5215551796875001 0.005921156249999981 0.003947437500000017
1 0.51777221875 0.5284631953124999 0.021381953125000012 0.01282917187499999
1 0.04736925 0.5383317890624999 0.03388217187499999 0.01578974999999998
1 0.675669800993627 0.5240226365386015 0.017434515624999966 0.01282917187499999
1 0.418428375 0.5264894765625 0.007236968750000017 0.008881734374999973
1 0.46645553125 0.5225420390625 0.007894874999999975 0.007894875000000034
1 0.09539640625000002 0.5644835624999999 0.02730310937500001 0.04095466406249999
1 0.8514451011900214 0.5167281249976121 0.012171265624999943 0.003947437500000017
1 0.38421700326911873 0.5309304054327203 0.00937481452708487 0.015296505360660984
1 0.04605343750000001 0.5684313700963218 0.06480384786862708 0.05082325781249999
1 0.301650015625 0.5383317890624999 0.024013578125000025 0.026151773437500036
1 0.10189323046875 0.845524138671875 0.2037864609375 0.3089517226562499
1 0.6527839830660599 0.5183126961707865 0.0016917526178797716 0.009868593749999998
1 0.461521234375 0.5284631953125 0.022697765624999987 0.010855453125000025
