1 0.42336267187500004 0.48898882031249985 0.025329390625 0.018750328124999972
1 0.4276390625 0.5126734453124999 0.08388304687499998 0.04440867187500004
1 0.311518609375 0.4899756796875 0.02203985937500003 0.008388304687500004
1 0.45362635937499995 0.476653078125 0.039803328124999975 0.03404664843749998
1 0.30197896875 0.5363580703124999 0.14539728125000004 0.09473849999999998
1 0.476324125 0.551654390625 0.12500218749999997 0.12878514843750005
1 0.9368584999999999 0.505272 0.06381690625 0.07944217968750004
1 0.1934244375 0.5067522890625 0.08848839062499998 0.04736925000000003
1 0.708236078125 0.5003377031249999 0.06875120312500003 0.05970499218749996
1 0.8394883750000001 0.504285140625 0.05361935937500005 0.075988171875
1 0.404941296875 0.5876747578125 0.21612220312500002 0.11842312499999999
1 0.687183078125 0.5190880312499999 0.0618431875 0.033059789062499956
1 0.6217214062499999 0.5343843515625 0.09046210937499997 0.09473849999999998
1 0.10987034374999999 0.551654390625 0.06052737499999998 0.10608738281250005
1 0.64935346875 0.48898882031249996 0.07894874999999998 0.04243495312499999
1 0.231911953125 0.5560952578125 0.03782960937500001 0.07302759375000001
1 0.916134453125 0.6498468984375 0.165463421875 0.15148291406250003
1 0.77961890625 0.5003377031249998 0.08717257812499994 0.08338961718749997
1 0.6924463281249998 0.6009973593749999 0.21217476562499998 0.14210775
1 0.14539728125 0.49836398437499996 0.04671134375000001 0.019737187499999996
