1 0.33059789062499995 0.52698290625 0.025329390625 0.0281254921875
1 0.46513971875 0.537838359375 0.029276828124999987 0.044902101562500005
1 0.081251421875 0.5955696328125001 0.143752515625 0.045888960937500035
1 0.437178703125 0.5718850078125 0.100330703125 0.03108607031249999
1 0.4039544375 0.525996046875 0.05000087499999998 0.03996780468749996
1 0.52106175 0.531917203125 0.09046210937500003 0.06069185156249999
1 0.423691625 0.531917203125 0.06513271874999997 0.03996780468749996
1 0.31941348437499995 0.5116865859375 0.03454007812500001 0.03108607031249999
1 0.2223723125 0.5817536015625 0.15493692187500002 0.0379940859375
1 0.2421095 0.5028048515625 0.027303109374999992 0.008881734374999973
1 0.24276740624999996 0.5250091874999999 0.03914542187499999 0.024178054687499985
1 0.675340765625 0.545733234375 0.07039596874999994 0.045888960937500035
1 0.22368812499999996 0.5028048515625 0.024013578124999994 0.008881734374999973
1 0.17960840625 0.4998442734374999 0.023355671875000004 0.01578974999999998
1 0.33717695312499996 0.5758324453125001 0.12039684374999998 0.0379940859375
1 0.1828979375 0.5057654296874999 0.01250021875000001 0.011842312499999962
1 0.18487165625 0.5116865859375 0.007236968749999987 0.003947437500000017
1 0.274675859375 0.5037917109375 0.04111914062500001 0.024178054687499985
1 0.23224090624999996 0.5205683203125 0.032566359374999986 0.019737187499999996
1 0.36316425 0.5195814609374999 0.07039596875 0.04687582031249997
1 0.231583 0.5087260078125 0.03717170312499999 0.011842312499999962
1 0.28750503125 0.5106997265625 0.027961015625000012 0.011842312499999962
1 0.622708265625 0.5447463750000001 0.07105387500000002 0.04884953906250002
