1 0.144739375 0.6034645078125 0.10625185937499998 0.0942450703125
2 0.3677191457586892 0.5183288755888027 0.008021386615347363 0.023267067894063232
2 0.6803847555755468 0.5082325781249999 0.013158124999999998 0.030099210937499964
2 0.37599342187499996 0.5181011718749999 0.008552781249999994 0.024178054687499985
1 0.44277090625 0.46333047656250004 0.01578975000000001 0.020724046875000023
1 0.30428164062499996 0.553628109375 0.05361935937499999 0.05378383593749998
1 0.21217476562499998 0.58224703125 0.07664607812500002 0.08042903906249999
1 0.427968015625 0.4870151015625 0.02203985937500003 0.024671484375000042
1 0.5041206097884907 0.5232823735527822 0.08799508757685472 0.15851451777391407
1 0.0486850625 0.6310965703125 0.097370125 0.1618449375
1 0.8991846171874999 0.6380045859375 0.20163076562500007 0.19490472656249996
1 0.25485584562531716 0.5691713344902821 0.05542880056720033 0.06500951058165025
1 0.31645290625 0.520074890625 0.026645203124999975 0.026151773437500036
1 0.6134975781249999 0.5106997265625 0.033224265625000034 0.03996780468749996
1 0.43619184375000003 0.47467935937500005 0.01578975000000001 0.020724046875000023
1 0.6181029218749999 0.52698290625 0.04046123437500005 0.04687582031249997
1 0.484219 0.437178703125 0.00921068750000001 0.013816031250000017
1 0.4934296875 0.4317509765625 0.012829171875000019 0.013816031250000017
1 0.741789296875 0.567444140625 0.10427814062500004 0.11891655468750004
1 0.697380625 0.5047785703125001 0.039803328124999975 0.03454007812500004
1 0.450336828125 0.5106997265625 0.024013578125000025 0.027632062500000033
1 0.4934296875 0.44260642968749997 0.017434515625000025 0.01924375781250003
1 0.64935346875 0.506258859375 0.04704029687499999 0.03157949999999996
1 0.4197441874999999 0.5106997265625 0.02203985937499997 0.027632062500000033
1 0.45560007812500003 0.4939231171875 0.023026718750000025 0.03059264062500002
1 0.6605378749999999 0.54672009375 0.06085632812499995 0.06069185156249999
1 0.47698203125 0.4371787031250001 0.01578975000000001 0.017763468750000032
1 0.7904743593750001 0.6044513671874999 0.12171265625000001 0.12187713281249994
