1 0.39112526562500005 0.5176077421875 0.013816031250000017 0.01529632031250001
2 0.607576421875 0.52106175 0.003947437499999987 0.027632062500000033
1 0.49014015624999996 0.5353712109375 0.05131668750000002 0.03898094531250003
1 0.514153734375 0.52106175 0.025987296875000017 0.023684625000000015
1 0.40362548437499995 0.5163737991171488 0.0019737187499999937 0.012335742187500021
1 0.6632799332138828 0.613992181070824 0.1125029073566593 0.12039684375000004
1 0.5773127343750001 0.5600426953125 0.05822470312499999 0.07401445312500003
1 0.28268448817946645 0.542525572157598 0.04007589667930276 0.03815733167116005
1 0.4759458838012634 0.5329287065368683 0.03217168881835117 0.03898094531250003
1 0.7302759374999999 0.5156340234375 0.017763468749999945 0.012335742187500021
1 0.467442390625 0.52106175 0.011513359374999983 0.023684625000000015
1 0.030921593749999997 0.5383317890624999 0.027303109375000002 0.022697765624999987
1 0.400830583443381 0.5178576987346288 0.008223828125000015 0.014309460937499985
1 0.81251421875 0.5003377031249998 0.14967367187500003 0.049342968749999994
1 0.532575109375 0.5314237734375 0.008223828124999954 0.014309460937499985
1 0.6684327499999999 0.5230354687500001 0.04605343750000005 0.023684625000000015
1 0.704946546875 0.5156340234375 0.03157950000000002 0.014309460937499985
1 0.76119753125 0.6878409843750001 0.21217476562499998 0.19786530468750002
2 0.5883327841315913 0.5136610251020478 0.007565921874999996 0.012335742187500021
2 0.6007279864543608 0.5198953928113083 0.007565921874999996 0.013860337802965805
1 0.33783485937499996 0.5314237734375 0.024013578125000025 0.026645203125000006
1 0.5165971059489604 0.7828956909197339 0.2663569237958415 0.32865799828067443
1 0.547706953125 0.54672009375 0.033553218750000016 0.057731273437499994
1 0.81119840625 0.525996046875 0.06315900000000003 0.017270039062499975
1 0.968438 0.504285140625 0.03092159374999994 0.01529632031250001
1 0.16677923437499997 0.5630032734375 0.07763293750000001 0.07401445312500003
1 0.467580998533618 0.5263591706612194 0.009920331057764227 0.029422775409085312
1 0.36250634374999996 0.5240223281249999 0.020724046874999996 0.017270039062499975
1 0.38092771875 0.5204043349833919 0.013485604424824693 0.01529632031250001
1 0.501653515625 0.5733652968749999 0.06809329687500003 0.09671362665998888
1 0.40625710937500004 0.5146471640625 0.010197546875000008 0.01529632031250001
1 0.735868140625 0.5176077421875 0.010197546874999948 0.011348882812499994
1 0.47895574999999996 0.5931024843749999 0.09967279687499998 0.08980420312500001
1 0.60527375 0.5817536015624999 0.07960665624999995 0.09473849999999998
1 0.639813828125 0.520074890625 0.022697765624999987 0.01529632031250001
1 0.9039631875 0.5156340234375 0.03092159374999994 0.03108607031249999
