1 0.416783609375 0.5496806718749999 0.02171090624999999 0.032566359374999986
1 0.454942171875 0.5166208828124998 0.00953964062499999 0.009868593749999998
1 0.4407971875 0.537838359375 0.010526499999999987 0.01578974999999998
1 0.480600515625 0.5181011718749999 0.01907928124999998 0.03996780468749996
1 0.4302706875 0.5407989375 0.01907928124999998 0.02565834374999998
2 0.42533639062499995 0.527969765625 0.005592203125000002 0.011348882812499994
1 0.37040121875000004 0.5738587265625 0.04572448437500001 0.05970499218749996
1 0.4539553125 0.5225420390624999 0.011513359374999983 0.01578974999999998
1 0.135857640625 0.804322759765625 0.27171528125 0.39135448046875004
1 0.4407971875 0.5264894765625 0.013158124999999998 0.008388304687500004
1 0.21743801562499998 0.6463928906249998 0.07204073437500001 0.07253416406249995
1 0.459547515625 0.5136603046875 0.007565921874999996 0.008388304687500004
1 0.65066928125 0.6518206171875 0.157568546875 0.18799671093750003
1 0.566128328125 0.5837273203125 0.06743539062500001 0.09523192968750002
1 0.4644818124999999 0.5037917109375 0.008552781249999994 0.006908015625000008
1 0.450007875 0.5324106328125 0.007565921874999996 0.01578974999999998
1 0.395072703125 0.5610295546874999 0.026645203124999975 0.03552693749999998
1 0.39803328125 0.5565886874999999 0.029276828124999987 0.041448093749999956
1 0.463494953125 0.5052719999999999 0.006579062499999999 0.008388304687500004
1 0.506258859375 0.5294500546875 0.01907928124999998 0.02565834374999998
1 0.47402145312499994 0.5393186484374999 0.020066140624999975 0.027138632812499973
1 0.531917203125 0.5521478203125 0.032237406249999975 0.04835610937499997
1 0.463494953125 0.5240223281249999 0.011513359374999983 0.017270039062499975
1 0.5329040625 0.5738587265625 0.017105562500000046 0.06414585937500003
1 0.51382478125 0.5407989375 0.02171090624999999 0.032566359374999986
1 0.5832338906249999 0.5935959140625 0.07697503124999999 0.09819250781250002
1 0.5993525937499998 0.6222148359374999 0.084540953125 0.12829171874999998
1 0.471060875 0.5082325781249999 0.006579062499999999 0.01578974999999998
1 0.4928804905443986 0.5181043502720295 0.0029605781249999906 0.01381550151716171
1 0.2631625 0.6276425625 0.07697503125000002 0.08240275781250003
