1 0.881923328125 0.614813390625 0.168752953125 0.11842312499999999
1 0.356914140625 0.551654390625 0.05131668750000002 0.06908015625
1 0.400993859375 0.5023114218750001 0.007565921874999996 0.006414585937500039
1 0.9128449218749999 0.5314237734375 0.05427726562500001 0.036020367187500034
2 0.52566709375 0.5393186484375 0.014473937499999975 0.036020367187500034
2 0.5490227656250002 0.5230354687500001 0.008881734375000032 0.03108607031249999
1 0.41941523437500006 0.504285140625 0.008223828125000015 0.010362023437499968
1 0.29309723437499996 0.528956625 0.030263687499999983 0.026645203125000006
1 0.97361026171875 0.5753390156249999 0.052779476562500115 0.049342968749999994
2 0.515469546875 0.551654390625 0.01578975000000001 0.058718132812500025
1 0.954284265625 0.5437595156249999 0.09143146875000004 0.045395531249999975
1 0.7921191249999999 0.5314237734375 0.04868506250000001 0.0379940859375
1 0.34671659375 0.5077391484375 0.010197546875000008 0.011348882812499994
1 0.3039526875 0.5960630625000001 0.09671221875000002 0.11940998437500001
1 0.864817765625 0.5477069531250001 0.056250984375 0.023684625000000015
1 0.4490210156250001 0.6093856640624999 0.11677835937500003 0.1574040703125
1 0.4083948633125021 0.504285140625 0.008223828125000015 0.010362023437499968
1 0.31908453124999997 0.5116865859375 0.01644765625000003 0.01529632031250001
1 0.33355846875 0.5240223281249999 0.02894787500000001 0.03108607031249999
1 0.33355846874999995 0.504285140625 0.00953964062499999 0.006414585937500039
1 0.43092859375 0.5077391484374999 0.013158124999999998 0.013322601562499958
1 0.381585625 0.4993508437500001 0.003289531250000029 0.006414585937500039
1 0.3720459843750001 0.5023114218750001 0.008223828125000015 0.006414585937500039
1 0.386519921875 0.5013245625 0.00625010937500002 0.004934296875000044
1 0.37829609375 0.49836398437499996 0.005592203125000002 0.008388304687500004
