1 0.09934384375000001 0.5615229843749999 0.06875120312499998 0.06118528124999996
1 0.0032895312499999995 0.5985302109375 0.006579062499999999 0.0379940859375
1 0.94285314453125 0.563496703125 0.11429371093750001 0.07796189062499996
1 0.24539903125 0.5610295369240668 0.05460621875000002 0.045888960937500035
1 0.21414833470195177 0.5383317890624999 0.04227048903525402 0.016653317435083626
1 0.33224265625 0.5452398046874999 0.025987296875000017 0.024178054687499985
1 0.44116713563582277 0.5284631953124999 0.006661317331890319 0.006167920745670852
1 0.15669129248730806 0.5592202434184621 0.04824650438769194 0.04884953906250002
1 0.192108625 0.563496703125 0.0539483125 0.04292838281250004
1 0.4276390625 0.5605361249999999 0.04079018750000003 0.045888960937500035
1 0.30795493804793383 0.5466378741780994 0.026645203124999975 0.03898094531250003
1 0.24803065625 0.5383317890624999 0.025329390625 0.010855453125000025
1 0.281583875 0.5452398046874999 0.050000875000000014 0.055264124999999976
1 0.46579762499999994 0.5353712109375 0.016776609375000008 0.01924375781250003
1 0.221385453125 0.5605361249999999 0.024013578124999994 0.0379940859375
1 0.414809890625 0.5314237734375 0.007236968750000017 0.008881734374999973
1 0.36661794838903294 0.5329040890220114 0.020724082237681962 0.024671510897011473
1 0.4464990110555723 0.5266539623083283 0.0073466259138855365 0.009868593749999998
1 0.5957341093749999 0.58224703125 0.19210862499999995 0.09128449218750001
1 0.464584591569464 0.5257287912430361 0.003289531250000029 0.003947437500000017
1 0.46020542187499996 0.5245157578125001 0.004605343750000005 0.003947437500000017
