1 0.30493954687499997 0.5324106328125 0.11118615624999997 0.06414585937500003
1 0.8605413750000002 0.5437595156249999 0.09506745312500003 0.06710643750000003
1 0.5898129531249999 0.5195814609374999 0.09210687499999999 0.07253416406249995
1 0.11118615625 0.4968836953124999 0.08256723437499999 0.06118528124999996
1 0.20526675 0.5052719999999999 0.11118615625 0.08092246875000005
1 0.6723801875 0.5264894765625 0.09408059374999998 0.07549474218750003
2 0.03125054687499999 0.46382390625000003 0.014144984374999996 0.06118528125000004
1 0.080593515625 0.5679375703125 0.15954226562499998 0.09967279687500001
2 0.016118703125 0.4682647734375 0.016118703124999998 0.06414585937500003
1 0.15411453906249997 0.7574145703124999 0.30822907812499994 0.3261570234375
1 0.013158125 0.4810939453125 0.023684625 0.03996780468749996
1 0.765473921875 0.5264894765625 0.11118615624999997 0.09967279687500001
1 0.8697520624999999 0.5482003828125 0.11217301562500002 0.05575755468750003
1 0.91251596875 0.5407989375 0.048356109375000025 0.04292838281250004
