1 0.18750328125000001 0.5465349886958804 0.06311786554352894 0.06019842187500002
1 0.81514584375 0.5072457187499999 0.005921156249999981 0.008881734374999973
1 0.12862067187499998 0.557575546875 0.057999631902479525 0.05082325781249999
1 0.105265 0.5314237734375 0.033224265625000006 0.016776609375000008
1 0.47895574999999996 0.5205683203125 0.007236968750000017 0.010855453125000025
1 0.8234554821643304 0.505272 0.012171265624999943 0.009010449808995614
1 0.9605431249999999 0.5013245625 0.02203985937500003 0.01578974999999998
1 0.09539640625000002 0.5375423157732323 0.033882171875000006 0.021217476562499994
1 0.8497568713374195 0.5060460109877412 0.017434515624999966 0.009868593749999998
1 0.4685937257400802 0.5205683203125 0.006579062499999999 0.008881734374999973
1 0.825343390625 0.5092194375 0.012697588151280451 0.007894875000000034
1 0.476324125 0.7918636601562501 0.3336623443103278 0.4162726796875
1 0.931266296875 0.5072457187499999 0.014144984375000055 0.013816031250000017
1 0.04802715625 0.5353712109375 0.035012656818812556 0.016637613707859433
1 0.676327625 0.5199104093631293 0.017434515624999966 0.01282917187499999
1 0.42829696874999995 0.5383317890624999 0.03322426562499998 0.0478626796875
1 0.09737012500000002 0.5578222558591187 0.03067487695303955 0.04502545605455932
1 0.848995139078422 0.5092194375 0.012171265624999943 0.003947437500000017
1 0.04662910742196044 0.5644835625 0.06414585937499999 0.05082325781249999
1 0.41280713008048264 0.5211198023868908 0.007682026648781637 0.009433216449390791
1 0.08248499609375 0.8626708203125 0.1649699921875 0.27465835937499994
1 0.45560007812500003 0.5284631953125 0.016776609375000008 0.020230617187499966
