1 0.135199734375 0.57435215625 0.10855453125000002 0.07302759375000001
1 0.20592465625 0.5723784375 0.05822470312499999 0.057731273437499994
1 0.24507007812499998 0.5911287656249999 0.08519885937499998 0.05674441406249997
1 0.57172053125 0.5827404609375 0.14769995312499998 0.09177792187499997
1 0.9135028281249998 0.5600426953125 0.122041609375 0.07401445312500003
1 0.38762855267406643 0.5807667421875 0.16729843694350013 0.09276478125000001
1 0.6588931093749999 0.5447463750000001 0.039803328124999975 0.023684625000000015
1 0.00995083203125 0.5827404609375 0.0199016640625 0.03898094531250003
1 0.055311227864162954 0.577312734375 0.061514042643964845 0.046382390625000006
1 0.9809382187499999 0.5403055078125 0.013158124999999998 0.012335742187500021
1 0.5109739038762988 0.549680671875 0.04386024268295425 0.019737187499999996
1 0.00855278125 0.5580689765625 0.0171055625 0.013322601562499958
1 0.08092246875000002 0.5674441406249999 0.015131843750000007 0.014309460937499985
1 0.274675859375 0.576325875 0.06381690625 0.05032982812500002
