1 0.23344717053378722 0.5623455214256808 0.047369558476361755 0.05032982812500002
1 0.53750940625 0.6009973593750001 0.19210862499999995 0.09375164062500004
1 0.15855540625 0.5600426953125 0.050247662712761855 0.0561277362566428
1 0.4750083125 0.5600426953125 0.11809417187499995 0.07500131249999997
1 0.28355759375 0.5600426953125 0.055593078125000014 0.05575755468750003
1 0.3052684999999999 0.54672009375 0.008881734374999973 0.012335742187500021
1 0.1967961341622381 0.5545531260837857 0.043709828656904676 0.05575755468750003
1 0.0023629839211235016 0.5052719999999999 0.004725967842247003 0.013322601562499958
1 0.9539640625 0.618760828125 0.09144896875000003 0.09868593749999999
1 0.2550701554919078 0.545733234375 0.026447733616907745 0.023684625000000015
1 0.9413728554687499 0.9214450167865925 0.11725428906249995 0.15710996642681502
