1 0.5460621875 0.42003853450923534 0.06246648763423532 0.07004115855079437
1 0.534219875 0.3251701640625 0.014802890625000013 0.013816031250000017
1 0.5332330156249999 0.2738534765625 0.009210687499999952 0.02135840450911495
1 0.55264125 0.5407989375 0.08375573540238103 0.10362023437499994
1 0.537838359375 0.34441392187500003 0.056250984375 0.04835610937500001
1 0.54145684375 0.39721089843749996 0.05080687839627919 0.04322457710505847
1 0.5490227656250001 0.47665343339970406 0.07302759374999995 0.06217214062499998
1 0.534219875 0.3153015703125 0.01282917187499996 0.024671484374999997
1 0.697380625 0.4317509765625 0.02810575035774292 0.07204073437500003
1 0.3196355747358268 0.4768145865211359 0.09067961256962782 0.13009988160427674
1 0.5368514999999999 0.30922182527628506 0.016447656249999967 0.0330597890625
1 0.53224615625 0.26645243599995866 0.007895144833305837 0.01085545312499998
1 0.531259296875 0.3014855390625 0.011842312499999962 0.029112351562499982
2 0.6046158659995248 0.544746375 0.02894783050095017 0.12681142968749998
