1 0.345071828125 0.510206296875 0.025329390625 0.010362023437499968
1 0.948363109375 0.7692568828125 0.10327378125 0.26102430468750004
1 0.61382653125 0.5496806718749999 0.045066578125 0.07450788281250001
1 0.41546779687499996 0.5102062968750001 0.006908015624999978 0.016283179687500038
1 0.03297755078125 0.583233890625 0.0659551015625 0.063159
1 0.566128328125 0.525996046875 0.03125054687500004 0.03947437499999999
1 0.514153734375 0.5028048515625 0.010855453125000025 0.016283179687500038
1 0.6460639374999999 0.5102062968750001 0.05559307812500004 0.024671484375000042
1 0.5776416875 0.5013245625 0.037171703125000025 0.020724046875000023
1 0.347045546875 0.520074890625 0.024342531250000004 0.024671484375000042
1 0.466126578125 0.49836398437499996 0.005921156249999981 0.008881734374999973
2 0.870738921875 0.5778061640625001 0.034211124999999974 0.135199734375
1 0.42138895312499997 0.5102062968750001 0.010855453125000025 0.016283179687500038
1 0.5736942500000001 0.5333974921874999 0.037171703125000025 0.04687582031249997
1 0.485863765625 0.4968836953124999 0.006908015624999978 0.007401445312499977
1 0.514153734375 0.5087260078124999 0.004934296874999984 0.013322601562499958
1 0.055593078125 0.549680671875 0.08783048437499999 0.04243495312499999
1 0.508232578125 0.5013245625 0.005921156249999981 0.010362023437499968
1 0.43191545312499996 0.513166875 0.016776609375000008 0.01924375781250003
1 0.69409109375 0.5876747578125 0.09671221875000005 0.12434428124999997
1 0.5240222738409488 0.5072457187499999 0.02088855057952556 0.024671484375000042
1 0.547378 0.5028048515624999 0.008881734375000032 0.010362023437499968
1 0.29046560937500004 0.520074890625 0.03519798437499997 0.020724046875000023
1 0.457573796875 0.5013245625 0.008881734374999973 0.013322601562499958
1 0.44573148437500004 0.5057654296874999 0.011842312500000023 0.016283179687500038
1 0.30987384375 0.5190880312500001 0.025329390625 0.017763468750000032
1 0.6056497661082486 0.5102066626933063 0.02072445333978467 0.031086680009677004
1 0.26085982812499997 0.5304369140625 0.008881734375000002 0.016283179687500038
1 0.21414848437499998 0.525996046875 0.040132281249999985 0.036513796875000004
1 0.645077078125 0.5630032734375 0.06644853124999996 0.09671221875000002
1 0.5542860156249999 0.5032982384868063 0.01875038514259136 0.010362023437499968
1 0.547378 0.5245157578125001 0.02236881250000001 0.032072929687500015
1 0.7753425156249999 0.6212279765625001 0.16020017187499996 0.16727266406250002
1 0.33421637499999995 0.5131668749999999 0.016776609375000008 0.013322601562499958
1 0.739157671875 0.520074890625 0.10855453125000002 0.04687582031249997
1 0.5865234218750002 0.5028048515625001 0.027303109375000054 0.020724046875000023
1 0.318755578125 0.5116865859375 0.016776609375000008 0.010362023437499968
1 0.17401620312499996 0.531917203125 0.03717170312499999 0.036513796875000004
1 0.405599203125 0.5102062968750001 0.016776609375000008 0.016283179687500038
1 0.620734546875 0.504285140625 0.023355671874999945 0.017763468750000032
1 0.49277178125 0.516127453125 0.02828996874999999 0.036513796875000004
1 0.11546254687499999 0.5674441406249999 0.069409109375 0.05575755468750003
1 0.495732359375 0.4968836953124999 0.006908015624999978 0.004440867187499986
1 0.323689875 0.6113593828124999 0.11447568749999999 0.13174572656249994
