1 0.8921208749999998 0.5787930234374999 0.08848839062499998 0.08980420312500001
1 0.15033157812499998 0.549680671875 0.032895312499999996 0.024671484375000042
1 0.374677609375 0.5506675312499999 0.025987296875000017 0.018750328124999972
1 0.00978635546875 0.545733234375 0.0195727109375 0.012335742187500021
1 0.6664590312500001 0.5857010390624999 0.05361935937500005 0.05970499218749996
2 0.016008818559307948 0.5554372972928322 0.013816011515575322 0.05131668750000005
1 0.069409109375 0.5496806718749999 0.017105562499999994 0.013322601562499958
1 0.485863765625 0.57435215625 0.046053437499999995 0.04736925000000003
2 0.04111914062500001 0.5536281093750001 0.010855453125000003 0.046382390625000006
1 0.02960578125 0.5486938125 0.054277265625 0.0379940859375
1 0.2250039375 0.549680671875 0.027303109374999992 0.019737187499999996
1 0.16941085937499997 0.5412923671875001 0.029605781249999998 0.026645203125000006
1 0.7440919687500002 0.5876747578125 0.06875120312500003 0.06167871093750001
1 0.291781421875 0.545733234375 0.01907928124999998 0.012335742187500021
1 0.12434428125 0.5486938125 0.06644853125000001 0.032072929687500015
1 0.185200609375 0.5447463749999999 0.03552693750000001 0.018750328124999972
1 0.14210774999999998 0.5383317890624999 0.016447656249999998 0.011348882812499994
1 0.07138282812499999 0.545733234375 0.054935171874999994 0.032072929687500015
1 0.33619009375 0.5486938125 0.03157950000000002 0.017270039062499975
2 0.025329390625 0.553628109375 0.013816031250000001 0.05032982812500002
1 0.275333765625 0.5437595156249999 0.013816031250000017 0.010362023437499968
1 0.231911953125 0.5383317890624999 0.017105562499999987 0.012335742187500021
2 0.004276390625 0.5590558359375 0.00855278125 0.04440867187500004
1 0.20987209374999996 0.545733234375 0.02598729687499999 0.017270039062499975
1 0.309544890625 0.5486938125 0.026645203124999975 0.017270039062499975
