1 0.676656578125 0.5156358737710731 0.10460709375000003 0.06069185156249999
1 0.718433625 0.4791202265625 0.023355671874999945 0.013816031250000017
1 0.44441567187500003 0.48800196093750003 0.027961015625000012 0.016776609375000008
1 0.5217196562499999 0.48208080468750003 0.027303109374999992 0.008881734374999973
1 0.24539903124999995 0.5748455859374999 0.11118615624999997 0.13569316406249995
1 0.5265222363026328 0.47221211850179506 0.017434515624999966 0.010065891676436057
1 0.9829121406239842 0.4951568437492383 0.0332238593770312 0.0384878203109766
1 0.5368514999999999 0.47566621875 0.017434515625000025 0.016776609375000008
1 0.48290318750000005 0.48208080468750014 0.017434515625000025 0.006908015625000008
1 0.41250721875 0.48208080468750003 0.025329390625 0.016776609375000008
1 0.828184381674515 0.4791202265625 0.007954491202909253 0.009778637441136606
1 0.9434375624999999 0.5008311328125 0.06250109374999996 0.044902101562500005
1 0.446389390625 0.5195814609374999 0.08190932812499999 0.057731273437499994
1 0.548364859375 0.52698290625 0.11579150000000003 0.07105387500000004
1 0.9174495375372292 0.4779685720866004 0.019078280129315436 0.013486168015286727
1 0.9012221541542568 0.47566621875 0.022697765624999987 0.016776609375000008
1 0.7963955156249999 0.5008311328125 0.084540953125 0.07302759375000001
1 0.372703890625 0.539812078125 0.133226015625 0.10362023437499994
1 0.8708339400478683 0.4998442734374999 0.06391173927004594 0.057731273437499994
1 0.24079368749999996 0.53487778125 0.14704204687499994 0.08092246874999995
