1 0.525996046875 0.5358646406249999 0.09243582812499997 0.085856765625
1 0.8003430682605127 0.6789592499999999 0.38147603792250706 0.3572430937499999
1 0.10556864576839749 0.5131668749999999 0.054935171874999994 0.041448093749999956
1 0.6081849659286899 0.5437595156249999 0.16541405967868997 0.09375164062500004
1 0.777974140625 0.5220486093750001 0.19145071875 0.10756767187500005
1 0.312176515625 0.5368514999999999 0.14737100000000003 0.07105387499999996
1 0.92874432165771 0.48981120218078245 0.08278653771728996 0.07450788281250001
1 0.16683403175187833 0.5102885653104874 0.08558268224704832 0.049342968749999994
1 0.593102484375 0.47517278906250004 0.06118528125000004 0.06661300781249997
2 0.07414594489975 0.50852865172725 0.009671211348500004 0.03562565501700003
1 0.00863501953125 0.5669507109374999 0.0172700390625 0.07450788281250001
1 0.2507034034642892 0.5037917109375 0.036456215939269634 0.019798870821433834
1 0.9899564327533315 0.4891777943537444 0.02008713449333707 0.062350605983177945
1 0.30987384375 0.4968836953125 0.040461234374999995 0.01924375781250003
2 0.29046560937500004 0.48898882031249996 0.013158124999999998 0.02565834374999998
1 0.03750065625 0.5176077421875 0.061185281249999994 0.033059789062500046
1 0.2140251056741293 0.5072457187499999 0.02857785238536493 0.03682221525518248
1 0.1276936101971591 0.5044197051807955 0.014473937499999989 0.014444025493295421
2 0.23454357812499999 0.4909625390625 0.007565921874999996 0.011348882812499994
2 0.230596140625 0.5077391484375001 0.00953964062499999 0.029112351562500027
1 0.6644466138017807 0.46930968937391115 0.054935171874999966 0.034917403203760154
1 0.2705968425987056 0.5003377031249999 0.02986894528510433 0.013816031250000017
1 0.8283039687499998 0.47601867980517854 0.054935171874999966 0.02861892187499997
1 0.99540340625 0.59408934375 0.009193187500000023 0.09523192968750002
1 0.23962556723279657 0.5368514999999998 0.055593078125000014 0.06023869933199135
2 0.133226015625 0.48948225 0.003947437499999987 0.01282917187499999
1 0.23509182565774506 0.4968836953125001 0.00921068750000001 0.005098765213655465
1 0.3555688635349133 0.4968836953125 0.06118528124999999 0.06414585937500003
