1 0.16118703125 0.46925163281249993 0.12434428124999998 0.04440867187500004
1 0.880607515625 0.545733234375 0.034211124999999974 0.05131668749999996
1 0.047040296875 0.6197476875 0.09408059375 0.12582457031249997
1 0.8650380391379026 0.556752946578268 0.02138186613130723 0.061842904770498475
1 0.74803940625 0.5551083984374999 0.025987296875000017 0.04440867187500004
1 0.17993735937500002 0.528956625 0.10987034374999999 0.07944217968749996
1 0.596392015625 0.5753390156250001 0.10033070312499995 0.09375164062500004
1 0.5924445781250001 0.52698290625 0.049342968749999966 0.012335742187500021
1 0.836527796875 0.5649769921875001 0.06579062499999999 0.07944217968750004
1 0.6931042343749999 0.5837273203125 0.09737012500000002 0.1041136640625
1 0.9892355351562501 0.5600426953125 0.021528929687500073 0.05970499218749996
1 0.51119315625 0.5363580703124999 0.08848839062499998 0.057731273437499994
1 0.7088939843750001 0.5551083984374999 0.05690889062499996 0.06167871093750001
1 0.5047784370251722 0.5866879280569062 0.12401531825186467 0.10608741243190618
1 0.404283390625 0.577312734375 0.11447568749999999 0.09375164062500004
1 0.931266296875 0.5664572812499999 0.07631712500000004 0.09177792187499997
1 0.641787546875 0.5393186484374999 0.054935171874999966 0.05230354687499998
2 0.674682859375 0.5250091875 0.015131843749999992 0.037007226562499974
1 0.28487340625 0.5570821171875 0.12072579687499999 0.08042903906249999
1 0.38586201562500005 0.5250091875 0.05296145312500003 0.04440867187500004
