1 0.39244106254303446 0.5319171797520517 0.030921609331965527 0.05279697656250004
1 0.8227117656249999 0.6192542578125 0.155594828125 0.08635019531249996
1 0.18850655150487905 0.7639278761349193 0.3770131030097581 0.3424401182564516
1 0.3743303796786955 0.5644835624999999 0.03846314686326059 0.04095466406249999
1 0.7743556562500001 0.563496703125 0.07993560937500005 0.037007226562499974
1 0.99778831640625 0.6064250859374999 0.004423367187500086 0.007401445312499977
1 0.589319313802207 0.5718850078125 0.06579062499999999 0.09029763281249999
1 0.5171143125 0.6098790937499999 0.10427814062499999 0.05378383593749998
1 0.866791484375 0.5644835624999999 0.04342181249999998 0.032566359374999986
1 0.20888523437499995 0.6325768593749999 0.09737012499999999 0.08635019531249996
1 0.26480726562499995 0.5644835625 0.18158212499999996 0.09029763281249999
1 0.532575109375 0.5531346796874999 0.050993056342740616 0.029605781249999998
1 0.035197984375 0.568431 0.061514234375 0.06414585937500003
