1 0.46810029687499993 0.4870151015625 0.016118703124999988 0.017270039062499975
1 0.47007401562499995 0.4968836953125 0.010526499999999987 0.008388304687500004
1 0.5626728774200473 0.5630025025771486 0.0764813050777495 0.09473808492134923
1 0.40362548437499995 0.49836398437499996 0.03125054687499998 0.04292838281250004
1 0.528956625 0.5353712109375 0.04736925000000003 0.058224703124999964
1 0.06143199609375 0.5837273203125 0.1228639921875 0.1564172109375
1 0.47007401562499995 0.5097128671875 0.010526499999999987 0.01578974999999998
1 0.531917203125 0.5496806718749999 0.03421112500000003 0.07253416406249995
1 0.5003377031249999 0.5052719999999999 0.03881646874999998 0.04687582031249997
1 0.6174450156249999 0.6222148359374999 0.09671221874999994 0.15937778906249997
1 0.87920071484375 0.7842155 0.24159857031250004 0.431569
1 0.7569211406249998 0.6705709453124999 0.283886546875 0.3286241718749999
2 0.3855321532800983 0.5060115219132738 0.00953964062499999 0.03108607031249999
1 0.144410421875 0.576325875 0.060856328125000005 0.09967279687500001
1 0.5945812910137473 0.584959856834623 0.10016593007774949 0.1201498620699745
1 0.48915329687500003 0.49984427343750004 0.03421112500000003 0.05131668750000005
