1 0.7934349375 0.5600426953125 0.10493604687500001 0.06266557031249995
1 0.32796626562500003 0.569417859375 0.05822470312499999 0.07105387499999996
1 0.37829609375 0.52698290625 0.01644765625000003 0.006414585937500039
1 0.3914147470592494 0.52698290625 0.01644765625000003 0.003947437500000017
1 0.55856240625 0.5916221866775452 0.07894874999999998 0.0957253421050905
1 0.4592185625 0.52698290625 0.01907928124999998 0.010362023437499968
1 0.418757328125 0.5304369140624999 0.01907928124999998 0.010362023437499968
1 0.390467359375 0.5817536015625 0.081580375 0.09671221875000002
1 0.9928266059789153 0.520074890625 0.01434678804216946 0.04095466406249999
1 0.5877295994148963 0.5314237734375 0.04693075840427514 0.047698227247344696
1 0.7509999843749999 0.5393186484375 0.13585764062499994 0.07105387499999996
1 0.42270476562500003 0.5220486093750001 0.01644765625000003 0.003947437500000017
1 0.6059316562500001 0.5190880312500001 0.01644765625000003 0.020724046875000023
1 0.3988297021887995 0.5360464353757797 0.037708428283199244 0.012024107250779714
1 0.6361953437500001 0.5156340234375 0.004934296875000044 0.013322601562499958
1 0.435862890625 0.5343843515625 0.032237406249999975 0.01529632031250001
1 0.562838796875 0.8024512573096916 0.255267625 0.33382758937968077
1 0.192108625 0.7011635859375 0.2197406875 0.1968784453125
1 0.9425105045194958 0.522586890108372 0.061424509555619976 0.03673808619581402
1 0.45362635937499995 0.55435250351001 0.04833510884668009 0.049363969278319875
1 0.814816890625 0.5240223281249999 0.06250109374999996 0.02861892187499997
1 0.629287328125 0.5126734453124999 0.008223828124999954 0.010362023437499968
1 0.356914140625 0.5314237734375 0.01644765625000003 0.003947437500000017
1 0.6204055937499999 0.5176077421875 0.013158124999999998 0.013322601562499958
1 0.8549491521387992 0.571391578125 0.14342356249999993 0.084869876645699
1 0.43586289062500005 0.5246802321819646 0.01732486165928607 0.010855438322010701
1 0.645954254295207 0.5153050461901554 0.011513359374999983 0.014638438184844648
1 0.29918291036162625 0.5585624494241263 0.032401954769377045 0.05156333758256064
2 0.9679993929092862 0.5100418192159822 0.008004526772678489 0.023355669681964564
1 0.566128328125 0.5190880312500001 0.004276390624999967 0.006414585937500039
1 0.44145509374999997 0.5276173765694084 0.01715262327156489 0.005145881436660282
1 0.3333117557566159 0.5314237734375 0.02541162828946136 0.012089029194115941
1 0.36316424999999997 0.544746375 0.04111914062500001 0.024671484375000042
1 0.63224790625 0.5126734453124999 0.006908015625000038 0.011677831551481698
1 0.052303546875 0.5664572812499999 0.090462109375 0.08042903906249999
1 0.52698290625 0.52698290625 0.07894874999999998 0.10312680468749998
1 0.492113875 0.6434323125000001 0.11250196875 0.13569316406250004
1 0.7182691188331989 0.5166208236038979 0.014802910361200716 0.017270039062499975
1 0.4398103281249999 0.5733652968749999 0.04243495312499999 0.06167871093750001
1 0.656261484375 0.5146471640625 0.008881734375000032 0.012335742187500021
2 0.9967279687499999 0.5003377031249999 0.003289531250000029 0.005921120066482999
1 0.47698203125 0.5314237734375 0.022697765624999987 0.019737187499999996
