1 0.4983639843749999 0.623695125 0.04243495312499999 0.0281254921875
1 0.248162132105632 0.662774677204224 0.04072442029597069 0.04194117212294009
1 0.8446198303880161 0.581358913472148 0.03914542187500002 0.019737187499999996
1 0.9790101902827418 0.7715592827547295 0.04197961943451626 0.19507069875523753
1 0.2942720282957312 0.648507661789254 0.015601713949313142 0.010855453125000025
2 0.36842749999999996 0.638498015625 0.006908015624999978 0.010362023437499968
1 0.5509960485023022 0.624681984375 0.058883001660427974 0.019737187499999996
2 0.3684275000000001 0.6404717343749999 0.004276390625000026 0.013322601562499958
1 0.0513166875 0.6982030078125 0.04539553125 0.0379940859375
1 0.25493867187499997 0.7682700234375 0.20822732812499997 0.20970761718749992
1 0.100988609375 0.6883344140625 0.041119140624999995 0.036020367187500034
1 0.9914066299919678 0.557575546875 0.017186740016064305 0.03148083301073053
1 0.390467359375 0.654287765625 0.06513271874999997 0.03404664843749998
4 0.07763293749999998 0.6878409843750001 0.008223828124999999 0.023684625000000015
1 0.145726234375 0.6942555703125 0.05592203125000001 0.03898094531250003
1 0.9028007957539032 0.5632993683563579 0.03454007812499995 0.029112351562500027
1 0.21901495187148606 0.65724834375 0.02989745109775397 0.02568887225054741
1 0.609550140625 0.6083988046875 0.04046123437500005 0.026151773437500036
1 0.9539640625 0.5595492656250001 0.030592640624999962 0.036020367187500034
1 0.44704729687499994 0.644419171875 0.05329040625000001 0.013816031250000017
1 0.11908103125 0.6666235078125 0.036513796875000004 0.014802890625000042
1 0.18881909374999997 0.6824132578125001 0.02598729687499999 0.029112351562500027
1 0.9049500468749999 0.6197476875 0.10592290624999995 0.05181011718750002
1 0.7592238125 0.5916221953124999 0.045395531249999975 0.03108607031249999
1 0.3357993922037901 0.649785261552726 0.055922031250000025 0.032072929687500015
1 0.2223723125 0.6814263984375 0.054606218749999984 0.03898094531250003
1 0.911529109375 0.5985302109375 0.11579150000000003 0.045888960937500035
1 0.802974578125 0.636524296875 0.135199734375 0.07993560937500002
1 0.09265499716396075 0.6723802124458198 0.023538462415719788 0.011842312499999962
1 0.2951074462914887 0.6491342202736042 0.018531047484441742 0.010855453125000025
1 0.35461146875 0.6572483437499999 0.020724046874999996 0.018750328124999972
1 0.032566359375 0.7134993281249999 0.017434515625 0.0281254921875
1 0.4069151750433205 0.6399782249783398 0.03059264062500002 0.014802890625000042
1 0.666787984375 0.7500131250000001 0.390467359375 0.32122272656250006
1 0.44375772395246454 0.6319188489436615 0.041996362849178466 0.022039786448062947
1 0.9862014014416476 0.5606121459884925 0.007338195451285045 0.014575231509637465
1 0.39112526562499994 0.7702437421874999 0.20954314062499999 0.24326083593749992
