1 0.555601828125 0.53882521875 0.029934734375000004 0.03404664843749998
1 0.8811029400840835 0.8118475625 0.2377941198318331 0.37630487500000004
1 0.32533464062499995 0.5407989375 0.057237843749999996 0.05181011718750002
1 0.463166 0.5486938125 0.04243495312499999 0.045888960937500035
1 0.44467311636129986 0.5193669238655835 0.012385798978311158 0.009868593749999998
1 0.45658693749999996 0.5195814609375 0.012500218749999981 0.013816031250000017
1 0.76317125 0.5886616171875 0.22171440624999997 0.1208902734375
1 0.6286294218749998 0.5748455859374999 0.15954226562499998 0.095725359375
1 0.382572484375 0.5407989375 0.012500218749999981 0.02171090624999996
1 0.35768170595781007 0.5384962957792877 0.02346532492695251 0.02360245758132624
1 0.592115625 0.544746375 0.05065878125 0.03404664843749998
1 0.316123953125 0.5975433515624999 0.21875382812500002 0.11990341406249998
1 0.4616308880665348 0.5198281728001483 0.00668871221673258 0.008059349575098906
1 0.40066490625 0.5477069531250001 0.04111914062500001 0.04884953906250002
