1 0.01118440625 0.6883344140625001 0.009868593750000003 0.003947437500000017
1 0.4847573879822209 0.6286294218750001 0.03346354917265373 0.029112351562500027
1 0.24276727465953865 0.6644524566646384 0.05026382037573877 0.036020367187500034
1 0.20954314062499999 0.6735315234375001 0.05986946874999998 0.0379940859375
1 0.8396598101720422 0.5847141796875 0.03865431172401408 0.015317196141126744
1 0.037171703125 0.6843869765624999 0.009868593749999998 0.010855453125000025
1 0.955520944446898 0.7761276431997238 0.08895811110620405 0.2615177343749999
1 0.2910139815536071 0.6523140468749999 0.01458349350331923 0.011513381306926362
2 0.36250634374999996 0.6370177265624999 0.006908015624999978 0.010362023437499968
1 0.5461936898020395 0.632181957729079 0.06565899111802628 0.019688219534062502
2 0.354282515625 0.639484875 0.006908015624999978 0.010362023437499968
1 0.17608666013667945 0.6731832011425192 0.02788364653330134 0.019737187499999996
1 0.19276660360593986 0.7830726969946804 0.21710884543218034 0.22006931502327057
1 0.9895345951077942 0.5595492656250001 0.020930809784411745 0.0301888904578675
1 0.058095452814582976 0.7009661461710558 0.04697482307673942 0.03641524672038834
1 0.08256723437499999 0.7840597734375 0.037171703125000004 0.09276478125000001
1 0.37665132812499996 0.6513271875000001 0.05986946875000001 0.026151773437500036
4 0.006908015625 0.6937621406250001 0.006250109374999999 0.020724046875000023
1 0.8940945937499999 0.5738297503735703 0.03454007812499995 0.03404664843749998
1 0.2211785898223944 0.6572483437499999 0.01868587262486511 0.02185333224666435
1 0.6000105 0.6005039296875 0.03454007812499995 0.010855453125000025
1 0.7638291562500001 0.6315899999999999 0.08783048437500002 0.06365242968749998
1 0.9538496607118983 0.5601498750125339 0.026387703133355936 0.02098130694560609
1 0.442441953125 0.6523140468749999 0.06973806249999998 0.023191195312499958
1 0.11408093541557626 0.6715578046875 0.03782960937500001 0.020724046875000023
1 0.025329390625 0.6982030078125 0.028618921874999998 0.019737187499999996
1 0.7559342812500002 0.5945827734375 0.03914542187500002 0.014802890625000042
1 0.32364296749271293 0.6555565204742152 0.05517010979409568 0.03320081187135644
1 0.34079543749999996 0.6636629296875001 0.058553656249999975 0.0281254921875
1 0.11118615625 0.709551890625 0.05855365624999999 0.045888960937500035
1 0.037829609374999996 0.6824132578125 0.007894874999999997 0.010855453125000025
1 0.0031250546874999996 0.7144861875 0.006250109374999999 0.026151773437500036
1 0.29276828125 0.6636629296875001 0.05723784374999997 0.0281254921875
1 0.08512145977793904 0.6744022834169086 0.027844913004414613 0.011842312499999962
1 0.30026839986766946 0.6513271875000001 0.017829264112123985 0.011644938256438041
1 0.3959286382855286 0.6434323125 0.036634657979772514 0.017068647133039683
1 0.6500524885123968 0.7624105374560953 0.4051880229752062 0.3379376656689046
1 0.43783660937499996 0.6325768593750001 0.04243495312499999 0.026151773437500036
1 0.982582984375 0.566950697896616 0.007894874999999975 0.018891304309747437
1 0.34627805244846377 0.7857868480670216 0.2643687243234637 0.26209342591817386
1 0.013158125000000001 0.6883344140625 0.013158125000000001 0.010855453125000025
