1 0.09013315553041391 0.49984427019936256 0.01611870240541391 0.011348882812499994
1 0.98356984375 0.46234361718749994 0.030263687499999983 0.019737187499999996
1 0.4460604375 0.478626796875 0.025329390625 0.011348882812499994
1 0.10450593264512348 0.49836398437499996 0.040056372338340814 0.007173718577522426
1 0.41250721875 0.478626796875 0.025329390625 0.012335742187500021
1 0.483890046875 0.476653078125 0.01052649835524259 0.009868596217136094
1 0.27196200423538053 0.5013245625 0.027138631332203525 0.04736925000000003
1 0.21217476562499998 0.5060121297282113 0.03914542187500002 0.036020367187500034
1 0.4814229107731805 0.5013245625 0.018585824424002872 0.02171089638145558
1 0.433889171875 0.5013245625 0.025329390625 0.024671484375000042
1 0.470074015625 0.478626796875 0.024013578125000025 0.011348882812499994
1 0.01217128227862666 0.5121800045225822 0.02434256455725332 0.030099210937499964
1 0.995741109375 0.48116443949725446 0.008223828124999954 0.011348882812499994
1 0.92755682421875 0.5372626899328025 0.1448863515625 0.17903273680780246
1 0.104936046875 0.4950956220381686 0.04695887105089147 0.012335742187500021
1 0.09144896875 0.48378882382812555 0.01151335595894635 0.005465680721507482
1 0.974688109375 0.4736925000000001 0.01578974999999995 0.012335742187500021
1 0.37387017865103883 0.478626796875 0.018929756776038788 0.01529632031250001
1 0.06513271875 0.4939231171875001 0.016447656250000005 0.006414585937500039
1 0.5079036249999999 0.4767764328227285 0.011307760947728517 0.011348882812499994
1 0.309544890625 0.5067522890625 0.03914542187500002 0.024671484375000042
1 0.074014453125 0.5126734453124999 0.04350405834720214 0.03404664843749998
1 0.9697538125000001 0.5097128671875 0.057566796875000034 0.05970499218749996
1 0.452310546875 0.5013245625 0.04868506250000001 0.024671484375000042
1 0.3721399729961645 0.50329828125 0.05075276987116458 0.02861892187499997
1 0.12227658193482743 0.5103472677227587 0.023261677211896772 0.027773054494654836
1 0.8162481242494991 0.54672009375 0.316256684497996 0.1902907276882515
1 0.9559377812500001 0.46925163281250004 0.008881734375000032 0.01529632031250001
1 0.5579045 0.4736925000000001 0.027867026175878943 0.012335742187500021
