1 0.08820329019720245 0.5211275290458037 0.013816031250000001 0.01529632031250001
2 0.05032982812499999 0.6745183828125 0.046382390624999985 0.17220696093749996
2 0.8776469375 0.4855348125000001 0.005592203125000002 0.006908015625000008
1 0.6164581562499999 0.544746375 0.06283003755464592 0.050658757949114806
1 0.855607078125 0.4884953906250001 0.01644765625000003 0.017763468750000032
1 0.309092580694909 0.5131668750000001 0.016118704769757387 0.017763468750000032
2 0.9953211679687499 0.5679375703125 0.00935766406250013 0.10806110156250001
2 0.32961103124999996 0.6389914453125 0.04736924999999997 0.18059526562499997
1 0.2934261875 0.5171143125000001 0.01644765625000003 0.01529632031250001
1 0.35329565625000003 0.5102062968750001 0.011270220792720073 0.013816031250000017
1 0.5183032990613256 0.5239985462773743 0.03684274999999999 0.04101411074506718
1 0.4033643052673857 0.50329828125 0.02203985937500003 0.029112351562500027
2 0.01801018359375 0.620734546875 0.0360203671875 0.18059526562499997
1 0.2990183906250001 0.5047785703125 0.011842312500000023 0.012112583169907954
1 0.9144896874999999 0.48598113053518405 0.029276828125000046 0.021319137588578663
1 0.8057863835716054 0.48804907258981595 0.01644765625000003 0.03454007812500004
1 0.114146734375 0.5171143125000001 0.033224265625000006 0.029112351562500027
1 0.33026893749999997 0.5077391484375 0.01644765625000003 0.024671484375000042
1 0.158226453125 0.519704828767651 0.007607044485050333 0.013260917647424542
1 0.3384927656250001 0.5047785703125001 0.0026316250000000116 0.012335742187500021
1 0.8638309062499999 0.481587375 0.04967192187500006 0.036020367187500034
1 0.6909533908148437 0.5630032734375 0.0833010465585937 0.06463928906250001
1 0.550009625 0.5273312118637582 0.04628564124250551 0.049836398437499964
1 0.2814351023216054 0.5144240050449082 0.013816031250000017 0.017763468750000032
1 0.13618659375 0.5240223281249999 0.011842312500000007 0.01529632031250001
2 0.25970849712184624 0.5111931562500001 0.005592203125000002 0.01652990193276933
1 0.29441304687500003 0.5077391484375001 0.011842312500000023 0.012335742187500021
