1 0.042434953125 0.54672009375 0.04473762499999999 0.016283179687500038
1 0.9286346718750002 0.5551083984374999 0.04243495312500004 0.03108607031249999
1 0.5434305625 0.5674441406249999 0.04407971875000006 0.04736925000000003
1 0.03201811098934508 0.5330684878924119 0.030921552813929498 0.012500121526832598
1 0.41184933954746733 0.563003314008701 0.04868506250000001 0.06036296605616824
1 0.14704204687499997 0.573365296875 0.17993735937500002 0.08536333593750003
1 0.581260171875 0.623695125 0.26414935937499995 0.14605518750000002
1 0.50461409375 0.5314237734375 0.004276390625000026 0.004934296875000044
1 0.51053525 0.5363580703124999 0.00625010937500002 0.010362023437499968
1 0.9314220234375 0.6360308671875 0.137155953125 0.1968784453125
1 0.48112682220362507 0.5333974921875 0.008223828125000015 0.00819097426059372
1 0.46810029687500004 0.5363580703125 0.01578975000000001 0.012335742187500021
1 0.73159175 0.595076203125 0.14605518750000002 0.07302759375000001
1 0.48257423437499997 0.5664572812499999 0.045395531249999975 0.05674441406249997
1 0.47435040625 0.5333974921875 0.004276390625000026 0.008388304687500004
1 0.499679796875 0.5383317890624999 0.017105562499999987 0.022697765624999987
1 0.4741624397492735 0.5600426953125 0.033036263878087446 0.046946290127179324
1 0.00945740234375 0.5477069531249998 0.0189148046875 0.02171090624999996
1 0.3355321875 0.571391578125 0.05000087499999998 0.04736925000000003
1 0.43783660937499996 0.5600426953125 0.012500218749999981 0.045395531249999975
1 0.296386765625 0.5580689765625 0.03782960937499998 0.037007226562499974
1 0.672709140625 0.5383317890624999 0.04473762500000002 0.054770695312500006
1 0.8674493906249999 0.5570821171875 0.03289531250000006 0.024671484375000042
1 0.006888665116785489 0.536648322421071 0.013777330233570978 0.011348882812499994
