1 0.22171440624999997 0.5486938125 0.068093296875 0.05230354687499998
1 0.65066928125 0.52698290625 0.07138282812499999 0.04736925000000003
1 0.35494042187499997 0.5106997265625 0.008881734374999973 0.011348882812499994
1 0.46053437500000005 0.5437595156249999 0.06250109375000003 0.045395531249999975
1 0.292439328125 0.5166208828125001 0.015131843749999992 0.012335742187500021
1 0.365795875 0.5087260078124999 0.00953964062499999 0.010362023437499968
1 0.40099385937500004 0.5067522890625 0.010197546875000008 0.012335742187500021
1 0.340466484375 0.5152392781082502 0.00796066457216682 0.012335742187500021
1 0.31086070312499997 0.5136603046875001 0.011513359374999983 0.00937516406250003
1 0.8838970468749999 0.5126734453124999 0.07138282812499999 0.08832391406250002
1 0.3204003437499999 0.5106997265625001 0.009210631577968737 0.011348715046406267
1 0.424020578125 0.5067522890625 0.006908015624999978 0.007401445312499977
2 0.10296277550124998 0.5674443083910938 0.014802834702968755 0.05131668750000005
2 0.8246838067140625 0.5166208828124998 0.016776441608906248 0.06488545866644531
1 0.0146384140625 0.5551083984374999 0.029276828125 0.04440867187500004
1 0.327308359375 0.5126734453124999 0.011513359374999983 0.01529632031250001
1 0.5792864531250002 0.50798586328125 0.01644765625000003 0.01578974999999998
1 0.27303109375000006 0.5324106328125 0.008223828125000015 0.017270039062499975
2 0.548364859375 0.5447463750000001 0.013816031249999956 0.054770695312500006
1 0.38717782812499996 0.5067522890625 0.006908015624999978 0.010362023437499968
1 0.195069203125 0.5220486093749999 0.006908015625000008 0.010362023437499968
1 0.230596140625 0.5304369140625 0.020724046874999996 0.012335742187500021
1 0.2523070411174711 0.52056829440362 0.008223828125000015 0.010855444488706656
1 0.33783485937499996 0.5106997265625001 0.008223828125000015 0.012335742187500021
1 0.4005552533805113 0.5075746757134262 0.009758941977204512 0.008717256715806787
2 0.086514671875 0.5649769921875 0.020724046874999996 0.05674441406249997
1 0.100330703125 0.5393186484374999 0.19408234375 0.09177792187499997
1 0.28487340625 0.5437595156249999 0.029605781250000025 0.04342181250000001
1 0.25362294886349424 0.5455358826349113 0.03730327095172582 0.044211286576725864
1 0.36842749999999996 0.5077391484375001 0.008881734374999973 0.012335742187500021
1 0.4092176875 0.5166208828125 0.011513359374999983 0.014309460937499985
1 0.3473745 0.5087260078125 0.010197546875000008 0.012335742187500021
1 0.0166121328125 0.59803678125 0.033224265625 0.07401445312500003
1 0.33257166529703125 0.5178546667388672 0.011513359374999983 0.01529632031250001
1 0.375335515625 0.505272 0.005592203125000002 0.00937516406250003
1 0.05000087499999999 0.5787930234374998 0.063159 0.057731273437499994
1 0.38180492635220453 0.5075746757134262 0.011513359374999983 0.010362023437499968
1 0.2972420907314595 0.5449437602982743 0.01750028835230116 0.03838882297586297
1 0.30740669531250003 0.53882521875 0.024671484374999983 0.03108607031249999
1 0.3329005625 0.5314237734375 0.01644765625000003 0.026645203125000006
1 0.28934711584947065 0.520328643128458 0.011513359374999983 0.00628770968577097
1 0.32040034375 0.5343843515625 0.01644765625000003 0.024671484375000042
