1 0.525996046875 0.535864640625 0.09243582812499997 0.08684362500000002
1 0.7993560937499999 0.6789592499999999 0.38092771875 0.3572430937499999
1 0.10564456556083898 0.5131668749999999 0.054935171874999994 0.041448093749999956
1 0.6083001125327051 0.5437595156249999 0.16552920628270512 0.09375164062500004
1 0.777974140625 0.5220486093750001 0.19145071875 0.10756767187500005
1 0.311518609375 0.5368514999999999 0.14737099999999997 0.07352102343749997
1 0.9287686909970608 0.48982947918529546 0.08276216837793911 0.07450788281250001
1 0.1672178513343735 0.5098773300435283 0.08497953718884167 0.049342968749999994
1 0.593102484375 0.47517278906250004 0.06118528125000004 0.06661300781249997
2 0.07526449736881251 0.5083312601150626 0.009802805756625007 0.03523087179262498
1 0.009046210937499998 0.5644835625 0.018092421874999997 0.07352102343749997
1 0.25066228009866093 0.5037917109375 0.036645383421159895 0.019737185772991328
1 0.9899494330537503 0.4891567952550007 0.02010113389249959 0.06255009742124348
1 0.30987384375 0.4968836953124999 0.040461234374999995 0.02171090624999996
2 0.291123515625 0.4909625390624999 0.013158124999999998 0.024178054687499985
1 0.03750065625 0.5176077421875 0.061185281249999994 0.03454007812500004
1 0.21439521217118213 0.5072457187499999 0.0277142705589083 0.03639042434195412
1 0.12784314929730115 0.5045094286408807 0.014473937500000004 0.014533748953380688
2 0.23454357812499999 0.4909625390625 0.007565921874999996 0.011348882812499994
2 0.230596140625 0.5097128671875 0.00953964062499999 0.03108607031249999
1 0.6644143602640535 0.4691935766380926 0.054935171874999966 0.034985135632987684
1 0.2707942328949578 0.5003377031249999 0.03002247107107827 0.013816031250000017
1 0.8283039687499998 0.4758776857964732 0.054935171874999966 0.02861892187499997
1 0.23964570923404016 0.5368515 0.05559307812499999 0.060289054335100456
2 0.133226015625 0.4909625390625001 0.007236968750000002 0.012335742187500021
1 0.23524535277427847 0.4968836953124999 0.00921068750000001 0.005263258552798344
1 0.3556817990849916 0.4968836953125 0.06118528124999999 0.06414585937500003
