2 0.7197494375000001 0.579286453125 0.023684625000000046 0.06266557031249995
1 0.15962450390625 0.7727108906249999 0.3192490078125 0.2718797578124999
1 0.29803153125000004 0.5639901328125 0.11217301562500002 0.075988171875
1 0.30461059375 0.6192542578125 0.19145071875 0.12434428124999997
1 0.18684537499999998 0.5570821171875 0.04868506250000001 0.06217214062499998
2 0.8519913303389751 0.5894008539079841 0.01858577262243344 0.10189287523845039
1 0.5898129531249999 0.5847141796875001 0.15822645312499997 0.08536333593750003
2 0.836527796875 0.579286453125 0.024671484374999983 0.10806110156250001
1 0.414809890625 0.5723784375000001 0.132568109375 0.0843764765625
1 0.1250021875 0.5447463749999999 0.026645203125000006 0.04391524218749998
1 0.49408759375000005 0.568431 0.06250109375000003 0.07154730468750001
1 0.36151948437500003 0.547706953125 0.055264125000000004 0.03059264062500002
1 0.15263424999999994 0.544746375 0.028618921874999998 0.04835610937499997
