1 0.525996046875 0.5358646406249999 0.09243582812499997 0.085856765625
1 0.79540865625 0.686854125 0.39309898437499996 0.3503350781249999
1 0.10610003800904527 0.5131668749999999 0.05493517187499998 0.041448093749999956
1 0.6089909219243912 0.5437595156249999 0.16622001567439124 0.09375164062500004
1 0.7779741406249999 0.5220486093750001 0.19161520353632813 0.10756767187500005
1 0.312834421875 0.5383317890624999 0.14737100000000003 0.07450788281250001
1 0.928914892169355 0.48993913006451617 0.08261596720564496 0.07450788281250001
1 0.168752953125 0.508232578125 0.08256723437499999 0.04687576480179896
1 0.5954051562500001 0.4741859296874999 0.06118528125000004 0.06661300781249997
2 0.07730398437500001 0.5047785703125001 0.009539640625000005 0.03404664843749998
1 0.0093751640625 0.5669507109374999 0.018750328125 0.07450788281250001
1 0.2504155649876358 0.5037917109375 0.03778027293187559 0.019367113106453625
1 0.9899074391256526 0.48903081347070765 0.020185121748694832 0.06374692437202682
1 0.30921593750000004 0.4968836953124999 0.04342181249999998 0.02171090624999996
2 0.292439328125 0.48898882031249996 0.013816031250000017 0.02565834374999998
1 0.03750065625 0.5176077421875 0.061185281249999994 0.03454007812500004
1 0.216780109375 0.5068509805264456 0.024605680854960118 0.03572432042789133
1 0.12779828741773439 0.5058887908100976 0.012746927837070328 0.017393405119394512
2 0.22615525534507813 0.4909625390625 0.007565921874999996 0.011348882812499994
2 0.229938234375 0.504285140625 0.008223828125000015 0.027632062500000033
1 0.6642208587103797 0.4684969710448672 0.054935171874999966 0.0353914888957025
1 0.2719784542764298 0.5003377031249999 0.030943532145556497 0.013816031250000017
1 0.8288522349235472 0.4755017487666283 0.05515447834441881 0.02944132113532074
1 0.2397665489561097 0.5368515 0.055593078125000014 0.06059115364027425
2 0.1250021875 0.49441654687500003 0.007236968750000002 0.01529632031250001
1 0.23470802878250616 0.4968836953125001 0.011842371711414461 0.0064145970396402244
1 0.3563593435016649 0.4968836953125 0.06118528124999999 0.06414585937500003
