1 0.553628109375 0.4880019609374999 0.010526500000000046 0.021217476562499994
1 0.5651414687499998 0.5023114218749999 0.032237406249999975 0.04391524218749998
1 0.471060875 0.47566621875 0.01907928124999998 0.022697765624999987
1 0.65724834375 0.5008311328125 0.033224265625000034 0.045395531249999975
1 0.578791264158347 0.5116859049262149 0.042763906250000025 0.04835610937499997
1 0.54803590625 0.492442828125 0.010526500000000046 0.024178054687499985
1 0.44946148760267884 0.49425383661204425 0.010526499999999987 0.022697765624999987
1 0.413492602600549 0.5030508002685543 0.025658003244357453 0.038488026383463755
1 0.437836609375 0.4939231171875 0.015131843749999992 0.02861892187499997
2 0.6250109375 0.54672009375 0.029276828125000046 0.1223705625
1 0.5072457187499999 0.48948225 0.008552781249999994 0.011348882812499994
1 0.692313041360283 0.5030014062116981 0.045132155560660435 0.0536849368106604
1 0.5157985 0.4870151015625 0.016118703124999988 0.022697765624999987
2 0.539483125 0.5407989375 0.048356109375000025 0.11792969531250001
1 0.42204538385054907 0.4968826737955724 0.030263687499999983 0.04144758299153626
1 0.484219 0.4880019609374999 0.004605343750000005 0.009868593749999998
1 0.30592640625 0.5407989375 0.074014453125 0.07993560937500002
1 0.471060875 0.492442828125 0.027632062499999974 0.032566359374999986
1 0.5450753281249999 0.4880019609374999 0.006579062500000058 0.009868593749999998
1 0.37599342187499996 0.5181011718749999 0.04079018749999997 0.041448093749999956
1 0.384546203125 0.5082325781249999 0.04473762500000002 0.049836398437499964
1 0.456915890625 0.4880019609374999 0.013158124999999998 0.01578974999999998
