4 0.844751625 0.5664572812499999 0.027303109375000054 0.07302759375000001
1 0.47698203125 0.5250091875 0.025329390625 0.03404664843749998
4 0.881265421875 0.5817536015624999 0.027303109375000054 0.10065965624999995
1 0.5599994098196318 0.539812078125 0.03152755948615796 0.03508544572934236
1 0.4585606562499999 0.529943484375 0.008552781249999994 0.019737187499999996
1 0.4952538840053022 0.5185946015624999 0.011842312500000023 0.014623470211359634
1 0.441126140625 0.533890921875 0.022697765624999987 0.02516491406250001
1 0.5341600700169454 0.5195814609374999 0.010406890033890963 0.011214321600627297
2 0.79146121875 0.5664572812499999 0.01842137500000002 0.066119578125
2 0.401651765625 0.5314237734375 0.008223828125000015 0.027632062500000033
1 0.4891532968749999 0.5195814609374999 0.008270814446699208 0.01571925219003658
2 0.7125124687500001 0.54672009375 0.010855453125000025 0.03898094531250003
2 0.39605956249999996 0.5314237734375 0.007565921874999996 0.027632062500000033
1 0.4592185625 0.52698290625 0.010683139556581385 0.0195022281651279
2 0.8118563124999999 0.5694178593749999 0.020724046874999996 0.07204073437499998
1 0.566786234375 0.549680671875 0.020724046874999996 0.03898094531250003
1 0.5886258703674396 0.5563312795028986 0.05683739698487926 0.05974791926423917
1 0.513008075063403 0.5627650735326044 0.09689372519020883 0.028891181535313226
1 0.6667879843750001 0.5916221953124999 0.11776521875000003 0.14161432031249993
1 0.503627234375 0.539812078125 0.058553656249999975 0.0281254921875
2 0.8130622487961858 0.5639901328125 0.016666794579044245 0.06743514499356636
1 0.5342198750000001 0.7625957117082273 0.2865867397974243 0.38349771907113633
1 0.46513971875 0.5250091875 0.008552781249999994 0.016776609375000008
1 0.448363109375 0.5294501385764191 0.019408234375000017 0.02516491406250001
2 0.8118563124999999 0.5857010390624999 0.010197546874999948 0.032072929687500015
1 0.5789575000000001 0.5215551796875 0.016776609375000008 0.014802879111659806
4 0.4643621321358526 0.5128528539411176 0.0026316250000000116 0.004934296875000044
1 0.49967979687499997 0.5081092170024023 0.006579062499999999 0.005921156249999981
4 0.6148133906250001 0.5333974921875 0.00953964062499999 0.027632062500000033
2 0.724025828125 0.5551083984374999 0.013158124999999998 0.054770695312500006
