1 0.2671099375 0.47566621875 0.11118615624999997 0.04835610937499997
1 0.757579046875 0.5551083984374999 0.033553218750000016 0.05575755468750003
1 0.6273136093749999 0.5486938125 0.020724046874999996 0.04440867187500004
1 0.9292933033034757 0.5908825946651066 0.08174462710249569 0.12261642266911821
1 0.37763818749999994 0.5827404609375 0.14704204687499994 0.11447568749999996
1 0.45856065625000003 0.5373449296875 0.04868506250000001 0.04095466406249999
1 0.71382828125 0.5649769921874999 0.08388304687500003 0.08338961718749997
1 0.4876390790443272 0.5944840069709865 0.13677895767279152 0.12000218052901346
1 0.31382128125 0.545733234375 0.12006789062499999 0.09177792187499997
1 0.5868523750000001 0.5551083984374999 0.07631712500000004 0.07006701562500002
1 0.214806390625 0.6044513671874998 0.19638501562500005 0.1366800234375
1 0.09408059375 0.5886616171875 0.14704204687499997 0.11842312499999999
1 0.8125142187499999 0.5610295546875002 0.08158037499999994 0.09375164062500004
1 0.5134958281249999 0.5324106328125 0.069409109375 0.046382390625000006
1 0.04481986328125 0.5600426953125 0.0896397265625 0.09671221875000002
1 0.260859828125 0.52106175 0.05493517187500003 0.037007226562499974
