1 0.29211037500000003 0.5778061640625001 0.07927770312500003 0.054770695312500006
1 0.377967140625 0.5847141796875 0.025987296875000017 0.03108607031249999
1 0.95067453125 0.53487778125 0.019408234374999958 0.033059789062500046
1 0.922713515625 0.53487778125 0.055922031250000025 0.04095466406249999
1 0.76646078125 0.5477069531250001 0.030592640624999962 0.0379940859375
1 0.8450805781249999 0.53487778125 0.043092859375 0.01282917187499999
1 0.83619884375 0.56250984375 0.09638326562499995 0.049836398437499964
1 0.779947859375 0.54672009375 0.04473762500000002 0.0379940859375
2 0.7927770312499999 0.5373449296875 0.013158124999999998 0.03108607031249999
1 0.6967227187499998 0.533890921875 0.031908453125 0.005921156249999981
1 0.07039596875 0.5787930234374999 0.044737625 0.03108607031249999
1 0.21612220312500002 0.5827404609375 0.0539483125 0.04292838281250004
1 0.8908050625 0.547706953125 0.08190932812500004 0.0281254921875
1 0.89146296875 0.537838359375 0.04868506250000001 0.023191195312499958
