1 0.476324125 0.5393186484375 0.022697765624999987 0.011842312499999962
1 0.6838935468749999 0.5861944687499999 0.12072579687499996 0.10016622656249999
1 0.034540078125 0.5264894765625 0.027303109375 0.026151773437500036
1 0.5865234218750001 0.5935959140625 0.11940998437500004 0.08092246874999995
1 0.41152035937500003 0.5393186484374999 0.053948312500000026 0.033059789062499956
1 0.6236951249999999 0.5363580703124999 0.04671134375000001 0.016776609375000008
1 0.401651765625 0.5215551796875001 0.027303109374999992 0.006908015625000008
1 0.506916765625 0.512180015625 0.020724046874999996 0.011842312499999962
1 0.2619565578481361 0.5195819543770563 0.0546056924144733 0.014802890625000042
1 0.41974418750000003 0.650340328125 0.30888698437500006 0.19934559375000002
1 0.43224440625000005 0.5472135234375001 0.111515109375 0.026151773437500036
1 0.21266863365349753 0.50329828125 0.03626720004613396 0.021217476562499994
2 0.6273136093749999 0.5240223281249999 0.005592203125000002 0.008388304687500004
1 0.8144886118707656 0.603465114746189 0.16875254850254073 0.14506792350254072
1 0.691788421875 0.6074119453125 0.10460709375000003 0.10016622656249999
1 0.027961015625 0.50329828125 0.05592203125 0.021217476562499994
1 0.9753372656250001 0.5812601718749999 0.049325468749999976 0.04687582031249997
1 0.9356581631742356 0.6301102167155742 0.12868367365152883 0.11743636678061478
1 0.116120453125 0.57435215625 0.23224090625 0.14704204687499994
1 0.32434778125 0.514153734375 0.04407971875 0.014802890625000042
1 0.5075746718749999 0.5393186484374999 0.061514234375000025 0.033059789062499956
1 0.4829031875 0.512180015625 0.011184406250000004 0.014802890625000042
1 0.526325 0.5472135234375 0.024013578125000025 0.03108607031249999
1 0.24655303095202383 0.6074119453125 0.27451033753781345 0.1667789309081555
1 0.6579062500000001 0.5245157578124999 0.03125054687500004 0.024178054687499985
1 0.5638256562499999 0.5013245625 0.033224265625000034 0.0029605781249999906
1 0.507574671875 0.5556018281249999 0.04407971875 0.024178054687499985
1 0.23026718749999997 0.5264894765625 0.009868593749999998 0.011842312499999962
1 0.501653515625 0.5294500546875 0.05131668750000002 0.024178054687499985
1 0.634332350643367 0.5611943602097043 0.06940884620723663 0.042270147602795835
1 0.7618556447560131 0.530437091710511 0.04704028207099912 0.021217476562499994
1 0.6134980501845357 0.5131670773112297 0.02697327956800481 0.023191195312499958
1 0.50839753581753 0.5393187816735082 0.06348795312500002 0.03009925534950275
1 0.9667932343749999 0.5472135234375 0.04013228124999995 0.027138632812499973
1 0.6812619218750001 0.5245157578125 0.04671134375000001 0.03108607031249999
