1 0.38355934375000006 0.5723784375000001 0.01578975000000001 0.020724046875000023
1 0.15855540625 0.5837273203125 0.03782960937500001 0.03404664843749998
1 0.28553131249999997 0.595076203125 0.03157950000000002 0.03108607031249999
1 0.4460604375 0.5580689765625 0.008223828125000015 0.007401445312499977
2 0.22171440625000002 0.6074119453125 0.022039859375 0.06710643750000003
1 0.52566709375 0.5593846640603125 0.03092159374999994 0.014309273434218728
1 0.183884796875 0.6093856640624999 0.06250109374999999 0.06365242968749998
1 0.083883046875 0.6207345468749998 0.07829084375 0.057731273437499994
1 0.49792539921454554 0.5593847320438634 0.008223828125000015 0.012335742187500021
1 0.350663781245625 0.5799440156189843 0.02039490624671873 0.02023014842929687
1 0.233885671875 0.600997359375 0.022697765624999987 0.036020367187500034
1 0.923124748356916 0.5997021994280614 0.037459406244765486 0.03090085854560636
1 0.483890046875 0.5600426953125 0.008223828125000015 0.012335742187500021
1 0.33158475000000004 0.5837273203125 0.023355671875000004 0.022697765624999987
1 0.25460971875 0.599023640625 0.03092159375 0.032072929687500015
1 0.152963203125 0.6093856640624999 0.03157949999999999 0.04736925000000003
1 0.36776959375 0.5827404609375 0.024671484374999983 0.03108607031249999
2 0.20724046875 0.6281359921874999 0.015131843749999992 0.03898094531250003
