1 0.29441304687500003 0.533890921875 0.03618484375000002 0.02861892187499997
1 0.879291703125 0.5052719999999999 0.04572448437499996 0.024178054687499985
1 0.276320625 0.5424046699828224 0.020149769571881658 0.029405052876585902
1 0.40823082812499994 0.5595492656250001 0.05452397923515727 0.08092246874999995
1 0.666787984375 0.5136603046875 0.15296320312500006 0.06710643750000003
2 0.2421095 0.5437595156249999 0.015131843749999992 0.045395531249999975
1 0.1605685960117671 0.7106374275294177 0.2924787991367671 0.29753810156249993
1 0.8761578984374999 0.4855348125000001 0.247684203125 0.10806110156250001
1 0.43224440624999994 0.5097128671875 0.006579062499999999 0.009868593749999998
1 0.502311421875 0.5907939352216481 0.13377818901890126 0.07105387499999996
1 0.21381953125 0.5482003828125 0.04177701973643503 0.03922763980232631
1 0.5022409381630478 0.5675851517527392 0.10460709375000003 0.08832391406250002
1 0.36711170175430285 0.5768192833060457 0.09144895449569716 0.11940998437500001
1 0.596392015625 0.5708981484375 0.06629670571471115 0.08263049611543334
1 0.6779723906249999 0.6133331015625 0.16151598437499998 0.17664782812499996
1 0.8348830312500001 0.5097128671875 0.080593515625 0.05970499218749996
1 0.4273101093749999 0.5136603046874999 0.006579062499999999 0.01282917187499999
1 0.6049447968749999 0.589001915407073 0.05121459985471534 0.10658081250000002
1 0.857307227972966 0.7820584423726515 0.28538554405406796 0.4358831152546968
1 0.52435128125 0.51119315625 0.13289706250000002 0.08240275781249995
1 0.33158475 0.6276425625 0.12927857812500002 0.1381603125
2 0.5898129531249999 0.51514059375 0.005592203125000002 0.02861892187499997
1 0.25263599999999997 0.54672009375 0.042763906250000025 0.03404664843749998
1 0.518430125 0.7944217968749999 0.27829434374999995 0.3466343525903926
1 0.013487078125 0.5679375703125 0.02697415625 0.03552693749999998
1 0.313492328125 0.5437595156249999 0.080593515625 0.04687582031249997
