1 0.08756479242741501 0.520074890625 0.013816031250000001 0.01529632031250001
2 0.17664782812500002 0.5195814609374999 0.004605343750000005 0.01282917187499999
1 0.13421287499999998 0.5240223281249999 0.019408234375000003 0.012335742187500021
1 0.6164581562499999 0.5432660859375 0.06250109374999996 0.04835610937499997
2 0.99146471875 0.4870151015625 0.008552781250000053 0.02565834374999998
2 0.07894875 0.697709578125 0.08355409374999999 0.29753810156250005
2 0.092106875 0.697709578125 0.07039596875 0.27878777343750005
1 0.3532956562500001 0.5040383332691969 0.010197546875000008 0.011595690168303108
1 0.296386765625 0.5116865859375 0.01644765625000003 0.017763468750000032
1 0.5161482293972383 0.5283697020874281 0.035855890625000046 0.04824183987768995
1 0.4055727542344812 0.50329828125 0.02203985937500003 0.029112351562500027
2 0.015871988281250003 0.630603140625 0.031743976562500005 0.18059526562499997
1 0.2990183906250001 0.5047785703125001 0.011842312500000023 0.010870330625916847
1 0.9144896874999999 0.48846563562316636 0.029276828125000046 0.02463181103922185
2 0.1302654375 0.6873475546875 0.08815943750000002 0.2447411250000001
1 0.8049582152089445 0.48556456750183374 0.01644765625000003 0.03454007812500004
1 0.112173015625 0.5171143125000001 0.0302636875 0.026151773437500036
1 0.158226453125 0.5185946015624999 0.00921068750000001 0.012335742187500021
1 0.8658046249999999 0.4840545234375 0.04063836567176201 0.036020367187500034
1 0.3084758262734221 0.5131668750000001 0.01644765625000003 0.017763468750000032
1 0.5507771804641615 0.5290114550895962 0.04704029687500005 0.050713614080853994
2 0.6496824218749999 0.650340328125 0.042763906250000025 0.1564172109375
1 0.28060693395894454 0.5131817525009168 0.013816031250000017 0.017763468750000032
1 0.292439328125 0.5102062968750001 0.010608793789036912 0.011595697570266416
