1 0.04033078744220921 0.6089432788195637 0.08066157488441841 0.11156615381956377
1 0.22993823437500002 0.5230354687500001 0.09802803125000002 0.05131668749999996
1 0.09671221875 0.5343619166552278 0.10493604687500001 0.054770695312500006
1 0.07840694364638469 0.5126734453124999 0.02906397489638468 0.014135311092922986
1 0.023191195312500003 0.5250091874999999 0.046382390625000006 0.049342968749999994
1 0.6093855661979667 0.5205683375827117 0.08026458552694903 0.03750067352021178
1 0.6889374962537196 0.5136603046875 0.05087808406435978 0.03437560265903965
1 0.05065878125 0.5126734453124999 0.009539640624999996 0.010362023437499968
1 0.5697468125 0.5176077421875 0.03552693750000001 0.02861892187499997
1 0.03676051171875001 0.5363580703124999 0.07352102343750001 0.03996780468749996
1 0.36658253870211177 0.7758346717339786 0.7331650774042235 0.44833065653204296
1 0.6444191718749999 0.520074890625 0.010197546874999948 0.023684625000000015
