1 0.45592903125 0.49491063059555795 0.05290582823042911 0.04440801784194202
2 0.0881594375 0.5595492656250001 0.032237406249999996 0.1208902734375
1 0.5921134078448518 0.4912163210882851 0.015131843749999992 0.03108607031249999
1 0.5841382068872197 0.48997689901362146 0.016118703125000047 0.02861892187499997
1 0.6069185156249998 0.492442828125 0.02861892187499997 0.04292838281250004
1 0.46102531038795813 0.497385439331806 0.018092421874999983 0.03108607031249999
1 0.5042851406250001 0.5294500546875 0.060856328125000005 0.07253416406250005
1 0.40313122325431944 0.5094732195257852 0.08914795974136122 0.0777164229310209
1 0.586852375 0.48800196093750003 0.010526500000000046 0.02565834374999998
1 0.6352084843749999 0.49984427343750004 0.05131668749999996 0.05131668750000005
1 0.723696875 0.5097128671875 0.10460709375000003 0.10806110156250001
1 0.446389390625 0.511694900269306 0.032237406249999975 0.058224703124999964
1 0.3381638125 0.5551083984374999 0.17368724999999996 0.08832391406250002
1 0.382572484375 0.5097128671875 0.07204073437500001 0.03848751562499997
2 0.1324582061762826 0.5564249674086521 0.03234655297756525 0.11546254687499999
