1 0.11684692519950231 0.7803914754329924 0.23369385039900462 0.43921704913401527
2 0.9135028281249998 0.6908015624999999 0.020724046874999996 0.19046385937499996
1 0.4767627114394675 0.5088904976703994 0.0067983557197337655 0.006414585937500039
2 0.786526921875 0.5506675312499999 0.022697765624999987 0.09445653574766029
1 0.5194169843750001 0.5087260078125 0.008223828125000015 0.011348882812499994
2 0.95067453125 0.7011635859375 0.034211124999999974 0.19441129687499997
1 0.4302706875000001 0.5149762992215783 0.010197546875000008 0.012335742187500021
1 0.460534375 0.7628422968749999 0.291123515625 0.4189218046875001
1 0.372703890625 0.5146471640625 0.013158124999999998 0.012335742187500021
1 0.4894410867585453 0.50521035135781 0.007154738487082628 0.006414585937500039
1 0.507903625 0.5077391484374999 0.0077304889294717094 0.007401988264330317
1 0.38678317571814624 0.5214566307647194 0.022697765624999987 0.024671484375000042
1 0.96703119921875 0.5723784375000001 0.06593760156249999 0.12779828906250001
2 0.91909503125 0.717446765625 0.010197546874999948 0.11644940625000003
1 0.407572921875 0.5126734453124999 0.008223828125000015 0.010362023437499968
1 0.476324125 0.5087260078125 0.003289531250000029 0.004934296875000044
1 0.5309732665897734 0.5126734453124999 0.015503719714773408 0.01993746359062687
1 0.44211300000000003 0.520074890625 0.013816031250000017 0.012335742187500021
1 0.407572921875 0.5220486093750001 0.004276390625000026 0.012335742187500021
1 0.418757328125 0.52106175 0.020724046874999996 0.024671484375000042
1 0.4029675781249999 0.5240223281249999 0.006908015624999978 0.014309460937499985
1 0.354282515625 0.5314237734375 0.030263687499999983 0.03108607031249999
1 0.476324125 0.505182264958403 0.004276390625000026 0.004934296875000044
