2 0.49014015624999996 0.5595492656250001 0.018092421874999983 0.08338961718749997
2 0.199674546875 0.5837273203125001 0.029605781249999998 0.13618659375000003
2 0.6026421249999999 0.6133331015625 0.049342968749999966 0.1564172109375
2 0.27171528125 0.618760828125 0.038816468750000006 0.1238508515625
2 0.41546779687499996 0.5960630625000001 0.040461234374999995 0.11595597656250005
2 0.818435375 0.5338909218750001 0.009868593749999969 0.014802890625000042
1 0.23355671875 0.5649769921874999 0.04736925 0.06118528124999996
1 0.9636042926558848 0.5324106328125 0.013536014790692738 0.017270039062499975
2 0.0067435390625 0.6039579374999999 0.013487078125 0.08092246875000005
2 0.28684712500000004 0.5486938125 0.00625010937500002 0.022697765624999987
2 0.17594312836381248 0.6693727030777893 0.06132624827088306 0.2320530554891108
1 0.4009938623904237 0.553628109375 0.0881594375 0.06414585937500003
1 0.056908890625 0.579286453125 0.10460709375 0.06414585937500003
1 0.70001225 0.5363698143586424 0.05054129285537101 0.035244972542871
2 0.09967279687500001 0.6769855312499999 0.060198421875000005 0.23191195312500001
1 0.4982443584709546 0.553291675103216 0.07401445312499995 0.06280012228786394
1 0.1157915 0.576325875 0.0302636875 0.05131668750000005
1 0.9853703359374999 0.5253077330417047 0.029259328125000057 0.027138632812499973
