1 0.42632325 0.5407989375 0.027632062499999974 0.03996780468749996
2 0.459547515625 0.49836398437499996 0.004605343750000005 0.01578974999999998
1 0.48109453759396376 0.5015715734844819 0.011513359374999983 0.011348882812499994
1 0.463494953125 0.5225420390625 0.013158124999999998 0.017270039062499975
1 0.5108642031249999 0.4939231171874999 0.01907928124999998 0.041448093749999956
1 0.44934996874999994 0.5264894765625 0.02171090624999999 0.02861892187499997
2 0.44441567187500003 0.5111931562499998 0.006579062499999999 0.009868593749999998
1 0.33421637499999995 0.5778061640625001 0.07697503124999999 0.09375164062500004
1 0.47862719172930923 0.5030518625469819 0.013158124999999998 0.01578974999999998
1 0.35132193749999996 0.527969765625 0.005592203125000002 0.019737187499999996
1 0.463494953125 0.5166208828125 0.01907928124999998 0.02565834374999998
1 0.4860290366013527 0.5000908180497101 0.007565921874999996 0.013939644019184794
1 0.5319172031249999 0.5181011718749999 0.006579062499999999 0.02861892187499997
1 0.828961875 0.74014453125 0.32303196874999995 0.33158475000000004
1 0.49277178125 0.4855348124999999 0.00953964062499999 0.009868593749999998
1 0.474679359375 0.5166208828125 0.011513359374999983 0.017270039062499975
1 0.386519921875 0.5580689765625001 0.04572448437500001 0.054277265625000036
1 0.39803328125 0.54672009375 0.04572448437500001 0.05970499218749996
1 0.4911270156249999 0.4870151015625 0.008552781249999994 0.009868593749999998
1 0.54145684375 0.5181011718749999 0.02171090625000005 0.032566359374999986
1 0.508232578125 0.5225420390625 0.02171090624999999 0.02565834374999998
1 0.597378875 0.5610295546875 0.06348795312500002 0.08388304687500003
1 0.4881664375 0.51514059375 0.017105562499999987 0.024178054687499985
1 0.6723801875 0.630603140625 0.12072579687499996 0.135199734375
1 0.5575755468749999 0.533890921875 0.036184843749999966 0.03996780468749996
1 0.91472765234375 0.8420701308593749 0.17054469531250002 0.31585973828125
1 0.611523859375 0.508232578125 0.032237406249999975 0.02861892187499997
1 0.49770607812499995 0.4909625390624999 0.007565921874999996 0.009868593749999998
1 0.5221808399418769 0.5052719999999999 0.0037499032957807542 0.012236873629628331
