1 0.03684275 0.5037917109375 0.04539553125 0.02516491406250001
1 0.06546167187499999 0.4968836953125001 0.02993473437499999 0.012335742187500021
1 0.2085092859324241 0.5177487281402277 0.06461578435469638 0.04046123437500002
1 0.16688888322362389 0.5156340234375 0.059211569079128286 0.042105991776089625
4 0.147699953125 0.4963902656250001 0.010197546875000008 0.01529632031250001
1 0.05969631945215283 0.49459829255592014 0.007288903359050946 0.007401445312499977
1 0.054371252232142855 0.4908920491071429 0.007565921874999996 0.007401445312499977
1 0.078619796875 0.48948225 0.024342531250000004 0.011348882812499994
1 0.64844009765625 0.8778437832031252 0.7031198046875 0.24431243359374993
2 0.1407919375 0.4963902656250001 0.006908015625000008 0.01529632031250001
1 0.26210985565801637 0.5207656610684099 0.07105387500000002 0.04894824480305733
