1 0.8190932812499999 0.5708981484375 0.11842312499999999 0.07500131249999997
1 0.8811855916480312 0.8118475625 0.23762881670393743 0.37630487500000004
1 0.3247011005150677 0.547633854704797 0.058553656249999975 0.07077975592423824
1 0.46382390625 0.55066753125 0.04177704687499997 0.04884953906250002
1 0.8036324843749999 0.5787930234375 0.12105474999999993 0.06562614843750003
1 0.45703925447173266 0.5145238104955394 0.006579062499999999 0.009868593749999998
1 0.4648406754567942 0.514019160766202 0.010347068521602883 0.009868593749999998
1 0.418428366227902 0.5329040625 0.011623013340699314 0.013816031250000017
1 0.3814211439144059 0.5372462447368569 0.023618836677666146 0.026941262911213838
1 0.787842734375 0.6064250859374999 0.195069203125 0.10855453124999999
1 0.40066490625 0.5486938125 0.03914542187500002 0.045888960937500035
1 0.158884359375 0.5797798828125 0.176318875 0.09079106249999995
1 0.4271127317104193 0.5285618828289765 0.015066054703976602 0.01598712503295312
