1 0.7751786459810155 0.2220545084354966 0.16858824465054692 0.10478974159401805
1 0.10987034374999999 0.18462958239277652 0.10625185937499998 0.08340409706546274
1 0.231911953125 0.18890671557562078 0.17927945312499996 0.157541072234763
1 0.90198946875 0.22169806997742664 0.12006789062499999 0.10977975169300226
1 0.66777484375 0.15183822799097066 0.1276338125 0.13829397291196388
1 0.35362460937499995 0.21670808126410834 0.087172578125 0.09694835214446954
1 0.834554078125 0.18890671557562078 0.03092159374999994 0.013544255079006784
1 0.32796626562500003 0.157541072234763 0.03782960937499998 0.04134562076749436
1 0.343098109375 0.23025233634311512 0.06250109375000003 0.08340409706546274
1 0.20510298891054687 0.23132165171732508 0.17853926665222655 0.07752299082130362
1 0.6444191718750001 0.23452946952595935 0.15164739062500002 0.06985984198645599
1 0.836527796875 0.19746098194130923 0.02532939062499994 0.0192470993227991
