4 0.017270125403629495 0.22098526790550424 0.009210720391858855 0.02958356688298292
1 0.353624609375 0.2259752031602709 0.02828996874999999 0.039919909706546255
1 0.444744625 0.21243094808126411 0.040461234374999995 0.050612742663656896
1 0.2223723125 0.2437965914221219 0.039803328125 0.07912696388261851
1 0.8868576250000001 0.34644778781038377 0.1934244375 0.14399681715575624
1 0.29375514062499997 0.23452946952595938 0.055593078125000014 0.04918703160270881
1 0.16250284375 0.24949943566591426 0.11381778125000001 0.08482980812641087
1 0.435862890625 0.23809374717832954 0.04736924999999997 0.04490989841986455
1 0.33158475000000004 0.2081538148984198 0.010197546875000008 0.010692832957110609
1 0.11052824999999998 0.22312378103837474 0.024671484374999997 0.02993993227990971
1 0.33092684375000003 0.22312378103837474 0.030263687499999983 0.02993993227990971
1 0.32105825 0.23452946952595935 0.036513796875000004 0.0384941986455982
1 0.406915015625 0.26304369074492095 0.10559395312499996 0.07413697516930023
1 0.23881996875000003 0.24949943566591423 0.014473937500000004 0.0384941986455982
1 0.4315865 0.2259752031602709 0.0618431875 0.0384941986455982
2 0.49244282812500006 0.2794393679458239 0.013816031250000017 0.09124550790067722
