2 0.277965390625 0.3478734988713318 0.030263687499999983 0.11120546275395031
1 0.5450751767747789 0.21433178683505474 0.013816031249999956 0.0192470993227991
1 0.38915154687500003 0.2231237810383747 0.024013578125000025 0.0384941986455982
2 0.691788421875 0.3478734988713318 0.02532939062500006 0.13829397291196388
1 0.9284456424520471 0.48517032029283375 0.14310871509590595 0.22497539483150122
2 0.166121328125 0.3585663318284425 0.030263687499999983 0.18748100451467273
1 0.7089764533865435 0.3327255461225955 0.09539640625000002 0.08554260305052835
1 0.09229579500739096 0.3411522022758661 0.11367718408543463 0.10835404063205413
2 0.7082360781249999 0.3478734988713318 0.02203985937500003 0.1546896501128668
1 0.51119315625 0.28870648984198644 0.084540953125 0.05346416478555304
1 0.6329058124999999 0.28229079006772007 0.032237406249999975 0.0313656433408578
1 0.5185125036320717 0.265538451142926 0.0634879963098682 0.0513255046106693
1 0.4950153776530622 0.3334866190638962 0.19160013032236378 0.1044003387113826
1 0.4939234873671178 0.32399171552729983 0.1878311485147881 0.09979752812006228
1 0.6662288824164091 0.29996990256177625 0.10371900280158819 0.08497239477662673
2 0.6000105 0.2851422121896163 0.01644765625000003 0.059167009029345394
1 0.167437140625 0.32862639954853273 0.084540953125 0.0862555191873589
1 0.796889463563965 0.358566545747138 0.16299600197244704 0.19104560304508625
1 0.705604453125 0.23310375846501127 0.01907928124999998 0.03421706546275394
1 0.02035413140079328 0.28728077878103836 0.04070826280158656 0.03492996555371693
1 0.782485659529853 0.26304369074492095 0.06315900000000003 0.05468633030877004
1 0.907910625 0.27801365688487584 0.07138282812499999 0.03564277652370203
1 0.9671226541546244 0.29512232151980744 0.04276388596066845 0.01069274502140751
1 0.6664590312500001 0.32434926636568856 0.06875120312500003 0.06985984198645599
1 0.5416019903239536 0.3182481054424277 0.017725037652715454 0.0205262239835555
1 0.820738046875 0.27801365688487584 0.05690889062499996 0.023524232505643332
1 0.21842487500000002 0.3136564334085779 0.09276478124999997 0.06985984198645596
2 0.5972148179744001 0.32042872138710293 0.019244078634835304 0.08554212886014595
1 0.3549402688800504 0.22383647079553998 0.022697765624999987 0.03564277652370203
1 0.4924428484143315 0.2231237810383747 0.016776670242994503 0.03564277652370203
1 0.907910625 0.40418908577878104 0.18256898437499997 0.22312378103837474
1 0.042517191406249995 0.34217065462753954 0.08503438281249999 0.13829397291196388
1 0.550338578125 0.40418908577878104 0.183884796875 0.1739367494356659
1 0.5799443593749999 0.22169806997742664 0.024671484374999983 0.02494994356659142
1 0.259544015625 0.22312378103837469 0.020066140624999975 0.03706848758465012
1 0.31513709375 0.20957952595936793 0.012500218749999981 0.013544255079006784
1 0.325334640625 0.26304369074492095 0.06579062499999999 0.05061274266365687
1 0.20592465624999998 0.22597520316027092 0.024013578124999994 0.02993993227990971
1 0.27829453176484614 0.2876373593348637 0.08750157825371155 0.06985984198645599
1 0.5275585392596146 0.21652997344261377 0.01578974999999995 0.028514221218961622
1 0.8434358124999998 0.22740091422121897 0.02894787499999995 0.02993993227990971
1 0.5031488260070967 0.2759397246905829 0.055502625370392994 0.03071742220751299
1 0.216780109375 0.26874653498871337 0.07763293749999998 0.04918703160270881
1 0.24612270746259057 0.2227675211843653 0.0159871115437953 0.04006254797713212
1 0.328624171875 0.2259752031602709 0.017105562499999987 0.0192470993227991
1 0.783895296875 0.2601922686230248 0.06809329687499996 0.04918703160270881
1 0.8825812343749999 0.38351627539503386 0.23388567187500003 0.2174209367945824
1 0.007401445312499999 0.22882662528216705 0.014802890624999999 0.04633560948081263
1 0.4707352542753698 0.5439087697516929 0.47579749452996617 0.42336506504019883
1 0.11546254687499999 0.21243094808126411 0.026645203124999992 0.03564277652370203
1 0.6267655003963266 0.27421186212584997 0.04671137884511841 0.030890457022292928
