1 0.5022828230012847 0.4369804401805869 0.08618571875 0.04918703160270878
1 0.739131360940925 0.4113176410835214 0.08944893906592502 0.08269124153498869
1 0.5290138227474305 0.4889569189192626 0.15493692187499994 0.10692832957110608
1 0.21737536949379221 0.45717796952692785 0.07204073437500001 0.0842527094491184
2 0.70067015625 0.3820905643340858 0.01546079687499997 0.06486985327313771
1 0.7279458583015109 0.5410573476297968 0.165463421875 0.1732238939051919
1 0.3743486562500001 0.48046462753950336 0.126646953125 0.09267121896162527
1 0.1427327678126272 0.49621871986428406 0.07993560937499998 0.09979977426636567
1 0.2655278180062078 0.4498118397291196 0.055295448065603915 0.06486985327313771
2 0.666130078125 0.39492196388261847 0.011184406250000004 0.04490989841986455
1 0.8799749083130964 0.44558953043018634 0.10890878331309643 0.08554266365688487
1 0.02333218009878172 0.6087786230248308 0.046053437499999995 0.050612742663656896
1 0.7476892346968564 0.43127759593679454 0.044058500321856424 0.07057269751692999
1 0.10888348437499999 0.5352832327316527 0.024013578124999994 0.053464164785553075
1 0.3535932863093961 0.512611004837426 0.14671309375000002 0.11263117381489843
1 0.4957609582487152 0.4020505191873589 0.0602270207487153 0.04490989841986455
1 0.18869380148758444 0.47645900806302244 0.06577490253103886 0.07464619542000182
1 0.12924395809590009 0.5946715585911326 0.14934471875 0.09552264108352151
1 0.5108928019987152 0.45694039503386 0.114261129869861 0.07342411963882617
1 0.174016203125 0.4875219121898918 0.06023131031237282 0.08269124153498869
1 0.160858078125 0.42129761851015796 0.05592203125000001 0.01853424379232504
1 0.2907880499207986 0.46049055964778035 0.016789634533402816 0.03350420993227991
1 0.48728924378890137 0.37971444260652537 0.10526504386670427 0.08744367511216868
1 0.2687233800593961 0.5688587133182844 0.13950744806560386 0.13187827313769745
1 0.41911618027519754 0.581625320396863 0.11803437382460485 0.11263117381489843
2 0.18881909374999997 0.4106047855530474 0.008552781249999994 0.01853424379232504
1 0.01644766283057603 0.4355547576404199 0.03157953290288016 0.03706850184504063
1 0.405599203125 0.4284261738148984 0.09144896874999997 0.0634441422121896
1 0.8227117656249999 0.4355547291196388 0.12464692344092505 0.12540555644083076
1 0.18620024101287763 0.43127759593679454 0.038829241012877644 0.026389493648264744
1 0.5283273176237152 0.42123564352422876 0.12927857812499996 0.08126553047404063
1 0.93356021875 0.4512375507900677 0.13287956250000002 0.07484983069977423
1 0.3937269915998024 0.43127759593679454 0.0881594375 0.04918703160270878
1 0.5710912238737152 0.5466362419017308 0.13684450000000006 0.17464960496613996
2 0.732578609375 0.3599920428893905 0.011184406250000004 0.03207849887133186
1 0.414151984375 0.4112528486135673 0.07927770312500003 0.036355632054176086
1 0.05914232244180021 0.5124681033229439 0.11743626562500001 0.13735604811781552
1 0.38750678125000004 0.4512375507900677 0.11546254687499999 0.07983981941309258
