1 0.8769890312499998 0.16181820541760722 0.032237406249999975 0.05845415349887135
1 0.9697538125000001 0.2174209367945824 0.053948312500000026 0.07841410835214449
4 0.54014103125 0.26874653498871337 0.03454007812499995 0.18106530474040633
1 0.8283039687499998 0.16752104966139955 0.00953964062499999 0.02494994356659142
1 0.98117618359375 0.23951945823927762 0.037647632812500005 0.08910694130925506
1 0.8977130781249999 0.17464960496613996 0.032237406249999975 0.05132559819413093
1 0.9959790742187501 0.2666079683972912 0.008041851562499976 0.04633560948081267
4 0.49869293749999993 0.31365643340857796 0.045066578125 0.20387668171557566
1 0.713170375 0.23951945823927762 0.069409109375 0.14898680586907445
1 0.8358698906250001 0.16894676072234763 0.016118703125000047 0.017821388261851014
