2 0.901002609375 0.4569403950338599 0.03256635937499996 0.21884664785553046
2 0.9851236210937501 0.41987190744921 0.02975275781249991 0.17963959367945825
2 0.522048609375 0.3927833972911964 0.033224265625000034 0.1860552934537246
2 0.615471296875 0.4868803273137698 0.04342181249999998 0.2487865801354402
1 0.9549509218750001 0.3984862415349887 0.0881594375 0.0891069413092551
2 0.76909240625 0.4647818058690745 0.031908453125 0.18177816027088037
2 0.6700775156249998 0.4319904514672686 0.031908453125 0.18320387133182842
2 0.544417421875 0.385654841986456 0.01644765625000003 0.12474971783295713
2 0.7365260468749999 0.3984862415349887 0.022697765624999987 0.12474971783295713
2 0.806922015625 0.3984862415349887 0.022697765624999987 0.11690830699774266
2 0.39408584375 0.3599920428893905 0.013816031250000017 0.06772127539503388
2 0.8348830312499999 0.44838612866817146 0.04407971874999994 0.20672810383747175
2 0.5591104340434374 0.3980109156458831 0.03146983404588113 0.18249089461664136
2 0.8700810156250001 0.41702048532731373 0.03256635937499996 0.1782138826185102
2 0.69935434375 0.454088972911964 0.03750065625 0.23239090293453726
2 0.40527025 0.3685463092550791 0.011842312500000023 0.06772127539503388
