1 0.231254046875 0.2958350451467268 0.100330703125 0.0727112641083521
1 0.5210617499999999 0.33290353273137696 0.07138282812499994 0.06700841986455983
1 0.41250721875 0.3136564334085779 0.022697765624999987 0.04490989841986455
1 0.5677730937500001 0.3421706546275395 0.04177704687499997 0.06843413092550787
1 0.243754265625 0.33005211060948075 0.07894874999999998 0.06843413092550787
1 0.18059526562500003 0.29583504514672687 0.0802645625 0.052038453724604986
1 0.3197424375000001 0.29583504514672687 0.04177704687500003 0.03564277652370206
1 0.30822907812499994 0.29298362302483066 0.032895312499999996 0.028514221218961622
1 0.656261484375 0.36141775395033865 0.09144896875000003 0.08625551918735892
1 0.42270476562500003 0.3136564334085779 0.01907928124999998 0.06700841986455983
1 0.608234328125 0.3464477878103838 0.07072492187500004 0.08625551918735892
1 0.17993735937500002 0.2944093340857788 0.040461234374999995 0.03564277652370206
1 0.22928032812500002 0.3136564334085779 0.06381690625 0.04490989841986455
1 0.12829171874999998 0.29155791196388264 0.03848751562499998 0.023524232505643363
1 0.7473814999999999 0.37781343115124155 0.16743714062499998 0.10977975169300226
1 0.452310546875 0.3122307223476298 0.0618431875 0.06700841986455983
1 0.2828996875 0.3492992099322799 0.11118615625000003 0.08625551918735892
1 0.30132106250000007 0.29298362302483066 0.03421112500000003 0.03706848758465008
1 0.4092176875 0.30153788939051923 0.03092159375 0.04776132054176069
1 0.46941610937499995 0.32292355530474043 0.06809329687499996 0.056315586907449186
1 0.14276565624999998 0.2944093340857788 0.025329390625 0.023524232505643363
