1 0.540356907620897 0.2631160867875685 0.02236881250000001 0.055992565638204234
1 0.5 0.8790859008266039 1.0 0.2418281983467923
1 0.7652997703173391 0.463188363990242 0.2699447394543347 0.36963655868025824
2 0.638498015625 0.24708666071645632 0.01578974999999995 0.026430467565673677
1 0.9717187812500001 0.46549466139954854 0.05656243749999999 0.2323909029345372
2 0.9105421217025077 0.2979733800496756 0.02828999013291534 0.06772127539503385
1 0.11546254687499999 0.2388066027088036 0.11217301562500001 0.09979977426636567
1 0.5439474876980183 0.2666079683972912 0.016776609375000008 0.06130557562076747
1 0.433889171875 0.2587665575620767 0.06217214062499998 0.0670084198645598
1 0.1295455563516997 0.2894193453724605 0.1259556776627195 0.1977192637009624
2 0.15888435937499998 0.2944093340857788 0.03914542187499999 0.2323909029345372
2 0.7245740405689993 0.2694593905191873 0.013816031249999956 0.03279131163004632
1 0.17883706708999397 0.18089323746095787 0.07049805605498793 0.038027157096175594
1 0.0318005929041403 0.2922707674943566 0.0636011858082806 0.22953948081264108
1 0.5804518869072207 0.263624158344013 0.08504848065722068 0.06635666560240108
1 0.6234219273436088 0.2971640966142403 0.13562904734349576 0.08497479751656277
