1 0.33355846874999995 0.2887955882624497 0.04683469986120319 0.08812676779513522
1 0.46160347350433045 0.2619744086744277 0.11677835937500003 0.0707509083365041
1 0.9110356805098706 0.3428835101580135 0.018914803865129552 0.04490989841986455
2 0.349019265625 0.31294357787810384 0.012171265625000002 0.029939932279909678
1 0.8832391406249999 0.334329243792325 0.04161256825656861 0.055780943031947965
1 0.8088273372648729 0.3735362979683972 0.1136777289233366 0.1339533206780314
1 0.7459560379203423 0.8454973074332792 0.506916765625 0.3090053851334415
2 0.061185340461858556 0.3257749560408637 0.019408249177964642 0.031365696805289875
1 0.971398578125 0.31579499999999994 0.026645203124999975 0.03778134311512414
2 0.386519921875 0.315082144469526 0.00921068750000001 0.02494994356659145
1 0.52566709375 0.2879936343115124 0.1071072144781103 0.08497234216253524
2 0.3779671406250001 0.315082144469526 0.012171265625000002 0.026375654627539505
