1 0.881923328125 0.3699720203160271 0.011513359374999983 0.03564277652370203
1 0.06293956340825034 0.37211036829331884 0.09408059374999998 0.09338473033449037
1 0.4792846124752035 0.3891405246216528 0.049562391699728654 0.08530609283737704
1 0.7756714687499998 0.39135768623024825 0.06644853124999996 0.07413697516930023
1 0.01817460971559388 0.3899317565551699 0.03634921943118776 0.0774641444111499
1 0.31645290625 0.3713977313769751 0.039803328124999975 0.06130557562076747
1 0.006940900082046874 0.34644778781038377 0.012500218749999998 0.017821388261851045
1 0.72961803125 0.39706053047404066 0.04111914062500001 0.04490989841986455
1 0.37007226562499995 0.3792391422121895 0.036513796875000004 0.056315586907449186
1 0.957582546875 0.36426917607223475 0.03651379687499994 0.03564277652370203
1 0.06653076953125 0.6914698645598194 0.1330615390625 0.24664801354401808
1 0.9173405473291252 0.38921911963882627 0.08223828125000002 0.0819783860045147
1 0.8194222343750002 0.38066485327313765 0.03914542187500002 0.03564277652370203
1 0.089146296875 0.3478734988713318 0.01699594837393792 0.0192470993227991
1 0.66645903125 0.36141775395033854 0.04111914062500001 0.028514221218961622
1 0.9681084876602797 0.39706053047404066 0.03865350206724495 0.062018188782784874
1 0.18141764843749997 0.8457349322799097 0.36283529687499994 0.3085301354401806
1 0.7042886406250001 0.36426917607223475 0.03848751562500006 0.022098521444695277
1 0.9213978149679442 0.4091790744920993 0.07631712500000004 0.06772103302657716
1 0.5957341093749999 0.36284346501128667 0.03782960937499998 0.017821388261851045
