1 0.846396390625 0.3813777088036117 0.04671134375000001 0.04490989841986455
1 0.2838864202413434 0.37068464062887396 0.04868495395686579 0.04419669006294973
1 0.2630534951533943 0.36355632054176074 0.010854893917735649 0.0199594701228228
1 0.6707354218749999 0.36355632054176074 0.003947437499999987 0.021385665914221218
1 0.9322531562499999 0.3842291309255079 0.054606218749999984 0.07199840857787812
1 0.8881734374999998 0.38565484198645594 0.021381953124999954 0.05488987584650113
1 0.30461059374999994 0.36925916478555304 0.027303109374999992 0.03492992099322797
1 0.70593340625 0.36640774266365683 0.020724046874999996 0.029939932279909678
1 0.71514409375 0.36783345372460496 0.004605343749999946 0.0313656433408578
1 0.6661300781250001 0.3621306094808126 0.016118703125000047 0.028514221218961622
2 0.7523157968749999 0.3699720203160271 0.008223828124999954 0.03706848758465008
1 0.544417421875 0.3842291309255079 0.03980332812500003 0.03492992099322797
1 0.8730415937499999 0.3478734988713318 0.055922031250000025 0.043484187358916494
1 0.6565904375 0.352150632054176 0.004605343749999946 0.017108532731376986
1 0.43586289062499994 0.32221069977426636 0.11579149999999998 0.16752104966139958
1 0.828961875 0.3464477878103838 0.018750328125 0.017108532731376986
2 0.96778009375 0.368546309255079 0.008223828124999954 0.05203845372460495
1 0.22697765625 0.37852628668171556 0.09638326562499998 0.05488987584650113
1 0.7590908073359525 0.8794174246999494 0.4818183853280953 0.24116515060010127
1 0.806922015625 0.37353629796839727 0.03256635937499996 0.05488987584650113
1 0.908897484375 0.3478734988713318 0.013158124999999998 0.017108532731376986
1 0.7842241233663434 0.352150632054176 0.013651762728507204 0.014970005342892704
1 0.30329478125 0.49472173814898424 0.266780984375 0.2174209367945824
2 0.5217196562499999 0.37781343115124155 0.014473937499999975 0.04134562076749438
