1 0.6289583749999998 0.2794393679458239 0.09967279687499998 0.18534243792325053
1 0.5723784375 0.18320387133182842 0.02532939062500006 0.04419704288939052
1 0.5373461757656816 0.16716491598877128 0.019408308399446385 0.03706848758465012
1 0.682577734375 0.2901322009029345 0.008552781250000053 0.06130557562076747
1 0.262833546875 0.18320387133182842 0.07993560937500002 0.06772127539503385
1 0.497377125 0.175362460496614 0.021052999999999975 0.02922707674943568
1 0.500337703125 0.33005211060948086 0.192108625 0.28941934537246056
1 0.79146121875 0.24450944695259594 0.06710643750000003 0.11049260722347631
1 0.6092211875 0.19532241534988712 0.033224265625000034 0.08269124153498872
1 0.6694196093750001 0.1739367494356659 0.020395093750000017 0.04419704288939052
1 0.43619184375 0.15682821670428895 0.007894874999999975 0.027801365688487577
1 0.318097671875 0.1632439164785553 0.01842137500000002 0.02922707674943568
1 0.463500868333143 0.17298718398672078 0.020066412588592777 0.03493014200201672
1 0.39013840625 0.16752104966139955 0.020395093750000017 0.02922707674943565
1 0.35757204687500005 0.16894676072234763 0.04013228125000001 0.022811376975169304
1 0.48619271875 0.18320387133182842 0.02828996874999999 0.017108532731376986
1 0.481258421875 0.19247099322799097 0.06348795312500002 0.030652787810383737
1 0.6424454531249999 0.20601524830699772 0.05789575000000002 0.06415699774266365
1 0.9200818906249999 0.18320387133182842 0.06085632812499995 0.06914698645598194
1 0.489153296875 0.1782138826185102 0.030263687499999983 0.018534243792325072
1 0.4110818228307584 0.16514489228373477 0.024123222952714112 0.04229608847123147
1 0.5407989375 0.18890671557562078 0.04375076562500002 0.07057269751693003
1 0.5638256562499999 0.5018502934537247 0.187832234375 0.37496200902934546
