1 0.058553656249999995 0.6066400564334086 0.0802645625 0.06629556433408576
1 0.5918688163710077 0.3262204988786192 0.009663004163303885 0.015950155748920315
1 0.4585606562499999 0.3264878329571106 0.032895312499999996 0.022811376975169273
1 0.385862015625 0.7313216196388262 0.740473484375 0.5373567607223476
1 0.705604453125 0.33718066591422124 0.011842312499999962 0.009979977426636581
1 0.5739573986838307 0.3307649661399548 0.009868587170871735 0.01368682761082692
1 0.250991234375 0.32292355530474043 0.030592640624999994 0.02423708803611739
1 0.694420046875 0.33718066591422124 0.016118703125000047 0.020672810383747155
1 0.5407989375 0.5175331151241535 0.07105387500000002 0.056315586907449186
1 0.6509982343749999 0.6002243566591422 0.21645115624999994 0.11975972911963877
1 0.827975015625 0.613768611738149 0.08618571875 0.06130557562076747
1 0.7003412031249999 0.5410573476297968 0.056250984375 0.028514221218961622
1 0.676656578125 0.33718066591422124 0.014144984375000055 0.01853424379232504
1 0.831264546875 0.8162195823927764 0.33520323437499994 0.36498203160270876
1 0.5986946875 0.33432924379232504 0.00296057812500005 0.014257110609480811
1 0.10723871875 0.3207849887133183 0.046711343749999995 0.02423708803611739
1 0.65724834375 0.33718066591422124 0.022697765624999987 0.022811376975169273
