1 0.9856992890625 0.2944093340857788 0.02860142187499998 0.07912696388261851
1 0.5983657343750001 0.2259752031602709 0.024013578125000025 0.04490989841986455
1 0.8806075156250001 0.2473607585735973 0.0618431875 0.05488987584650113
1 0.5861945707331176 0.23452946952595935 0.020395042758441305 0.04241473831186323
1 0.23947787499999998 0.20957952595936793 0.01907928125000001 0.02494994356659142
1 0.70198596875 0.26732082392776524 0.03914542187500002 0.07912696388261851
1 0.8223828125 0.2316780474040632 0.09046210937499997 0.06700841986455983
1 0.6660541575343084 0.2822907900677201 0.07482418701838434 0.13335880569910186
1 0.5003377031249999 0.21005476984445515 0.02116265737727841 0.02067281038374719
1 0.9681089958834412 0.26304369074492095 0.04572433140032383 0.08126541997314585
1 0.7605396249999999 0.2951221254483465 0.08289618749999998 0.11441302388550524
1 0.3766513281249999 0.21884664785553046 0.027303109374999992 0.041345620767494345
1 0.6217214062499999 0.26732082392776524 0.049342968749999966 0.10550261851015802
1 0.531917203125 0.20957952595936793 0.021381953124999954 0.02067281038374719
1 0.246385890625 0.19460955981941308 0.01578975000000001 0.016395677200902927
1 0.46382390625 0.23070255899296546 0.03092159375 0.048286586303008174
2 0.4343277848159435 0.19746098194130923 0.006908015624999978 0.014969966139954839
2 0.460534375 0.2038766817155756 0.0060307901130321065 0.016395677200902927
1 0.501653515625 0.2559151354401806 0.0457244873356462 0.07128555304740408
1 0.31993980911183434 0.21670808126410834 0.02759916679275154 0.04633560948081263
1 0.19000335276417127 0.19888669300225736 0.04572441496457182 0.03279135440180588
1 0.34046648437500004 0.21670808126410834 0.02264903440985974 0.03706848758465012
1 0.433889171875 0.22531718570766693 0.02828996874999999 0.04490989841986455
1 0.53619359375 0.22882662528216705 0.02927677713344128 0.05417690981513228
1 0.18931252343750002 0.8048138939051919 0.37862504687500004 0.38636769751693
1 0.4118493125 0.211005237020316 0.025987296875000017 0.06700841986455983
1 0.28947875 0.22312378103837474 0.05427726562500001 0.07271126410835214
1 0.6335637187500001 0.2316780474040632 0.03092159374999994 0.04490989841986455
1 0.25329390625 0.21884664785553049 0.029605781250000025 0.039919909706546255
2 0.48462090517294243 0.2012623949188197 0.004934296874999984 0.017662428312058838
1 0.21414848437499998 0.23809374717832954 0.09408059374999998 0.06130557562076747
