1 0.24243845312499998 0.3464477878103838 0.05427726562499998 0.04134562076749438
1 0.9283060148226162 0.3129435422335451 0.021710856904563987 0.019247028033681623
1 0.365795875 0.3407449435665914 0.04671134375000001 0.0384941986455982
2 0.8036335058306332 0.4098916413002037 0.023354650419366862 0.09837444816857702
1 0.33355846874999995 0.35072492099322794 0.06579062499999999 0.03564277652370203
1 0.98488565625 0.3214978442437923 0.029605781250000025 0.032791354401805854
1 0.9573361455874301 0.3051021670428894 0.01250021875000004 0.013187772954594482
1 0.189477 0.32292355530474043 0.020724046874999996 0.027088510158013567
1 0.9778135859680875 0.31223052986605 0.03634894281802682 0.03136506589611867
1 0.20115556872088902 0.34430912497817184 0.06710643749999999 0.04490989841986455
1 0.99745936328125 0.3015378893905191 0.005081273437500045 0.007128555304740406
1 0.454942171875 0.3464477878103838 0.04473762500000002 0.04134562076749438
1 0.29178142187499995 0.3571406207674944 0.046053437499999995 0.01496996613995487
1 0.962845796875 0.31080501128668175 0.024013578125000025 0.023524232505643332
2 0.8523175468749999 0.40775336343115115 0.025987296875000017 0.10692832957110608
2 0.947056046875 0.39420910835214446 0.022697765624999987 0.1354425507900677
2 0.2603431334031779 0.33412551724495393 0.01188933977413275 0.030143658827280876
