1 0.3353348191776831 0.30096760239986775 0.00855277532886151 0.01853424379232504
1 0.1470949438983015 0.29155791196388264 0.036513796875000004 0.031365643340857764
1 0.3477504448621332 0.31009215575620774 0.04899835171262226 0.2016023376444007
1 0.1023513426748245 0.3482808518718002 0.043938753340035115 0.05142744866459361
1 0.038487515624999996 0.3607048984198646 0.05263249999999999 0.06059272009029348
1 0.2381620625 0.3264878329571106 0.023355671875000004 0.03492992099322797
1 0.255596578125 0.32933925507900674 0.02598729687499999 0.03778134311512414
1 0.189477 0.32933925507900674 0.027303109374999992 0.021385665914221218
1 0.048027156249999994 0.6618309165850571 0.09506745312499999 0.4867219160473484
1 0.17697678125 0.31365643340857796 0.029276828124999987 0.017108532731376986
1 0.29493390565636673 0.3084288236108989 0.01924375603066911 0.029939932279909678
1 0.3156819523159678 0.30340913103682254 0.018729765702050708 0.028469661566520654
1 0.211516859375 0.36925916478555304 0.0787716214850659 0.09338407449209933
1 0.5582863501483015 0.7584782844243793 0.88225228125 0.4769003498871331
1 0.36672790419397416 0.290369818224994 0.013816031250000017 0.014257110609480811
1 0.17763468750000003 0.3043893115124153 0.04255457331313813 0.029939932279909678
1 0.3779671406250001 0.3015378893905193 0.009868593750000028 0.017108532731376986
1 0.21499436383928572 0.32648783295711065 0.0248594575892857 0.031161970332150922
1 0.9327981437131404 0.5345096368563201 0.13440371257371914 0.11085695410256118
1 0.263491453125 0.3193592776523702 0.01940823437499999 0.025662799097065446
1 0.15954226562499998 0.33789352144469526 0.036513796875000004 0.053464164785553075
1 0.29803153125000004 0.298686467268623 0.045395531249999975 0.19746098194130923
1 0.11639650922669847 0.2972607562076749 0.017434515624999994 0.02138566591422125
1 0.20812153407839695 0.28870648984198644 0.016118703124999988 0.01853424379232504
1 0.14467110101194808 0.4046194898741871 0.05855365624999999 0.09424488268291158
1 0.35864967992608554 0.29436016476961313 0.011411271530229665 0.017059363415211352
1 0.06118528125 0.3464477878103838 0.035197984375 0.053464164785553075
1 0.24342531250000002 0.2901322009029345 0.022039859375 0.01853424379232504
