1 0.19868768750000002 0.456227539503386 0.10197546874999999 0.13615540632054177
1 0.281583875 0.49614744920993226 0.16020017187500002 0.16039249435665914
1 0.16151598437499998 0.3970605304740406 0.013816031249999987 0.021385665914221218
1 0.31382128125 0.420584762979684 0.026645203124999975 0.022811376975169273
1 0.062830046875 0.39420910835214446 0.007894875000000004 0.017108532731376986
1 0.0024671484374999995 0.4013376636568849 0.004934296874999999 0.057028442437923245
1 0.008717257812499999 0.4633560948081264 0.017434515624999997 0.09338407449209933
1 0.10723871874999999 0.39420910835214446 0.028618921874999998 0.017108532731376986
1 0.033224265625 0.3956348194130925 0.013816031249999998 0.029939932279909678
1 0.10723871874999999 0.49899887133182835 0.172700390625 0.20672810383747175
1 0.015131843749999997 0.39135768623024825 0.022368812499999995 0.03564277652370203
1 0.047698203125 0.3956348194130925 0.031908453125 0.03564277652370203
1 0.074014453125 0.3913576862302483 0.025987296874999996 0.019959954853273162
