1 0.3335584687499999 0.26161797968397293 0.075988171875 0.11049260722347631
1 0.277307484375 0.33718066591422124 0.07730398437500004 0.11762116252821672
1 0.13421287499999998 0.3257749774266365 0.10197546874999999 0.11476974040632051
1 0.3697433125 0.2366680361173815 0.02894787500000001 0.04776132054176072
1 0.575996921875 0.16110534988713318 0.034211124999999974 0.04633560948081265
1 0.46645553125 0.3036764559819413 0.08783048437500002 0.13259112866817152
1 0.22631975 0.3749620090293453 0.11414673437500002 0.1354425507900677
1 0.5355356874999999 0.158253927765237 0.033553218750000016 0.05560273137697519
1 0.260530875 0.2152823702031603 0.059211562499999995 0.08411695259593678
1 0.7819215781249998 0.16752104966139955 0.084540953125 0.10193834085778779
