2 0.6556035781249999 0.3464477878103837 0.02532939062500006 0.10122548532731374
1 0.5100745235989462 0.2135715283308087 0.012500218749999981 0.0192470993227991
1 0.11875207812499998 0.4754746388261851 0.23618834374999995 0.3079535891647856
1 0.38081813712807633 0.23120282621906935 0.022697765624999987 0.04490989841986455
2 0.6802750625 0.39420910835214446 0.045395531249999975 0.22597520316027092
1 0.171055625 0.4505246952595937 0.16480551562499995 0.1739367494356659
1 0.85725184375 0.2972607562076749 0.07138282812499999 0.056315586907449214
1 0.312176515625 0.3599920428893905 0.09210687499999999 0.1040769074492099
2 0.9875172812499999 0.29583504514672687 0.024013578125000025 0.0862555191873589
1 0.578628546875 0.29583504514672687 0.084540953125 0.06415699774266367
1 0.7213942031249999 0.27516223476297963 0.04046123437500005 0.017821388261851014
1 0.66645903125 0.34359636568848756 0.06809329687499996 0.1133440293453725
1 0.550170687447815 0.2396973721813711 0.0613498500858699 0.04633560948081263
1 0.7655487609740427 0.3381612692186429 0.18918853117454806 0.1382958704676076
1 0.7605396249999998 0.3571406207674943 0.171055625 0.15611536117381491
1 0.770079265625 0.27231081264108353 0.07204073437499996 0.03421706546275397
2 0.6664590312500001 0.27088510158013546 0.01644765625000003 0.03564277652370203
1 0.863501953125 0.2972607562076749 0.06315900000000003 0.05774129796839727
1 0.31776871875 0.3300521106094808 0.07138282812499999 0.04490989841986455
1 0.99713041015625 0.33290353273137696 0.005739179687500122 0.0627312866817156
1 0.8276460624999998 0.23809374717832954 0.04407971874999994 0.03421706546275394
1 0.118752078125 0.334329243792325 0.07565921875000002 0.056315586907449186
1 0.79409284375 0.23809374717832954 0.06315900000000003 0.04918703160270881
1 0.974276955995114 0.25751909379108295 0.040872490528842675 0.039028797977495075
1 0.813172125 0.29298362302483066 0.03848751562500006 0.041345620767494345
1 0.6134975781249999 0.33290353273137696 0.07894874999999998 0.09195836343115121
1 0.8730415937500001 0.263043690744921 0.05822470312499999 0.04918703160270881
1 0.324018828125 0.33290353273137685 0.10296232812500002 0.06843413092550787
1 0.34375601562499997 0.2331037584650113 0.021381953125000012 0.03564277652370203
1 0.464261897050176 0.22015373748193645 0.02077894573313112 0.03683089796995931
1 0.052303546875 0.26732082392776524 0.027303109375000002 0.03421706546275394
1 0.292439328125 0.38494198645598193 0.08914629687500003 0.12617542889390518
1 0.8875155312499998 0.41488191873589164 0.21974068749999998 0.2067281038374718
1 0.5539570625 0.22312378103837474 0.04243495312499999 0.03279135440180588
1 0.2481008391862943 0.24150498006137203 0.016447656249999998 0.02449200342895123
1 0.29178142187500006 0.2259752031602709 0.010197546875000008 0.012118544018058695
1 0.12697590625 0.26589511286681716 0.060527375 0.05203845372460495
1 0.356914140625 0.2780136568848759 0.07138282812499999 0.04918703160270881
1 0.360203671875 0.31080501128668175 0.084540953125 0.0627312866817156
1 0.492113875 0.22169806997742664 0.013816031250000017 0.0192470993227991
1 0.9519903437499999 0.3093793002257336 0.06052737499999997 0.04918703160270878
1 0.8243565312499999 0.2152823702031603 0.024671484374999983 0.023524232505643332
1 0.544417421875 0.28371650112866814 0.046053437499999995 0.04918703160270878
1 0.260201921875 0.29298362302483066 0.07894875000000003 0.05346416478555304
1 0.22928032812500004 0.23310375846501133 0.01907928125000001 0.03279135440180588
1 0.31776871875 0.24664801354401805 0.017105562499999987 0.023524232505643332
1 0.18816118749999997 0.4134562076749436 0.20789837499999997 0.1995995485327314
1 0.79409284375 0.2423708803611738 0.06809329687499996 0.04633560948081263
1 0.6355374375 0.34359636568848756 0.06052737499999997 0.10550261851015802
1 0.247701703125 0.2616179796839729 0.05361935937500002 0.03706848758465012
1 0.11570926171875 0.5873929571106095 0.2314185234375 0.3763877200902935
1 0.09539640625000002 0.24949943566591426 0.02730310937500001 0.02993993227990971
2 0.6519850937499999 0.39563481941309253 0.02532939062500006 0.10835404063205413
1 0.675998671875 0.27516223476297963 0.06875120312500003 0.04633560948081263
