1 0.36722132465258106 0.29155791196388264 0.008114166849270237 0.013306633400612517
1 0.1474057134845425 0.29155791196388264 0.036513796875000004 0.031365643340857764
1 0.34715519814159185 0.30438931151241533 0.046053437499999995 0.19746098194130923
1 0.19876244437449883 0.3305057464772785 0.028917970904482507 0.029939932279909678
1 0.3486903125 0.2901322009029345 0.009868593750000028 0.00855426636568846
1 0.16381865624999997 0.3421706546275395 0.032566359374999986 0.04205847629796837
1 0.12566009375 0.3464477878103838 0.03519798437500001 0.043484187358916494
1 0.3148081252739565 0.3062902706824693 0.019188927174652193 0.021860914023327113
1 0.26288839103653705 0.3210226024710992 0.02269776374526516 0.03005873712206724
1 0.048027156249999994 0.6677872174610948 0.09506745312499999 0.4941672921423956
1 0.17171353125 0.315082144469526 0.035855890624999984 0.025662799097065446
1 0.3441421768698188 0.2963929323261792 0.011985335373963757 0.019650018151229822
1 0.35855890625 0.29155791196388264 0.011842312500000023 0.01853424379232504
1 0.21053000082238896 0.3664077355350481 0.079277703125 0.09195836343115121
1 0.5585971197345425 0.7584782844243793 0.88225228125 0.4769003498871331
1 0.05263249999999999 0.36925916478555304 0.05526412499999999 0.06486985327313771
1 0.2866591643172202 0.3146747923419424 0.01903228669327799 0.027699526468503113
1 0.9307367052068243 0.5295460527929552 0.13852658958635142 0.1004334275694951
1 0.32665045312499996 0.30153788939051923 0.01546079687499997 0.019959954853273162
1 0.06908015625 0.3564277652370204 0.038487515624999996 0.053464164785553075
1 0.24051733818495535 0.3261456717464158 0.024566222280320963 0.0404046577632238
1 0.12631799999999999 0.32933925507900674 0.03980332812499999 0.034217063680601734
1 0.2986894375 0.30153788939051923 0.04526150933928476 0.19730256490750664
1 0.1160857396404575 0.2972607562076749 0.017434515624999994 0.02138566591422125
1 0.20749999490591498 0.28870648984198644 0.016118703124999988 0.01853424379232504
1 0.09309373437500001 0.3450220767494357 0.032566359375 0.04776132054176072
1 0.043092859375 0.3350420993227991 0.020724046875000002 0.02423708803611739
1 0.14580734666741949 0.4045015700898856 0.06266331833483893 0.09734872336383897
1 0.32665045312499996 0.28870648984198644 0.012500218749999981 0.012831399548532723
1 0.201648265625 0.3207849887133183 0.023355671875000004 0.028514221218961622
1 0.38520410937499994 0.29155791196388264 0.012500218749999981 0.01853424379232504
1 0.018750328124999997 0.3592791873589165 0.03717170312499999 0.06772127539503388
1 0.24342531250000002 0.2901322009029345 0.022039859375 0.01853424379232504
