1 0.9237003749999999 0.23452946952595938 0.06513271875000003 0.04918703160270881
1 0.862844046875 0.2053023927765237 0.04177704687499997 0.027088510158013532
1 0.492113875 0.298686467268623 0.012500218749999981 0.05346416478555304
1 0.720078390625 0.41203049661399543 0.31020279687499996 0.2858550677200903
1 0.929950484375 0.2053023927765237 0.021381953124999954 0.017821388261851014
1 0.608892234375 0.20672810383747178 0.01578974999999995 0.016395677200902927
1 0.233227765625 0.4505246952595937 0.460534375 0.40632765237020324
1 0.039721089843749995 0.2601922686230248 0.07944217968749999 0.09552264108352145
1 0.530601390625 0.298686467268623 0.07697503124999999 0.13401683972911965
1 0.0053454882812500005 0.21670808126410834 0.010690976562500001 0.017821388261851014
1 0.57435215625 0.21385665914221216 0.06644853124999996 0.04633560948081263
1 0.7960665625 0.2316780474040632 0.106909765625 0.08768123024830698
1 0.4092176875 0.40418908577878104 0.19408234375 0.21599522573363428
1 0.94301762109375 0.29298362302483066 0.11396475781250004 0.08768123024830698
1 0.7118545625 0.22169806997742664 0.05822470312499999 0.04633560948081263
1 0.11809417187499997 0.19888669300225728 0.03848751562499998 0.017821388261851014
1 0.3460586875 0.3122307223476298 0.261517734375 0.13259112866817152
1 0.49770607812499995 0.2053023927765237 0.032895312499999996 0.03421706546275394
1 0.505160085399541 0.20173766372271307 0.015680501677382292 0.02471265608415637
1 0.197042921875 0.19460955981941308 0.011513359375000013 0.012118544018058695
1 0.054935171874999994 0.2053023927765237 0.03355321875000001 0.027088510158013532
1 0.243096359375 0.2138566591422122 0.08158037499999997 0.057741297968397304
1 0.6171160624999998 0.31223072234762983 0.15230529687499997 0.1710853273137698
