1 0.833896171875 0.19532241534988712 0.038816468750000034 0.04918703160270881
1 0.270728421875 0.19532241534988712 0.02532939062499997 0.02922707674943565
1 0.262833546875 0.19532241534988712 0.02828996874999999 0.04419704288939052
1 0.7176149932996206 0.18463005287115358 0.027632062500000033 0.03706848758465012
1 0.7342233749999998 0.210292381489842 0.09967279687499998 0.07983981941309255
1 0.12434428125 0.1860552934537246 0.045066578125 0.05346416478555304
1 0.491784921875 0.1782138826185102 0.013487078124999977 0.022811376975169304
1 0.6467218437499999 0.17821388261851012 0.021052999999999975 0.03706848758465012
1 0.78882959375 0.18748100451467264 0.020395093750000017 0.019959954853273128
1 0.6756697187499999 0.18748100451467264 0.021052999999999975 0.03207849887133182
1 0.262833546875 0.1910452821670429 0.033224265625000006 0.02922707674943565
2 0.21842487500000002 0.1782138826185102 0.008881734375000002 0.04918703160270881
1 0.19638501562500002 0.175362460496614 0.046053437499999995 0.07199840857787812
1 0.6289583750000001 0.18035244920993224 0.020395093750000017 0.03207849887133182
1 0.937845359375 0.19247099322799094 0.03947437499999999 0.05346416478555304
1 0.090462109375 0.19532241534988712 0.012829171875000005 0.03706848758465012
