1 0.9097747840578623 0.2704098613924859 0.06250106086416961 0.04586034078716108
1 0.4944165468749999 0.2951221896162528 0.08618571874999995 0.07057269751693003
1 0.7566438647534924 0.35960824280849424 0.08616052417901633 0.1744849303259341
1 0.18207564244976865 0.4195154703306318 0.30707776376838575 0.27480580387996234
2 0.9184371249999999 0.4576532505643341 0.069409109375 0.2680336794582393
1 0.5664571414732266 0.3190027741615675 0.018750328125 0.07627554176072238
1 0.8474509367619549 0.3721105869074492 0.17033288638776214 0.2507835476446634
1 0.019408234375 0.34858635440180585 0.03881646875 0.08696837471783299
1 0.795079703125 0.2516380022573363 0.04079018750000003 0.03635563205417605
1 0.6743545883064411 0.3457350292009301 0.11875207812499997 0.13615540632054177
1 0.9630017877106648 0.43477708691606115 0.07399642457867053 0.2688761083349204
1 0.6216224363979618 0.3243492663656885 0.10394918749999996 0.1304525620767494
