1 0.94146384375 0.3578534762979684 0.04407971875000006 0.05203845372460495
1 0.6204055937499999 0.36783345372460496 0.04407971874999994 0.05203845372460495
1 0.394414796875 0.4113176410835215 0.11283092187499998 0.1283139954853273
1 0.6144844374999998 0.3414577990970655 0.03256635937499996 0.026375654627539505
1 0.66382740625 0.37353629796839727 0.05921156250000005 0.04918703160270878
1 0.5197459375000001 0.38066485327313765 0.13618659375000006 0.15326393905191874
1 0.681261921875 0.3578534762979684 0.018092421875000042 0.026375654627539505
1 0.29671571874999997 0.4155947742663657 0.09671221875000002 0.1283139954853273
1 0.607905375 0.38351627539503386 0.04868506250000001 0.0634441422121896
1 0.777316234375 0.36355632054176074 0.033224265625000034 0.04205847629796837
1 0.8611992812500001 0.38066485327313765 0.027303109375000054 0.04918703160270878
1 0.8651467187499999 0.3721105869074492 0.06085632812499995 0.056315586907449186
1 0.98940001171875 0.3578534762979684 0.021199976562499976 0.05203845372460495
1 0.840475234375 0.36355632054176074 0.036184843749999966 0.03920705417607226
1 0.90330528125 0.38066485327313765 0.07533026562499998 0.05916700902934536
