1 0.041777046874999994 0.33290353273137696 0.081580375 0.2024509706546275
1 0.22434603125 0.30581502257336335 0.10329128124999999 0.18249101580135438
2 0.16908190625 0.2601922686230248 0.011842312499999992 0.042771331828442435
1 0.558891359375 0.2651822573363431 0.12927857812499996 0.10478976297968394
1 0.273360046875 0.44054471783295707 0.055593078125000014 0.2666079683972912
1 0.6098790937499998 0.4077533634311512 0.22434603124999994 0.23809374717832954
2 0.17960840625000002 0.24522230248306995 0.0059211562500000115 0.021385665914221218
1 0.60724746875 0.29583504514672687 0.274017953125 0.1432839616252822
2 0.02434253125 0.22740091422121897 0.01578975 0.027801365688487595
1 0.5 0.7594794130925508 1.0 0.4810411738148984
1 0.125331140625 0.38137770880361177 0.17566096874999998 0.23239090293453726
1 0.27829434375 0.3257749774266365 0.01644765625000003 0.07627554176072238
