1 0.073356546875 0.38351627539503386 0.021381953125000006 0.017821388261851045
1 0.2828996875 0.38636769751693 0.03782960937499998 0.01354425507900675
1 0.199016640625 0.38066485327313765 0.055593078125000014 0.0313656433408578
1 0.674682859375 0.3628434650112867 0.00953964062499999 0.0192470993227991
1 0.879949609375 0.3478734988713318 0.05690889062499996 0.03564277652370203
1 0.21085895312499997 0.3671205981941309 0.027303109374999992 0.022098521444695277
1 0.418757328125 0.36141775395033865 0.02894787500000001 0.02494994356659145
1 0.16546342187500002 0.35357634311512415 0.07138282812499999 0.03706848758465008
1 0.131252296875 0.3685463092550791 0.032237406249999996 0.01496996613995487
1 0.92172665625 0.3407449435665914 0.04243495312500004 0.04633560948081267
1 0.084540953125 0.36854630925507903 0.04671134375 0.017821388261851045
1 0.577970640625 0.36141775395033865 0.04605343750000005 0.02494994356659145
1 0.4315865 0.3671205981941309 0.04934296875000002 0.032791354401805854
1 0.52566709375 0.36426917607223475 0.04736925000000003 0.02494994356659145
1 0.09539640625 0.38066485327313765 0.05690889062499999 0.02494994356659145
1 0.14210775 0.38351627539503386 0.060527375000000015 0.032791354401805854
