1 0.141120890625 0.6995995485327313 0.28224178125 0.6008009029345373
1 0.17640093813823096 0.2145694719073416 0.04556009168380489 0.04669196240669646
1 0.407572921875 0.3300521106094808 0.111515109375 0.19817383747178327
1 0.17078164514100852 0.1900947558537363 0.06299446011813921 0.04419700368488462
1 0.17385248718673602 0.33718066591422124 0.138160197378494 0.14399676369720452
1 0.23026718749999997 0.2316780474040632 0.06743539062499998 0.08696837471783295
1 0.08947524999999999 0.4113176410835215 0.17598992187499998 0.13615540632054177
1 0.9865304218750001 0.18534243792325059 0.026645203124999975 0.02423708803611739
1 0.015460796875 0.3143692889390519 0.03092159375 0.08411695259593678
1 0.3330100618809803 0.2951221896162528 0.08859804897561538 0.1646697463305438
1 0.13381810243750947 0.21086265907171134 0.03881646874999999 0.034929920993227996
1 0.7697503124999999 0.48331604966139946 0.23289881249999997 0.3542891986455981
1 0.7740266656292931 0.2231237810383747 0.09815960697431692 0.17179818284424378
1 0.07311006145540651 0.28193439437809514 0.12237053289688302 0.12706654642041582
1 0.6295504618125094 0.22141292263335466 0.08486990624999997 0.08696837471783295
1 0.9547776953124999 0.35286348758465 0.09044460937499998 0.14613538374717827
1 0.38619096875000003 0.22740091422121894 0.04144809374999999 0.040632765237020314
1 0.4642186156618264 0.23994717497881698 0.053948312500000026 0.09552264963665878
1 0.2475705702061638 0.3113754393914136 0.07973818382655082 0.1305952631793538
1 0.042763906250000004 0.19532241534988712 0.030592640625000004 0.036355632054176086
1 0.09585711311525445 0.19161552724470848 0.04750083730228963 0.03350414435442388
1 0.6934331559246679 0.2108626590717113 0.06796170536301709 0.05289387865054635
1 0.528956625 0.3186464221218961 0.07533026562499998 0.1254625733634311
1 0.20066140625 0.19532241534988712 0.02467148437500001 0.03920705417607223
1 0.062830046875 0.23738089164785553 0.09276478125000001 0.07627554176072235
1 0.17944398642397094 0.24308372876409043 0.046053437499999995 0.06130555780187388
1 0.05789575 0.2131438036117381 0.070724921875 0.05346416478555304
1 0.24600221751143464 0.1739367494356659 0.024123235197081972 0.018890769568826796
1 0.0144739375 0.1981738374717833 0.028947875 0.0662955643340858
1 0.4130335117799763 0.2248346308902575 0.02085563444006642 0.02053024098827985
2 0.2828996875 0.7285383521444695 0.13783135937500005 0.4355547291196388
1 0.13914886335362642 0.26151645736591056 0.06912700456968919 0.0961339742959332
