2 0.9496876718749999 0.47690034988713315 0.03651379687499994 0.2580537020316027
2 0.9177792187499999 0.403476230248307 0.02894787499999995 0.16823390519187362
2 0.480600515625 0.3749620090293454 0.0036184843750000084 0.022811376975169273
2 0.747710453125 0.3984862415349887 0.02828996874999999 0.1090668961625282
2 0.55724659375 0.4091790744920993 0.030592640624999962 0.21171809255079005
2 0.49244282812499995 0.46478180586907447 0.04440867187499998 0.22668805869074485
1 0.9478696796874999 0.4013376636568849 0.10426064062500005 0.10193834085778779
2 0.710209796875 0.4483861286681716 0.03454007812499995 0.16324391647855532
2 0.6099887637975304 0.41702050433647775 0.02456185818715516 0.1660953386004515
2 0.992451578125 0.46478180586907447 0.014473937500000034 0.09908691873589168
2 0.531259296875 0.38066485327313765 0.01578974999999995 0.10193834085778779
2 0.7871848281249999 0.3721105869074492 0.008223828124999954 0.07199840857787812
2 0.5360839149302545 0.4578908603618715 0.030811948921850945 0.17393674468332737
2 0.724025828125 0.41702048532731373 0.008223828124999954 0.03920705417607226
2 0.3944764738319552 0.3599920428893905 0.013816031250000017 0.06772127539503388
2 0.724025828125 0.41702048532731373 0.007565921874999996 0.04205847629796837
2 0.8776469375 0.4726232167042889 0.05723784375000006 0.24165802483069979
2 0.589155046875 0.41416906320541763 0.033224265625000034 0.2081538148984199
2 0.8215604296875 0.403476230248307 0.02845444531249998 0.1543332223476298
2 0.6342215879928659 0.41951543423954646 0.03585588075643097 0.22561879410744473
2 0.292439328125 0.36284346501128667 0.020724046874999996 0.06914698645598194
