1 0.922046859375 0.4384061512415349 0.15590628125 0.20672810383747175
1 0.453626359375 0.298686467268623 0.010197546875000008 0.020672810383747155
1 0.40987559375 0.3051021670428894 0.011513359374999983 0.022098521444695277
1 0.93751640625 0.33718066591422124 0.02894787499999995 0.01354425507900675
1 0.8681072968750001 0.3407449435665914 0.04605343750000005 0.032791354401805854
1 0.38026981249999997 0.28870648984198644 0.01907928124999998 0.017821388261851045
1 0.6588931093749999 0.38066485327313765 0.06579062499999999 0.08625551918735892
1 0.60593165625 0.35714062076749425 0.06052737499999997 0.0848298081264108
1 0.90462109375 0.33718066591422124 0.08651467187499999 0.039919909706546255
1 0.97344578515625 0.3300521106094808 0.05310842968749997 0.04918703160270878
1 0.36250634374999996 0.29583504514672687 0.03782960937499998 0.02993993227990971
1 0.9866039101562499 0.36284346501128667 0.026792179687499976 0.07128555304740405
1 0.339808578125 0.31080501128668175 0.033553218750000016 0.03421706546275397
1 0.46382390625 0.30795358916478555 0.01842137500000002 0.032791354401805854
