1 0.043092859374999994 0.22312378103837474 0.022039859375 0.013544255079006784
1 0.807908875 0.23452946952595935 0.010197546874999948 0.016395677200902927
1 0.10901731483479003 0.2361666001790085 0.027956423281905084 0.04490989841986455
1 0.025987296875 0.23143446654771452 0.023355671874999998 0.0192470993227991
1 0.852975453125 0.23809374717832954 0.008223828124999954 0.022098521444695277
1 0.13054644354000638 0.23428588866961067 0.029605781249999998 0.027088510158013532
1 0.99696593359375 0.24664801354401805 0.006068132812499983 0.0192470993227991
1 0.24550317954299491 0.23630266483285853 0.02894787500000001 0.0192470993227991
1 0.911529109375 0.24094516930022572 0.032237406249999975 0.03421706546275394
1 0.2665644336660026 0.2316780474040632 0.007678324291002555 0.00926712189616252
1 0.09771950886013997 0.23503090546433233 0.04116000209527996 0.04490989841986455
1 0.21743801562499998 0.23049591719946377 0.043092859375 0.03564277652370203
1 0.2918938242910026 0.2544894243792325 0.05895531882901655 0.10550261851015799
1 0.8230407187500001 0.28086507900677204 0.13802965172804893 0.08055267494356658
1 0.9829119375 0.24949943566591418 0.03092159374999994 0.027088510158013532
1 0.015789749999999998 0.24094516930022572 0.031579499999999996 0.0375556492973474
1 0.4524229492910026 0.28086507900677204 0.07883634758399746 0.13992749075211683
1 0.7871848281249999 0.24807372460496613 0.034211124999999974 0.04490989841986455
2 0.0032895312500000004 0.21670808126410834 0.0032895312500000004 0.00926712189616252
1 0.9421524575186301 0.24949943566591418 0.03092159374999994 0.02494994356659142
1 0.18508820695899744 0.23049591719946377 0.07894874999999998 0.04490989841986455
1 0.06820569929100255 0.2366680361173815 0.06875120312499998 0.04918703160270881
1 0.23618834374999997 0.23310375846501127 0.029212372793991057 0.022098521444695245
2 0.155265875 0.22169806997742664 0.0026316250000000116 0.005702844243792318
1 0.25712894133399744 0.2316780474040632 0.023355671875000004 0.0192470993227991
1 0.018094485405751915 0.27801365688487584 0.03618897081150383 0.066069870516309
