1 0.3293643256580798 0.2892411274800197 0.009539633223536192 0.00855426636568846
1 0.1475214255515126 0.29155791196388264 0.036513796875000004 0.031365643340857764
1 0.34671659375 0.30520399876254517 0.046053437499999995 0.19746098194130923
1 0.24258794986895418 0.3270062799412601 0.02467148437500001 0.03544836797737744
1 0.0144739375 0.35642776523702036 0.028618921874999998 0.06486985327313771
1 0.216780109375 0.32933925507900674 0.023355671875000004 0.028514221218961622
1 0.18552956250000002 0.3307649661399548 0.026645203125000006 0.02423708803611739
1 0.33020313069048995 0.30153788939051923 0.014473937499999975 0.01981737790175714
1 0.2918179498452253 0.3121515302147096 0.018019323536028923 0.02629645100969276
1 0.04776915519526898 0.6693713431151241 0.09468045154290347 0.49614744920993226
1 0.35417286312132923 0.29155791196388264 0.011842312500000023 0.01853424379232504
1 0.3779671406249999 0.2901322009029345 0.008552781249999994 0.014257110609480811
1 0.20634251545679927 0.36914356681012095 0.08183820325956057 0.10390351048606186
1 0.5587128318015127 0.7584782844243793 0.88225228125 0.4769003498871331
1 0.30991495271361225 0.3075971694191933 0.014844006990076094 0.025662799097065446
1 0.9298457914839505 0.5282259480812641 0.14030841703209884 0.09914631569032703
1 0.12105475 0.3478734988713318 0.04177704687499998 0.04776132054176072
1 0.27654677334743655 0.3169533908496302 0.021135238846637823 0.03149930589695613
1 0.1302654375 0.33646781038374723 0.03677389533230418 0.053464164785553075
1 0.29803153125000004 0.30153788939051923 0.04388061638792825 0.192733625259479
1 0.11597002757348737 0.2972607562076749 0.017434515624999994 0.02138566591422125
1 0.20726857077197475 0.28870648984198644 0.016118703124999988 0.01853424379232504
1 0.095725359375 0.3450220767494357 0.028618921874999998 0.04776132054176072
1 0.055264125000000004 0.3467329319235215 0.04605343750000001 0.05916700902934536
1 0.14689252242822443 0.4045131116679561 0.06381690625 0.09766120767494356
1 0.205595703125 0.316507855530474 0.02467148437500001 0.02423708803611739
1 0.38621626139133186 0.2889258382726271 0.008552781249999994 0.017108532731376986
1 0.06233659159081896 0.35357634846154384 0.050329831208937456 0.05987986856963425
1 0.24342531250000002 0.2901322009029345 0.022039859375 0.01853424379232504
