1 0.3706105432591094 0.29155791196388264 0.011184406250000004 0.014257110609480811
1 0.14734620417215774 0.29155791196388264 0.036513796875000004 0.031365643340857764
1 0.3471395302765294 0.30464390624664983 0.046053437499999995 0.19771557667554376
1 0.176318875 0.33789352144469526 0.032566359374999986 0.04205847629796837
1 0.35987471875000004 0.29155791196388264 0.008552781249999994 0.007128555304740438
1 0.141120890625 0.34502207674943564 0.038487515624999996 0.04490989841986455
1 0.09901489062499999 0.3492992099322799 0.036513796875000004 0.04776132054176072
1 0.3028561267657446 0.3108842304377311 0.019042735694929112 0.02597962896967487
1 0.24611170177280683 0.3252997560212735 0.024389530729843015 0.03403037970437184
1 0.048027156249999994 0.6666466445569793 0.09506745312499999 0.4927415760122513
1 0.17039771874999998 0.315082144469526 0.025329390625 0.021385665914221218
1 0.33871642831270254 0.2979451097666443 0.011868640997587636 0.021841901620200818
1 0.3519798437499999 0.29583504514672687 0.012500218749999981 0.01853424379232504
1 0.21024642377208924 0.3693083316266429 0.07998098627208922 0.09613716293181569
1 0.5585376104221578 0.7584782844243793 0.88225228125 0.4769003498871331
1 0.134541828125 0.30438931151241533 0.046053437499999995 0.031365643340857764
1 0.17697678125000002 0.34359636568848756 0.026645203125000006 0.03920705417607226
1 0.27263630552541884 0.3187890031129473 0.021513543497990995 0.0296547950101983
1 0.9311314503603578 0.5304965302130514 0.1377370992792842 0.10242943015169678
1 0.320729296875 0.30581502257336335 0.018092421874999983 0.021385665914221218
1 0.0513166875 0.36070489841986464 0.05329040624999999 0.057741297968397304
1 0.22437886927539924 0.3264878329571106 0.026908374111977905 0.040632765237020314
1 0.11973893749999999 0.32933925507900674 0.038487515624999996 0.03350420993227991
1 0.2986894375 0.3015378893905193 0.04284917927499728 0.19445113433695554
1 0.11614524895284223 0.2972607562076749 0.017434515624999994 0.02138566591422125
1 0.20761901353068446 0.28870648984198644 0.016118703124999988 0.01853424379232504
1 0.07121825082110916 0.34716065225150744 0.03388218832257401 0.04490989841986455
1 0.1451584504910438 0.4048531165511275 0.06136552598208762 0.09699717690259708
1 0.329939984375 0.2901322009029345 0.013158124999999998 0.012831399548532723
1 0.189477 0.32363641083521444 0.023355671875000004 0.029939932279909678
1 0.010224898232061401 0.36118016870610653 0.020449796464122802 0.06724600510879172
1 0.24342531250000002 0.2901322009029345 0.022039859375 0.01853424379232504
