1 0.09956311067191102 0.4127433521444695 0.10017726902179573 0.05954713768855002
1 0.5789575 0.34858635440180585 0.025987296875000017 0.04490989841986455
1 0.19210862499999998 0.3686012485669843 0.020724046874999996 0.03898774876988266
1 0.46645553125 0.3763877200902934 0.011184406250000004 0.022811376975169273
1 0.8904447855185714 0.3977733860045147 0.03388217187499999 0.06486985327313771
1 0.116778359375 0.36498203160270876 0.09671221875 0.03778134311512414
1 0.452310546875 0.6914698645598194 0.5697468125 0.37567486455981935
1 0.5197459375 0.35001206546275393 0.025987296875000017 0.03350420993227991
1 0.5736942500000001 0.37781343115124155 0.011184406250000004 0.045059950125130054
1 0.4862453435234471 0.3414577990970655 0.021381953125000012 0.013059479830741004
1 0.15263425 0.4034762302483069 0.07006662744672626 0.06700820956481783
1 0.7920095353641448 0.37163561602518735 0.04013228124999995 0.05298919390329114
1 0.506916765625 0.3763877200902934 0.07401445312500006 0.0634441422121896
1 0.8753442656249999 0.38494198645598193 0.0629122718182579 0.07983981941309251
1 0.2984279511599915 0.38494198645598193 0.0331230654475128 0.036355632054176086
1 0.8240275781249999 0.369259164785553 0.07138282812499999 0.06629556433408576
