2 0.47895574999999996 0.3337589431369859 0.007565921874999996 0.03393191513508443
1 0.31645290186407526 0.3416954207753857 0.03706206597209493 0.023999490119014415
1 0.9584360520530993 0.3091095262214401 0.008223828124999954 0.01354425507900675
1 0.44342881249999994 0.3421706546275396 0.012500218749999981 0.027088510158013567
2 0.7702438655461553 0.4077533634311512 0.018256972452693296 0.0937404487926369
1 0.4189217974231488 0.352150632054176 0.08056608954660606 0.03564277652370203
1 0.9953268371571635 0.2994238935479774 0.009346325685672952 0.012118544018058695
1 0.083883046875 0.34359636568848756 0.07204073437500001 0.053464164785553075
1 0.29046560937500004 0.34359636568848756 0.05427726562500001 0.04490989841986455
1 0.3934280585828527 0.7941210609480814 0.7868561171657054 0.4077533634311513
1 0.531259296875 0.34359636568848756 0.037171703125000025 0.0384941986455982
1 0.595734109375 0.35072492099322805 0.04243495312500004 0.027088510158013567
1 0.9940875937500001 0.30652787810383747 0.011824812499999974 0.023524232505643332
2 0.8335674161238489 0.4027633747178329 0.023355592925460536 0.09766114351730422
2 0.9013315624999999 0.38921911963882616 0.03651379687499994 0.13401683972911965
2 0.3052685 0.3243492663656885 0.007565921874999996 0.016395677200902927
