1 0.739157671875 0.2601922686230248 0.04802715625000005 0.05488987584650113
1 0.9533061562499999 0.2644694018058691 0.07763293749999996 0.05774129796839727
1 0.814158984375 0.27658794582392776 0.10362023437499997 0.10692832957110611
2 0.08208908708166938 0.33682626141094146 0.020724046874999996 0.10122591127719956
1 0.555272875 0.23310375846501133 0.03092159374999994 0.02993993227990971
1 0.97426816796875 0.6544013769751693 0.051463664062499956 0.3885062641083522
1 0.6273136093749999 0.22169806997742664 0.01644765625000003 0.013544255079006784
1 0.01644765625 0.2544894243792325 0.03223740625 0.05346416478555304
1 0.6424454531249999 0.2245494920993228 0.029605781250000025 0.028514221218961622
1 0.8845549531250001 0.2587665575620767 0.05822470312499999 0.05346416478555304
2 0.35000612500000006 0.3214978442437923 0.03092159375 0.13686826185101583
1 0.9903868710937499 0.2601922686230248 0.0192262578125001 0.06130557562076747
1 0.6506692812499999 0.22740091422121894 0.020724046874999996 0.028514221218961622
1 0.628629421875 0.2259752031602709 0.01907928124999998 0.023524232505643332
1 0.5539570625 0.22027235891647856 0.02203985937500003 0.02067281038374719
2 0.312176515625 0.32720068848758466 0.020724046874999996 0.13401683972911965
2 0.3052685 0.32292355530474043 0.022697765624999987 0.13401683972911965
2 0.135199734375 0.33432924379232504 0.03092159375 0.1040769074492099
2 0.244412171875 0.3122307223476298 0.03092159375 0.13686826185101575
