1 0.24603257206386572 0.3665133445539002 0.048733793372268505 0.05488987584650113
1 0.21340834529200206 0.36498203160270887 0.04111914062500001 0.04615740740479008
1 0.6648142656249999 0.36355632054176074 0.007894874999999975 0.021385665914221218
1 0.786526921875 0.36925916478555304 0.018750328125 0.03492992099322797
1 0.27138632812499996 0.36355632054176074 0.029934734375000004 0.03492992099322797
1 0.6245880010574706 0.35357634311512415 0.0029135749525881494 0.017108532731376986
1 0.7197494375000001 0.36355632054176074 0.017434515624999966 0.03350420993227991
1 0.75198684375 0.369259164785553 0.026645203124999975 0.03778134311512414
1 0.6565904375 0.3578534762979684 0.020724046874999996 0.029939932279909678
2 0.79146121875 0.4027633747178329 0.01578974999999995 0.1040769074492099
1 0.8125142187500001 0.37496200902934546 0.043092859375 0.057741297968397304
1 0.502311421875 0.37852628668171556 0.04111914062500001 0.034098307493584584
1 0.832768337523706 0.34084677650657813 0.023496646851294045 0.046233776540826
1 0.6286808181585326 0.3536431698855863 0.008573339763413065 0.028402843268191418
1 0.64540603125 0.352150632054176 0.007236968750000017 0.021385665914221218
2 0.944424421875 0.3699720203160271 0.006908015625000038 0.03421706546275397
1 0.368098546875 0.3136564334085779 0.13454182812500004 0.16110534988713315
1 0.7483683593750001 0.3621306094808126 0.024013578125000025 0.028514221218961622
2 0.93620059375 0.37353629796839727 0.008223828124999954 0.03421706546275397
1 0.20214166077276724 0.3685462593556909 0.05657989144702302 0.05453347303095816
1 0.38728062967728516 0.8807651139530579 0.7745612593545703 0.238469772093884
1 0.7851125374203275 0.34644778781038377 0.022434617599009835 0.015825384935073645
1 0.8510017343749999 0.3842291309255079 0.04473762500000002 0.04918703160270878
2 0.11927840917782223 0.352150632054176 0.0171055625 0.06985984198645599
1 0.865475671875 0.34502207674943564 0.023355671874999945 0.028514221218961622
1 0.765802875 0.3478734988713318 0.020724046874999996 0.015682821670428865
1 0.71382828125 0.34502207674943564 0.002631624999999952 0.00570284424379235
