1 0.043092859374999994 0.22312378103837474 0.022039859375 0.013544255079006784
1 0.10656862327278778 0.23650962666684683 0.02705943283749172 0.04490989841986455
1 0.914818640625 0.24522230248306995 0.02203985937500003 0.0192470993227991
1 0.941792796875 0.24094516930022572 0.022697765624999987 0.0192470993227991
1 0.8485345341271238 0.2316780474040632 0.012993700247876206 0.015682746820223956
1 0.025987296875 0.2302809926152383 0.023355671874999998 0.0192470993227991
1 0.1318771439360662 0.23313241473713445 0.029605781249999998 0.027088510158013532
1 0.244438619226147 0.2345724539341442 0.02894787500000001 0.0192470993227991
1 0.2670967138244265 0.2316780474040632 0.008210604449426503 0.00926712189616252
1 0.09945349879191615 0.2366680361173815 0.04158211524559215 0.04490989841986455
1 0.21743801562499998 0.23164939113194 0.043092859375 0.03564277652370203
1 0.7908033124999999 0.2316780474040632 0.007565921874999996 0.016395677200902927
1 0.2924261044494265 0.2544894243792325 0.06241513985877208 0.10550261851015799
1 0.8529754531249999 0.27516223476297963 0.07697503124999999 0.06558270880361171
1 0.015789749999999998 0.24094516930022572 0.031579499999999996 0.039862597162299854
1 0.4529552294494265 0.280865079006772 0.07830406742557354 0.13416012108973566
1 0.81251421875 0.23452946952595932 0.014473937500000034 0.017821388261851014
1 0.7871848281249999 0.29298362302483066 0.24013578124999999 0.13401683972911965
1 0.9381743355268338 0.24949943566591423 0.02993472286158306 0.023524232505643332
1 0.18455592680057353 0.23164939113194 0.07894874999999998 0.04490989841986455
1 0.0687379794494265 0.2366680361173815 0.06875120312500001 0.04918703160270881
1 0.847712025484095 0.2395192657615477 0.016119013996583574 0.018534340031190026
1 0.23618834374999997 0.23310375846501127 0.027349392239507313 0.022098521444695245
2 0.2723731875 0.2259752031602709 0.0026316250000000116 0.016395677200902927
1 0.2565966611755735 0.2316780474040632 0.023355671875000004 0.0192470993227991
1 0.01849369552456986 0.27801365688487584 0.03698739104913972 0.06837681838126144
