1 0.21900016877708647 0.030296221035538074 0.017599141864165415 0.01853424379232506
1 0.3577367522669478 0.028157911521159745 0.008059362459140355 0.014613561988204864
1 0.09539640625 0.02209852144469526 0.015460796875 0.01853424379232506
1 0.15888435937500003 0.03920705417607224 0.033224265625000006 0.040632765237020314
1 0.09539640625 0.04348418735891647 0.014144984374999996 0.01995995485327313
1 0.00764816015625 0.019247099322799097 0.0152963203125 0.017108532731376976
1 0.41108178225622133 0.03492992099322799 0.04159436726659038 0.038573443891606524
1 0.04276390625 0.052751309255079 0.06283004687499999 0.08554266365688488
1 0.8379752245723855 0.35842378524416096 0.3200713623355122 0.43213315131288355
1 0.192108625 0.03920705417607224 0.022039859375 0.03635563205417607
1 0.22976102061033013 0.029994752557276197 0.01751043907692805 0.01864391176487371
1 0.123357421875 0.0192470993227991 0.014144984374999996 0.014257110609480815
1 0.3745679663749458 0.027801417968045153 0.009210711624837487 0.01853424379232506
1 0.2537639458225941 0.05560273137697518 0.10972937619138771 0.08238578221105623
1 0.069409109375 0.03065278781038375 0.03815856250000001 0.039207054176072245
