1 0.5368514999999999 0.3763877200902934 0.01282917187499996 0.030652787810383737
1 0.4549421718749999 0.3877934085778781 0.008881734374999973 0.04633560948081267
1 0.609550140625 0.40561479683972906 0.04111914062500001 0.07413697516930023
1 0.5276408125 0.3585663318284424 0.010855453125000025 0.023524232505643332
1 0.5592203125 0.3877934085778781 0.026974156249999954 0.04633560948081267
1 0.5194169843750001 0.33219067720090295 0.00953964062499999 0.020672810383747155
1 0.459547515625 0.3792391422121895 0.018092421874999983 0.03778134311512414
1 0.31645290625 0.5253745259593678 0.12993648437499997 0.21884664785553046
1 0.43553393749999997 0.4141690632054175 0.014144984374999996 0.06843413092550787
1 0.545733234375 0.3749620090293453 0.018092421875000042 0.02780136568848756
1 0.4473762499999999 0.3934962528216705 0.018092421874999983 0.06985984198645599
1 0.4608633281249999 0.37923914221218963 0.018092421874999983 0.04490989841986455
1 0.38355934375000006 0.474048927765237 0.07006701562500002 0.1546896501128668
1 0.43323126562500003 0.4013376636568849 0.027632062499999974 0.07128555304740405
1 0.41119140625 0.43199045146726855 0.05789575000000002 0.12973970654627534
1 0.6111949062500001 0.42129761851015796 0.02236881250000001 0.05987986455981942
1 0.5134958281249999 0.31793356659142213 0.012829171875000019 0.022098521444695277
1 0.522048609375 0.3386063769751694 0.007565921874999996 0.0192470993227991
1 0.5223775625000001 0.35001206546275393 0.008223828125000015 0.022098521444695277
1 0.6723801875 0.43769329571106097 0.06447481249999995 0.09195836343115121
1 0.6421165 0.4277133182844244 0.04375076562499996 0.07128555304740405
1 0.581589125 0.40133766365688484 0.02894787499999995 0.04989988713318284
