1 0.01176007421875 0.210292381489842 0.0235201484375 0.04918703160270881
1 0.210201046875 0.24736086907449212 0.07138282812499999 0.09267121896162527
1 0.25362285937499995 0.2188466478555305 0.05789574999999999 0.056315586907449214
1 0.16730556174341984 0.1964629807770006 0.023881999243419858 0.028371648402044345
1 0.3539535848689467 0.22098514316097181 0.028947857894334857 0.036711958593320396
1 0.91054225 0.3243492663656885 0.12467323437499994 0.1546896501128668
1 0.31405623434102636 0.2031638261851016 0.06649552186820529 0.05427885100107688
1 0.08947524999999998 0.2894193453724605 0.08421199999999998 0.09552264108352145
1 0.648366609375 0.3485863544018058 0.07006701562499996 0.14185825056433404
1 0.5796154062499999 0.263756546275395 0.04736924999999997 0.08269124153498869
1 0.05616874609375 0.3934962528216705 0.1123374921875 0.11690830699774266
1 0.47566621875 0.22740091422121897 0.053948312500000026 0.059167009029345394
1 0.27641453641560143 0.1959335158476554 0.025987296875000017 0.030041687312615507
1 0.96966282421875 0.3820905643340858 0.06067435156249997 0.04490989841986455
1 0.47435040625 0.32862639954853273 0.024671484374999983 0.0926712189616253
1 0.266780984375 0.3214978442437923 0.07927770312499997 0.13615540632054177
1 0.745736734375 0.25662799097065464 0.04802715625000005 0.06201843115124153
1 0.317439765625 0.34858635440180585 0.0855278125 0.1546896501128668
1 0.052468078947923505 0.19977770226861558 0.03355320641435032 0.03885063977677617
1 0.4481438087537147 0.19152050651407596 0.020066136238855965 0.011405688487584636
1 0.9781333671874999 0.22740091422121897 0.043733265625000094 0.15468965011286684
1 0.471060875 0.29939932279909703 0.06743539062500001 0.14613538374717835
1 0.3919805401973702 0.1730813125341622 0.015066056282893155 0.014257110609480811
1 0.8197511875 0.2259752031602709 0.08947525000000003 0.08269124153498869
1 0.653629859375 0.24878658013544017 0.038816468750000034 0.06201843115124153
1 0.08380080859374998 0.7029856123024831 0.16760161718749997 0.5940287753950338
1 0.027467585937499997 0.2851422121896163 0.054935171874999994 0.0997997742663657
1 0.698367484375 0.21456951467268623 0.017434515624999966 0.027801365688487595
1 0.633234765625 0.3214978442437923 0.05789575000000002 0.12403686230248306
1 0.3404665090467928 0.19389668290300585 0.01962752768614037 0.01330663894506355
1 0.14780961440100268 0.19152049700911383 0.023355667488855994 0.01425710110451862
1 0.208227328125 0.1967481264108352 0.032566359374999986 0.021385665914221218
1 0.11585715588553054 0.18591283184245833 0.032566359375 0.022811376975169304
1 0.22248185754212638 0.1810654425637363 0.016118703124999988 0.016633341652170945
1 0.1407919375 0.24878658013544017 0.062830046875 0.06201843115124153
1 0.86514671875 0.22312378103837469 0.053948312500000026 0.05346416478555304
1 0.9105422500000001 0.19674812641083525 0.00921068750000001 0.0156828216704289
1 0.96120103125 0.3243492663656885 0.038816468750000034 0.08696837471783299
1 0.46579762499999994 0.19247099322799097 0.03125054687499998 0.014257110609480811
1 0.833238265625 0.48046462753950336 0.21612220312499997 0.4148819187358916
1 0.39704642187500006 0.4540889729119638 0.205595703125 0.38137770880361166
1 0.07993561332236646 0.19161555632648727 0.022697765625 0.027801365688487595
1 0.3407954375 0.24165802483069973 0.062830046875 0.06772127539503385
1 0.192108625 0.3143692889390519 0.09144896875 0.13330398419864556
1 0.422441649310573 0.2427985731489726 0.037171720888681925 0.054889927172715236
1 0.300992109375 0.22740091422121897 0.053948312500000026 0.07057269751693003
1 0.9047764954452996 0.6921827557359216 0.19044700910940074 0.614481467268623
1 0.1352819150891653 0.201203534069321 0.0569088708877138 0.05239488861843294
1 0.002631625 0.20744095936794582 0.00526325 0.034929920993227996
1 0.639155921875 0.24165802483069979 0.014802890625000013 0.027801365688487595
1 0.41053335195925056 0.24736094036574846 0.055593094573972185 0.039920159225943504
1 0.079277703125 0.2388066027088036 0.07533026562499998 0.06486985327313771
1 0.09539640624999998 0.210292381489842 0.05526412499999999 0.03920705417607223
1 0.11940998437500001 0.34288351015801344 0.10394918750000001 0.14613538374717827
1 0.023684662006949013 0.20316377272133776 0.02894786266435033 0.0556027581088571
1 0.18013474348683597 0.2282563340144979 0.04092176638158014 0.04747618346203856
