4 0.14572623437499999 0.24949943566591426 0.013816031249999987 0.059167009029345394
1 0.751657890625 0.24237088036117382 0.06809329687499996 0.08055267494356658
1 0.6829066874999999 0.2316780474040632 0.023355671874999945 0.016395677200902927
1 0.593102484375 0.25448942437923255 0.0618431875 0.056315586907449214
1 0.734552328125 0.25734084650112865 0.03157950000000002 0.03991990970654629
1 0.629945234375 0.27231081264108353 0.11052825000000001 0.08482980812641087
1 0.735868140625 0.2587665575620767 0.022697765624999987 0.03421706546275394
1 0.688498890625 0.25734084650112865 0.011513359374999983 0.03421706546275394
1 0.7871848281249998 0.2616179796839729 0.032237406249999975 0.03421706546275394
1 0.40987559375000004 0.22882662528216705 0.008223828125000015 0.017821388261851014
1 0.6884988906249999 0.24522230248306995 0.013816031249999956 0.017821388261851014
1 0.770079265625 0.24949943566591418 0.052303546875000016 0.03706848758465012
1 0.7404734843749999 0.2616179796839729 0.013816031249999956 0.022098521444695245
1 0.7365260468749999 0.30795358916478555 0.13651554687500003 0.08197838600451467
4 0.12566009375 0.25092514672686234 0.025329390625 0.06772127539503385
