1 0.3338874244449278 0.2908450564334086 0.04802715624999999 0.08768125809402602
1 0.46521088313331066 0.26734013684544833 0.11800531574921364 0.06914698645598194
2 0.38849364062499997 0.32221069977426636 0.010526499999999987 0.019959954853273162
1 0.9102955456413949 0.3428835101580136 0.020148347450815153 0.0468702284069094
2 0.42582976851766224 0.32149739527725324 0.008881837964675418 0.01675176824123567
2 0.347045546875 0.315082144469526 0.01085542633872129 0.030041760491832447
1 0.9740302031250001 0.31864642212189614 0.027303109375000054 0.03207849887133186
1 0.90462109375 0.31864642212189614 0.0289477195910172 0.020672473605816012
1 0.8110420721199617 0.3735362979683972 0.12087561720237545 0.1273541107260735
1 0.7466195505715423 0.8438962124093929 0.5067608988569156 0.3122075751812141
2 0.38355934375000006 0.315082144469526 0.008388252892662311 0.02780136568848756
1 0.525140763355282 0.29184307171195006 0.110133508947359 0.08682580945703076
1 0.86251509375 0.3414577990970655 0.04473762500000002 0.04633560948081267
2 0.368098546875 0.315082144469526 0.012500322339675426 0.026375654627539505
