2 0.7296180312500001 0.36426917607223475 0.027303109375000054 0.1725110383747178
1 0.529285578125 0.21243094808126411 0.012500218749999981 0.0192470993227991
1 0.1731938203125 0.45622753950338607 0.346387640625 0.27943936794582397
1 0.404941296875 0.2259752031602709 0.022697765624999987 0.04490989841986455
2 0.769421359375 0.38066485327313765 0.05361935937500005 0.22597520316027092
1 0.26480726562499995 0.4134562076749435 0.14144984375000005 0.11476974040632054
1 0.90462109375 0.27801365688487584 0.06809329687499996 0.056315586907449186
1 0.36727370859969877 0.36177565623537894 0.089146296875 0.09302989056134575
1 0.608892234375 0.28371650112866814 0.08223828125000002 0.06700841986455983
1 0.7509999843749999 0.26732082392776524 0.054935171874999966 0.03421706546275394
1 0.724025828125 0.31793356659142213 0.07763293749999996 0.12047258465011283
1 0.5745136140963979 0.24183597350978056 0.06069193314942171 0.04633560948081263
1 0.8231692135888914 0.3364676721939694 0.19441097803087715 0.13301779174414452
1 0.82698815625 0.34359636568848756 0.19145071875 0.1546896501128668
1 0.81119840625 0.2587665575620767 0.07565921874999997 0.03421706546275394
2 0.6986964375 0.2601922686230248 0.01644765625000003 0.03564277652370203
1 0.8950814531249999 0.28371650112866814 0.039803328124999975 0.04348418735891646
1 0.356914140625 0.3257749774266365 0.07565921875000002 0.04490989841986455
1 0.8644865049566446 0.22063026120151896 0.04605331916444335 0.03421706546275394
1 0.17237143749999997 0.3300521106094808 0.074014453125 0.04918703160270878
1 0.818764328125 0.22597520316027092 0.06052737499999997 0.04918703160270881
1 0.8615282343749998 0.27658794582392776 0.024671484374999983 0.02993993227990971
1 0.6486955625 0.3193592776523702 0.07138282812499999 0.08340409706546274
1 0.9004078677431396 0.2465070292592245 0.05875097762486803 0.050327491015515445
1 0.3689187700635904 0.32648847405267734 0.08684403917444843 0.05809932847255106
1 0.36776959375 0.2316780474040632 0.021381953125000012 0.03564277652370203
1 0.4844362435245633 0.2139760987538878 0.01836679561119355 0.035880492011797965
1 0.084540953125 0.2616179796839729 0.025329390625 0.03421706546275394
1 0.3684275000000001 0.3699720203160271 0.05296145312500003 0.10550261851015802
1 0.9286259218749999 0.3984862415349887 0.14274815625 0.2067281038374718
1 0.57172053125 0.21243094808126411 0.037171703125000025 0.02993993227990971
1 0.26645203125 0.23310375846501127 0.017105562499999987 0.03421706546275394
1 0.31447918750000003 0.2231237810383747 0.010197546875000008 0.012118544018058695
1 0.17171353125 0.2644694018058691 0.056250984375 0.04776132054176072
1 0.3829014375 0.2751622347629797 0.06875120312499998 0.04918703160270881
1 0.38207849259360577 0.2944122831253856 0.08190938729277833 0.0627312866817156
1 0.5133292415241798 0.21492681064239252 0.014473830662616708 0.02138531863243353
1 0.84409371875 0.19888669300225734 0.024671484374999983 0.028514221218961622
1 0.5717205312500001 0.2780136568848759 0.04605343750000005 0.04918703160270881
1 0.291781421875 0.28728077878103836 0.07960665624999998 0.05203845372460495
1 0.25197673289109807 0.2295401219082078 0.017105444164443314 0.034216809024527256
1 0.341124390625 0.24237088036117382 0.01644765625000003 0.023524232505643332
1 0.26842574999999996 0.39706053047404066 0.20855628125000003 0.18462958239277655
1 0.82435653125 0.22597520316027087 0.06809329687499996 0.04633560948081263
1 0.675998671875 0.33290353273137696 0.0618431875 0.09552264108352145
1 0.295070953125 0.25092514672686234 0.05559307812499999 0.03564277652370203
1 0.17969064453125 0.5902443792325056 0.3593812890625 0.3642691760722348
2 0.7460656875 0.36426917607223475 0.02532939062499994 0.09195836343115127
1 0.7011624321658222 0.26553990318315684 0.07039579124666501 0.04776106410353401
