1 0.5539570624999999 0.36783345372460496 0.013487078124999977 0.03207849887133186
1 0.654287765625 0.40418908577878104 0.05329040624999995 0.07841410835214446
1 0.544417421875 0.34716064334085783 0.016118703125000047 0.02494994356659145
1 0.5829049375 0.37781343115124155 0.026974156249999954 0.04633560948081267
1 0.53158825 0.32221069977426636 0.00953964062499999 0.020672810383747155
1 0.4496789218749999 0.5203845372460496 0.12862067187499998 0.19247099322799094
1 0.4779688906249999 0.36426917607223475 0.03684274999999999 0.02780136568848756
1 0.5644835624999999 0.37068487584650117 0.017434515624999966 0.03207849887133186
1 0.485863765625 0.4476732731376975 0.045066578125 0.1211854401805869
1 0.47698203125 0.4098919300225733 0.05657993749999998 0.1090668961625282
1 0.566128328125 0.3749620090293454 0.014802890625000013 0.03492992099322797
1 0.650011375 0.4141690632054176 0.025000437499999962 0.0627312866817156
1 0.52698290625 0.3022507449209932 0.00953964062499999 0.03207849887133186
1 0.53619359375 0.32933925507900674 0.007236968750000017 0.0192470993227991
1 0.537838359375 0.3414577990970655 0.008223828124999954 0.022098521444695277
1 0.724683734375 0.42913902934537246 0.055922031250000025 0.0891069413092551
1 0.6884988906250001 0.42129761851015796 0.05032982812500002 0.07841410835214446
1 0.61251071875 0.3963476749435666 0.03092159374999994 0.051325598194130954
