1 0.85988346875 0.30581502257336346 0.016776605088593043 0.01853424379232504
1 0.689814703125 0.2901322009029345 0.004934296875000044 0.010692832957110609
1 0.687183078125 0.28870648984198644 0.007236968750000017 0.010692832957110609
1 0.7829084350328454 0.31579499465357025 0.04029675164461347 0.02494994356659145
1 0.73093384375 0.3223125378062055 0.04177704687499997 0.04490989841986455
1 0.6773925384759635 0.3300521106094808 0.025987296875000017 0.03421706546275397
1 0.622050359375 0.2944093340857788 0.011842312499999962 0.017821388261851045
1 0.44803415625 0.32431825995302854 0.05065878125 0.03492992099322797
1 0.6368532499999999 0.2944093340857788 0.022697765624999987 0.017821388261851045
1 0.7384997656250001 0.29155791196388264 0.007565921874999996 0.016395677200902927
1 0.5750100625 0.32221069977426636 0.09046210937499997 0.04918703160270878
1 0.6741565624028713 0.28870648984198644 0.008223828124999954 0.013544255079006784
1 0.7486973124999999 0.3300521106094808 0.04318257506664527 0.03421706546275397
1 0.20987209375 0.2889513124813443 0.021381953125000012 0.02091763302310495
1 0.05313714426194247 0.9097623210675612 0.10627428852388494 0.18047535786487787
2 0.7447499276398695 0.30581505109157725 0.010526460520097794 0.022811291420528016
1 0.113159875 0.29583504514672687 0.016118703125000005 0.017821388261851045
1 0.17225395320609996 0.2944093340857788 0.025846317654266718 0.022811376975169273
1 0.19562900265419175 0.2901322009029345 0.020724046874999996 0.020372657948500097
1 0.7125544668194354 0.31641684391273606 0.01595774227774136 0.01867076121893196
