2 0.257076821135444 0.248786608648806 0.018092435032730267 0.08839411429214683
2 0.29309723437499996 0.2530637133182844 0.026645203124999975 0.0891069413092551
1 0.1952025704870805 0.34288351015801344 0.14086308646124154 0.14613538374717827
2 0.08519885937499999 0.20957952595936793 0.018421374999999993 0.05916700902934536
1 0.04425915229458069 0.2516380022573363 0.0874417200684731 0.10835404063205413
1 0.7953165489855204 0.214056259534764 0.09581746663947968 0.04439664328194236
1 0.8801573663639438 0.23630536355339068 0.07861979687500001 0.07199840857787812
1 0.6910482805304874 0.27801365688487584 0.11283092187499998 0.15565200093552886
1 0.9241439383223963 0.3157950106927528 0.15171212335520762 0.23951947427840678
1 0.356914140625 0.3400320987288702 0.20000349999999995 0.17464960496613996
1 0.7547345687943713 0.3428835101580135 0.17558357171970015 0.23738089164785556
2 0.179279453125 0.23951945823927764 0.013158124999999998 0.08625551918735892
1 0.8380391951379195 0.3011525923663549 0.08746595676937924 0.14016287961713128
1 0.05299256992864188 0.474761783295711 0.10598513985728376 0.3949219638826184
2 0.99729488671875 0.1824910158013544 0.005410226562500024 0.03564277652370203
1 0.14001654884702147 0.24618974741954708 0.08672614259702151 0.11858860746469381
