1 0.8611992812500001 0.33432924379232515 0.08421200000000001 0.06772127539503388
1 0.689814703125 0.34003208803611734 0.08881734374999996 0.10122548532731379
1 0.9552798750000001 0.2851422121896163 0.027303109375000054 0.022811376975169304
1 0.9352407241424397 0.29797361173814896 0.020724046874999996 0.02423708803611739
1 0.9824919960937499 0.6208971670428893 0.03501600781249993 0.2071527816497356
1 0.96251684375 0.3022507449209932 0.04144809374999999 0.04348418735891646
1 0.6384714347867388 0.3258901810597322 0.03388217187499999 0.04918703160270878
1 0.05124921166609548 0.3399955322796002 0.05453874291609548 0.09252499593555677
2 0.9519903437499999 0.5161074040632054 0.04868506250000001 0.29440933408577874
2 0.960214171875 0.4490989841986456 0.03289531250000006 0.09552264108352145
1 0.9617679492187501 0.44268328442437915 0.07646410156249991 0.176075316027088
