2 0.16743710772853618 0.4647817880470625 0.019572723273673955 0.1133440293453725
2 0.10217271983848551 0.44653267520565487 0.025329390625 0.15283641477498128
1 0.3778572106976767 0.31389413825547585 0.01008809503737377 0.02233648530181281
1 0.8616927191613281 0.38066485327313765 0.12302847203953131 0.10478977010823928
2 0.4473762499999999 0.3257749774266365 0.008881734374999973 0.04134562076749438
1 0.5 0.7480737691599962 1.0 0.5038524616800075
1 0.7021737539826122 0.3243492663656884 0.021100038419173118 0.021385665914221218
2 0.174965676786124 0.42652506361942233 0.025329390625 0.18177816027088037
1 0.645077078125 0.4747617832957111 0.4756662187499999 0.21955950338600458
2 0.15033154522853612 0.4305647582283325 0.04144806907765209 0.20316387965113766
1 0.531149588806808 0.334329243792325 0.02532939062499994 0.04205847629796837
2 0.1873387701478824 0.4245054577046008 0.03157950657897478 0.16609534572891174
1 0.19814936239871012 0.31722071106094807 0.02598729687499999 0.017108532731376986
