1 0.056004269531250005 0.6337285665914222 0.11200853906250001 0.5004245823927765
1 0.11941224501797346 0.2013811746822592 0.047369460292369624 0.044196928961244435
1 0.318755578125 0.31722071106094807 0.11940998437500001 0.19817383747178333
1 0.12006789062499999 0.18534243792325059 0.06414585937499999 0.05203845372460495
1 0.081909328125 0.33005211060948075 0.150002625 0.14613538374717827
1 0.16677923437499997 0.2231237810383747 0.07006701562500002 0.07627554176072235
1 0.024671484375 0.3706848758465012 0.04736925 0.06772127539503388
1 0.9391611718749999 0.17536246049661397 0.024671484374999983 0.019959954853273128
1 0.24858311696966462 0.2837158176144111 0.0888168706299752 0.17417379835060973
1 0.07533026562499999 0.1981738374717833 0.038816468750000006 0.034929920993227996
1 0.6237010390003096 0.4747617832957111 0.19781116256225798 0.346210055381183
1 0.7098808437499999 0.21314380361173813 0.09144896875000003 0.17179818284424378
1 0.028536683593749997 0.2708851015801354 0.057073367187499995 0.10550261851015799
1 0.57435215625 0.21314380361173815 0.08421199999999995 0.08696837471783295
1 0.8671204375 0.17251103837471782 0.014802890625000013 0.017108532731376986
1 0.887186578125 0.34003208803611734 0.12467323437499994 0.1532639390519188
1 0.318755578125 0.21314380361173813 0.046053437499999995 0.02423708803611739
1 0.404941296875 0.23452946952595935 0.05394831249999997 0.10265119638826185
1 0.16261672658744378 0.29702268202134563 0.0901326831299752 0.12451198540375627
1 0.04407971875 0.18534243792325059 0.04671134375 0.043484187358916494
1 0.639155921875 0.19674812641083517 0.06085632812499995 0.05346416478555304
1 0.44967892187499997 0.3115178668171557 0.07533026562499998 0.13330398419864561
1 0.15197634375 0.17678817155756207 0.024013578124999994 0.03207849887133182
1 0.9302706875000001 0.5859672460496613 0.13945862499999997 0.5838286794582394
1 0.01981942578125 0.21314380361173813 0.0396388515625 0.040632765237020314
1 0.11338251520795255 0.23690508503232535 0.04583371486553354 0.06772127539503385
1 0.01389826953125 0.1881938600451467 0.0277965390625 0.0156828216704289
1 0.20691151562499996 0.16110534988713318 0.024013578124999994 0.011405688487584636
1 0.35362460937499995 0.2316780474040632 0.03125054687499998 0.05916700902934536
2 0.0526325 0.878950869074492 0.105265 0.14542252821670434
1 0.9908803007812499 0.22882662528216705 0.018239398437500044 0.050612742663656896
1 0.07138282812499999 0.24878658013544017 0.0881594375 0.07627554176072235
1 0.827317109375 0.1739367494356659 0.018092421875000042 0.014257110609480811
