1 0.9766618281249999 0.316507855530474 0.03157950000000002 0.05774129796839727
1 0.9940875937500001 0.32720068848758466 0.011824812499999974 0.09338407449209933
2 0.328624171875 0.38066485327313765 0.024013578125000025 0.09552264108352145
1 0.027303109375000002 0.316507855530474 0.025987296875000003 0.020672810383747155
1 0.73159175 0.2851422121896163 0.03848751562499994 0.03279135440180588
1 0.8207380468749998 0.7641811286681716 0.354282515625 0.4669203724604965
1 0.7885006406249999 0.2687465349887133 0.01644765625000003 0.014969966139954839
1 0.8072509687499999 0.27801365688487584 0.03289531250000006 0.029939932279909678
2 0.6093956163666052 0.36534083277754587 0.02828996874999999 0.13829397291196388
2 0.5684309999999999 0.37353629796839727 0.013158124999999998 0.11762116252821672
1 0.072698640625 0.2958350451467269 0.043092859375 0.037068487584650145
1 0.8154747968749999 0.27801365688487584 0.024671484374999983 0.027088510158013567
1 0.7908033124999998 0.27801365688487584 0.020724046874999996 0.027088510158013567
1 0.704946546875 0.27231081264108353 0.020724046874999996 0.027088510158013532
2 0.580602265625 0.37353629796839727 0.022697765624999987 0.13829397291196388
2 0.5725534377907645 0.3653408327775459 0.01743499181179935 0.13187889228802796
1 0.98356984375 0.2944093340857788 0.03157950000000002 0.027088510158013532
2 0.375993421875 0.37353629796839727 0.022697765624999987 0.10550261851015802
2 0.47895574999999996 0.36141775395033854 0.022697765624999987 0.13686826185101575
