1 0.043092859374999994 0.22312378103837474 0.022039859375 0.013544255079006784
1 0.8276460624999998 0.2316780474040632 0.006250109374999961 0.014969966139954839
1 0.8181064218749999 0.2316780474040632 0.01644765625000003 0.0192470993227991
1 0.10911260040167375 0.23606335622392008 0.028226399054742297 0.04490989841986455
1 0.025987296875 0.23138431407744114 0.023355671874999998 0.0192470993227991
1 0.13060430172836865 0.23423573619933727 0.02960578125000001 0.027088510158013532
1 0.24545689299230505 0.23622743612744843 0.02894787500000001 0.0192470993227991
1 0.783895296875 0.2316780474040632 0.011513359374999983 0.014969966139954839
1 0.941792796875 0.24094516930022572 0.033553218750000016 0.03421706546275394
1 0.26658757694134744 0.2316780474040632 0.007701467566347464 0.00926712189616252
1 0.09765598514888417 0.23513414941942076 0.04103295467276834 0.04490989841986455
1 0.21743801562499998 0.23054606966973717 0.043092859375 0.03564277652370203
1 0.29191696756634744 0.2544894243792325 0.05910575011875852 0.10550261851015799
1 0.82304071875 0.28086507900677204 0.1379350187891159 0.08055267494356658
1 0.015789749999999998 0.24094516930022572 0.031579499999999996 0.03765595423789422
1 0.4524460925663475 0.280865079006772 0.07881320430865255 0.13967672840074977
1 0.92304246875 0.24807372460496613 0.006250109374999961 0.017821388261851014
1 0.799685046875 0.25092514672686234 0.03552693750000001 0.04490989841986455
1 0.9420910497621592 0.24949943566591418 0.03092159374999994 0.02494994356659142
1 0.18506506368365253 0.23054606966973717 0.07894874999999998 0.04490989841986455
1 0.06822884256634747 0.2366680361173815 0.06875120312499998 0.04918703160270881
1 0.23618834375 0.23310375846501127 0.029131371330283873 0.022098521444695245
2 0.15987121875000002 0.22312378103837469 0.0019737187499999937 0.005702844243792318
1 0.2571057980586525 0.2316780474040632 0.023355671875000004 0.0192470993227991
1 0.018111842862260603 0.27801365688487584 0.036223685724521205 0.06617017545685581
