1 0.4092176875 0.3257749774266365 0.013816031250000017 0.07912696388261851
1 0.967451140625 0.28229079006772007 0.03782960937499998 0.06772127539503388
1 0.827317109375 0.24522230248306995 0.04177704687499997 0.05916700902934536
1 0.441126140625 0.22953948081264108 0.03059264062500002 0.02423708803611739
1 0.9834788554687499 0.29583504514672687 0.033042289062500056 0.0634441422121896
1 0.8802785625000001 0.25520227990970656 0.05361935937500005 0.0541770203160271
1 0.423691625 0.27373652370203155 0.03059264062500002 0.04989988713318287
1 0.8059351562499999 0.2437965914221219 0.02171090625000005 0.05916700902934536
1 0.733236515625 0.228113769751693 0.023026718749999966 0.017108532731376986
1 0.7365260468749999 0.26803367945823925 0.06019842187499999 0.08055267494356658
1 0.8802785625000001 0.25662799097065464 0.05427726562500001 0.059167009029345394
1 0.4085597812499999 0.23239090293453726 0.014473937499999975 0.0156828216704289
1 0.776329375 0.22383663656884875 0.056250984375 0.0313656433408578
1 0.039803328125 0.7648939841986455 0.07960665625 0.3984862415349887
1 0.886857625 0.3214978442437923 0.172700390625 0.14756109480812638
