1 0.289149796875 0.2366680361173815 0.04769820312499998 0.055602731376975155
1 0.22829346874999998 0.3314778216704289 0.07664607812499999 0.11476974040632051
1 0.16250284375 0.2879936343115125 0.08585676562500001 0.09766120767494359
1 0.45099473437499993 0.21243094808126411 0.032895312499999996 0.1161954514672686
1 0.556259734375 0.17179818284424378 0.008881734375000032 0.03920705417607223
1 0.408888734375 0.2908450564334086 0.091120015625 0.17179818284424375
1 0.16645028125 0.36925916478555304 0.12467323437500001 0.1276011399548533
1 0.5302724375 0.1596796388261851 0.03684274999999999 0.05203845372460495
1 0.2618466875 0.2053023927765237 0.038816468750000006 0.07556268623024828
1 0.7276443125000001 0.15825392776523703 0.13421287500000006 0.08981979683972913
1 0.98972896484375 0.5638687246049662 0.020542070312500136 0.11191831828442438
1 0.471060875 0.176075316027088 0.045066578125 0.08126553047404063
