1 0.043092859374999994 0.22312378103837474 0.022039859375 0.013544255079006784
1 0.11009266725675461 0.23500143276920496 0.03100325514413805 0.04490989841986455
1 0.7817573399891403 0.2316780474040632 0.009210973611968497 0.016395677200902927
1 0.025987296875 0.23086846707749228 0.023355671874999998 0.0192470993227991
1 0.13119940647049716 0.2337198891993884 0.029605781249999998 0.027088510158013532
1 0.24498080919860227 0.23545366562752507 0.02894787500000001 0.0192470993227991
1 0.897055171875 0.2331037584650113 0.010197546874999948 0.012118544018058695
1 0.9922783515625 0.24807372460496613 0.0154432968750001 0.03421706546275394
1 0.2668256188381989 0.2316780474040632 0.007939509463198864 0.00926712189616252
1 0.09700260724549693 0.2361960728741359 0.03972619886599385 0.04490989841986455
1 0.79014540625 0.23452946952595932 0.010855453125000025 0.014969966139954839
1 0.21743801562499998 0.23106191666968603 0.043092859375 0.03564277652370203
1 0.2921550094631989 0.2544894243792325 0.06065302244829264 0.10550261851015799
1 0.8230407187500002 0.28086507900677204 0.13696166458784126 0.08055267494356658
1 0.015789749999999998 0.24094516930022572 0.031579499999999996 0.03868764823779194
1 0.45268413446319894 0.28086507900677204 0.07857516241180112 0.1370974934010055
1 0.9099670204890585 0.2751622347629797 0.06439298019820233 0.08073113516315301
1 0.835869890625 0.23809374717832954 0.01578974999999995 0.016395677200902927
1 0.944424421875 0.24949943566591423 0.023355671874999945 0.023524232505643332
1 0.18482702178680116 0.23106191666968603 0.07894875000000003 0.04490989841986455
1 0.06846688446319886 0.2366680361173815 0.06875120312499998 0.04918703160270881
1 0.23618834374999995 0.23310375846501127 0.028298224691303955 0.022098521444695245
1 0.8085668766349599 0.23381651064383557 0.013652341613420422 0.01710884278632613
2 0.2223723125 0.2331037584650113 0.007565921874999996 0.023524232505643332
1 0.25686775616180113 0.2316780474040632 0.023355671874999977 0.0192470993227991
1 0.018290374284899154 0.27801365688487584 0.03658074856979831 0.06720186945675359
