1 0.5413853303728794 0.2642059621299379 0.022497532373939737 0.057617329036238306
1 0.21850711328125 0.8701502341986456 0.4370142265625 0.2596995316027088
1 0.76514496875 0.46834608352144463 0.27467585937500005 0.368546309255079
2 0.6407348893748389 0.2469331882625499 0.014605496249516273 0.026518241986805413
1 0.9717187812500001 0.47119750564334084 0.05656243749999999 0.23738089164785556
2 0.7177757187499999 0.26803367945823925 0.01578974999999995 0.03706848758465012
1 0.11458529029472589 0.2388066027088036 0.11184406250000002 0.09932458952264464
1 0.544417421875 0.2680336794582393 0.016776609375000008 0.06130557562076751
1 0.39013840625 0.27658794582392776 0.05329040625000001 0.11405688487584649
1 0.1320722976740793 0.2894193453724605 0.1299984637785269 0.1988143750641608
2 0.16941085937499997 0.29155791196388264 0.03914542187499999 0.22953948081264108
2 0.7050562081505932 0.2751622347629797 0.01578974999999995 0.01805896241729306
1 0.17866853561350984 0.18177816027088037 0.0709128928067549 0.04216032022183504
1 0.031975814226179004 0.2922707674943566 0.06395162845235801 0.22953948081264108
1 0.5804078833052254 0.2651822573363431 0.08391296283729541 0.06872575163209114
1 0.6248994290717472 0.2946026489230207 0.13828855045414484 0.08881696905339222
