1 0.6687617031249999 0.34716064334085767 0.11250196875 0.12973970654627534
1 0.3567501822206692 0.29298362302483066 0.053619122502694044 0.06593897615870929
1 0.222043359375 0.24165802483069976 0.024342531250000004 0.016395677200902927
1 0.045724484375 0.3457349322799097 0.090462109375 0.1696596162528217
1 0.6085632812499999 0.2944093340857788 0.05789575000000002 0.06059272009029348
1 0.165792375 0.32933925507900674 0.143752515625 0.10692832957110611
1 0.2986894375 0.2530637133182844 0.013816031250000017 0.008554266365688493
1 0.8875155312499999 0.5246616704288939 0.22204335937499994 0.3457349322799097
1 0.9332400156249998 0.28300364559819413 0.03651379687499994 0.029939932279909678
2 0.5907998125 0.3051021670428894 0.011513359374999983 0.0862555191873589
1 0.33227748798639073 0.2930586628978096 0.054987092067427905 0.06888434690055567
1 0.3579486491233906 0.30632452809278415 0.016118703124999988 0.042771331828442435
1 0.38750678124999993 0.2730236681715576 0.03125054687499998 0.02993993227990971
1 0.36612482812499997 0.28300364559819413 0.06217214062499998 0.06772127539503388
1 0.3335584687499999 0.24664801354401805 0.019737187499999996 0.016395677200902927
1 0.615471296875 0.28799363431151237 0.052303546875000016 0.05275130925507898
2 0.562838796875 0.3243492663656884 0.015131843749999992 0.0848298081264108
2 0.578628546875 0.2822907900677201 0.00953964062499999 0.028514221218961654
1 0.07905783372827405 0.25662799097065464 0.041557633668424805 0.016395677200902927
2 0.5789582106169179 0.3250621860602182 0.014473937500000034 0.08910668465303188
1 0.227964515625 0.2958350451467268 0.11842312499999999 0.11334402934537242
1 0.6217214062499999 0.29583504514672687 0.06085632812499995 0.06914698645598194
1 0.13207438648237188 0.2366680361173815 0.025740539469215264 0.01603926993205585
1 0.8838970468749999 0.2601922686230248 0.049342968749999966 0.016395677200902927
1 0.7042886406249999 0.2601922686230248 0.03947437499999999 0.036355632054176086
1 0.2750048125 0.24807372460496613 0.007565921874999996 0.008554266365688493
2 0.5868523750000001 0.3193592776523702 0.01644765625000003 0.09195836343115127
1 0.988504140625 0.2944093340857788 0.022697765624999987 0.02993993227990971
1 0.125331140625 0.26803367945823925 0.009868593749999998 0.041345620767494345
1 0.62698465625 0.3143692889390519 0.06085632812499995 0.07912696388261851
1 0.29572885937499993 0.24165802483069979 0.016118703124999988 0.008554266365688493
1 0.276649578125 0.29298362302483066 0.11184406250000002 0.09908691873589162
1 0.3252252951941526 0.2944093340857788 0.05142626213896187 0.07176074649721002
1 0.188490140625 0.31080501128668175 0.1368445 0.1133440293453725
1 0.4618133934719602 0.22554771898852477 0.044944486171354 0.013462611287685326
1 0.957582546875 0.29298362302483066 0.06776434374999998 0.02993993227990971
1 0.5928972752871732 0.2803306679493568 0.025000437499999962 0.034930043974796154
1 0.8577365234375 0.4327033069977427 0.28452695312500004 0.25163800225733635
1 0.7858690156249999 0.3571406207674943 0.27664957812499996 0.20744095936794582
1 0.380598765625 0.27302366817155754 0.016118703124999988 0.004989988713318291
1 0.6480376562500001 0.3193592776523702 0.09868593750000004 0.10550261851015802
1 0.164147609375 0.2338166139954853 0.031250546875000014 0.021385665914221218
1 0.3480324062499999 0.24165802483069973 0.019737187499999996 0.019959954853273128
1 0.7233679218749999 0.2680336794582393 0.04572448437499996 0.034929920993227996
2 0.07960665624999998 0.27801365688487584 0.006908015624999994 0.017821388261851014
1 0.07162954296874999 0.32933925507900674 0.14325908593749997 0.15183822799097063
1 0.33125579687499995 0.24165802483069973 0.019737187499999996 0.014969966139954839
