1 0.387177828125 0.2780136568848759 0.04111914062500001 0.035357731264712255
1 0.4044149674014567 0.29155791196388264 0.06888279108531492 0.05203842948870448
1 0.13684440706958056 0.27801365688487584 0.04802715624999999 0.037068487584650145
1 0.14704204687499997 0.2751622347629797 0.034704591877416334 0.04419705754250753
1 0.060527375 0.2587665575620767 0.020724046874999996 0.017821388261851014
1 0.3338873914450862 0.2822909219535767 0.05822470312499999 0.04918703160270881
1 0.069409109375 0.27231081264108353 0.03026368749999999 0.03706848758465008
1 0.584467529297439 0.27551875564415557 0.05320823242243892 0.03706848758465008
1 0.0109705545475526 0.26732082392776524 0.0219411090951052 0.05488987584650113
1 0.35638787422224333 0.27231081264108353 0.04750074335413519 0.027088510158013532
1 0.8570050994033772 0.2881717842601403 0.0736853819885089 0.05061274266365687
2 0.19572710937499999 0.2580537020316027 0.006579062499999999 0.017108532731376986
1 0.7776451874999999 0.27801365688487584 0.05559307812500004 0.039919909706546255
1 0.09737012499999999 0.27231081264108353 0.012500218749999995 0.017821388261851014
1 0.7111966562500001 0.26732082392776524 0.04605343750000005 0.03706848758465012
1 0.29021902570196445 0.38636769751693 0.13347298088556853 0.20993610877145805
1 0.38106623200820805 0.27126023804158284 0.02425594460037607 0.017821388261851014
1 0.160529125 0.27231081264108353 0.01250021875000001 0.027088510158013532
1 0.8476719387418681 0.2575736359262213 0.021381953124999954 0.017821388261851014
1 0.8320772682317163 0.2783491478610559 0.04802715625000005 0.04918703160270878
1 0.567586384324674 0.2610014832880946 0.057157836525434644 0.06471564498019557
1 0.960345731677535 0.28086507900677204 0.029605781250000025 0.04918703160270881
1 0.8737500943661219 0.26161797968397293 0.046483556920942706 0.02462087722126365
1 0.21628672615270972 0.27231081264108353 0.032895312499999996 0.03706848758465008
1 0.44342881249999994 0.26732082392776524 0.012500218749999981 0.03421706546275394
1 0.6664590312499998 0.25876649894960857 0.021053006761802943 0.032078601443151104
1 0.9286346718750002 0.27801365688487584 0.05361935937500005 0.05203845372460495
1 0.1851379345999349 0.2675585070476507 0.03157949999999999 0.044841988957040106
