1 0.5332330156249999 0.3015378893905193 0.011513359374999983 0.0192470993227991
1 0.50724571875 0.28870648984198644 0.021381953125000012 0.05774129796839727
1 0.47369250000000007 0.3015378893905191 0.004276390625000026 0.01354425507900675
1 0.5315881101928248 0.29013207971567656 0.005592147202129934 0.006771915461801925
1 0.534548828125 0.3079535891647855 0.011513359374999983 0.023524232505643332
1 0.5279697656250001 0.29155791196388264 0.0026316250000000116 0.010692832957110609
1 0.04958968359375 0.41345620767494357 0.0991793671875 0.03421706546275397
1 0.07310983203125 0.5724229909706546 0.1462196640625 0.3093793002257337
1 0.42500743750000003 0.3214978442437923 0.021381953125000012 0.0384941986455982
2 0.5539570624999999 0.29298362302483066 0.0019737187499999937 0.010692832957110609
1 0.529285578125 0.2972607562076749 0.0026316250000000116 0.016395677200902927
1 0.54145684375 0.31080501128668175 0.016447656249999967 0.02494994356659145
