1 0.5016535156249999 0.4369804401805869 0.08618571874999995 0.04918703160270878
1 0.739638825146186 0.4111261254405627 0.08824781398940698 0.0839254369529781
1 0.5316309849136738 0.48825973417931495 0.1554410352909184 0.10977975169300226
1 0.21665730057910235 0.4619303837471783 0.07204073437499998 0.08955366491182458
2 0.7004509016799008 0.38066485327313765 0.016118703125000047 0.05488987584650113
1 0.725822419588941 0.5436894276818909 0.16323666577884285 0.1720175249140458
1 0.3737765647085439 0.48294412135348913 0.126646953125 0.09267121896162527
1 0.14265750647244954 0.49519046856184395 0.07993560937499998 0.09979977426636567
1 0.2652145452713841 0.4498118397291196 0.056125671073192065 0.06388543844303471
2 0.6648142656249999 0.39207054176072237 0.01546079687499997 0.04633560948081267
1 0.880056034907967 0.44861675736263706 0.11064435205906627 0.08554266365688487
1 0.023686876896174318 0.6063959313157944 0.047373753792348636 0.04942139680913871
1 0.747052546875 0.43127759593679454 0.042876690908983876 0.07057269751692999
1 0.10770438203074595 0.5353545033860045 0.024013578124999994 0.053464164785553075
1 0.35362460937500007 0.5128282672163179 0.14671309375000002 0.11263117381489843
1 0.495732359375 0.4031760761082663 0.06071781949579371 0.04490989841986455
1 0.18956281746536036 0.47841904601212865 0.06368818005195945 0.07767027278059918
1 0.129278578125 0.5942676168588856 0.14880397472032678 0.09786627209248884
1 0.5114109134095378 0.45551468397291195 0.11568493880592416 0.07318315321254272
1 0.17401620312499996 0.48734271766897147 0.06194098214032152 0.08151599564931299
1 0.1611748412128338 0.42129761851015796 0.05453311410270025 0.017689383689101175
1 0.2902148238761215 0.45924835422364924 0.017936086622756992 0.03350420993227991
1 0.48750853125 0.37895400140670693 0.10651501895388531 0.0815506712795234
1 0.26992335142238383 0.5702844243792325 0.14115551534476753 0.12911127333245825
1 0.4192285335615625 0.5831158239277653 0.118094171875 0.11263117381489843
2 0.275991671875 0.4063276523702032 0.008552781249999994 0.03920705417607226
1 0.0159868681755297 0.43412901805869075 0.031250546875 0.036355632054176086
1 0.40812962881060005 0.4262327574192541 0.09144896874999997 0.0634441422121896
1 0.822053859375 0.4332328583391943 0.12187243488388132 0.12171499152203846
1 0.18732443367211588 0.43127759593679454 0.03995343367211586 0.027607580502518273
1 0.528956625 0.41811292072072626 0.12927857812499996 0.08126553047404063
1 0.933779520600739 0.4512375507900677 0.13244095879852189 0.07484983069977423
1 0.39472121646401964 0.43127759593679454 0.0881594375 0.04918703160270878
1 0.5711865797968887 0.5467601918735892 0.13684450000000006 0.17464960496613996
2 0.733236515625 0.35856633182844244 0.012268017955557771 0.03518151553348144
1 0.41402751630982093 0.4113176410835215 0.07927770312499997 0.036355632054176086
1 0.058568415913892544 0.5122506682949743 0.11713683182778509 0.13641128491804672
1 0.3874127940386567 0.4512375507900677 0.11546254687499999 0.07983981941309258
