1 0.6513271875 0.3250621218961625 0.06085632812499995 0.09338407449209933
1 0.476324125 0.20744095936794582 0.006908015624999978 0.030652787810383737
1 0.380598765625 0.2601922686230248 0.04243495312499999 0.042771331828442435
1 0.5865234218750001 0.27801365688487584 0.051974593750000034 0.07057269751692999
1 0.543101609375 0.20744095936794582 0.012171265624999943 0.030652787810383737
1 0.39408584375 0.21955950338600452 0.006908015624999978 0.02494994356659142
2 0.5111931562500001 0.1910452821670429 0.004605343750000005 0.01853424379232504
1 0.50461409375 0.2266880586907449 0.021052999999999975 0.04562275395033861
1 0.757908 0.40418908577878104 0.10329128124999999 0.11833401805869072
1 0.48717957812499996 0.20957952595936793 0.021052999999999975 0.036355632054176086
1 0.43652079687500006 0.17963959367945825 0.012171265625000002 0.02067281038374719
1 0.380598765625 0.24593515801354401 0.039803328124999975 0.06130557562076747
1 0.38125667187499995 0.19175813769751687 0.013487078124999977 0.014969966139954839
1 0.385204109375 0.21243094808126411 0.021052999999999975 0.030652787810383737
1 0.385204109375 0.20744095936794582 0.021052999999999975 0.017821388261851014
1 0.385204109375 0.23738089164785553 0.03157950000000002 0.054177020316027065
1 0.60461584375 0.2879936343115124 0.04802715625000005 0.06843413092550787
2 0.6236951249999999 0.2794393679458239 0.013816031249999956 0.09338407449209933
1 0.401651765625 0.1782138826185102 0.011513359374999983 0.02067281038374719
1 0.37862504687500004 0.28229079006772007 0.054606218749999984 0.048474176072234754
1 0.37862504687500004 0.3015378893905193 0.060856328125000005 0.06558270880361176
1 0.38520410937499994 0.18890671557562078 0.016118703124999988 0.030652787810383737
1 0.37500656250000003 0.37424915349887133 0.07631712499999997 0.13758111738148981
1 0.760859828125 0.7375591055304741 0.47828034375 0.5248817889390519
2 0.6345505781249999 0.263756546275395 0.011842312499999962 0.06059272009029345
1 0.7036307343750001 0.34359636568848756 0.095725359375 0.12617542889390518
1 0.3927700312500001 0.4255747516930022 0.09835698437500001 0.17821388261851012
1 0.45560007812500003 0.18748100451467264 0.018750328125 0.03207849887133182
1 0.384546203125 0.19603527088036118 0.014802890625000013 0.02922707674943565
1 0.44540253125000007 0.18748100451467273 0.008223828125000015 0.02067281038374719
1 0.5187590781250001 0.2373808916478555 0.02894787500000001 0.048474176072234754
1 0.4115203593750001 0.18177816027088037 0.012171265625000002 0.02922707674943565
