1 0.8592255625 0.30581502257336346 0.017105562499999987 0.020672810383747155
1 0.7486973124999999 0.2944093340857788 0.008223828124999954 0.013544255079006784
1 0.6720512343749999 0.28870648984198644 0.007236968750000017 0.00855426636568846
1 0.7828706875943375 0.316507855530474 0.04492097651533129 0.022811376975169273
1 0.73093384375 0.32292355530474043 0.04175876461476934 0.04205847629796837
1 0.6768740211859561 0.3300521106094808 0.025987296875000017 0.03421706546275397
1 0.6219386401038964 0.2944093340857788 0.012289189584414354 0.017821388261851045
1 0.44803415625 0.32292355530474043 0.05065878125 0.03492992099322797
1 0.63654257344971 0.2944093340857788 0.02171090625000005 0.017821388261851045
1 0.5750100625 0.32221069977426636 0.09046210937499997 0.04918703160270878
1 0.7000122499999999 0.28870648984198644 0.010197546874999948 0.013544255079006784
1 0.6785206648404009 0.2872807478891904 0.005811467194198272 0.00855426636568846
1 0.7486973124999998 0.3300521106094808 0.04407971874999994 0.03421706546275397
1 0.6720512343749999 0.28870648984198644 0.006250109374999961 0.00855426636568846
1 0.20987209375 0.2898441758101666 0.021381953125000012 0.02181049635192726
1 0.0527969765625 0.9090007732982115 0.105593953125 0.18199845340357695
2 0.8621861406249999 0.3407449435665914 0.014473937500000034 0.07556268623024828
1 0.113159875 0.2944093340857788 0.0171055625 0.01853424379232504
1 0.17204248437499997 0.2929629646842117 0.02598729687499999 0.022811376975169273
1 0.19633101248456516 0.2901322009029345 0.020724046874999996 0.01945988670178433
1 0.7137211820970618 0.31567895577108274 0.019385287419858108 0.020672810383747155
