2 0.7552763749999999 0.5360673589164785 0.03848751562499994 0.29726075620767484
1 0.16513446874999999 0.3193592776523702 0.027303109374999992 0.040632765237020314
1 0.11250196875 0.32363641083521444 0.017434515624999994 0.029939932279909678
1 0.041119140624999995 0.3307649661399549 0.04539553124999999 0.053464164785553075
1 0.139147171875 0.3207849887133183 0.04111914062500001 0.05203845372460495
2 0.864817765625 0.5431959142212188 0.08585676562500003 0.3321906772009029
1 0.18158212499999996 0.31793356659142213 0.017434515624999994 0.040632765237020314
2 0.95199034375 0.6094914785553047 0.07302759375000001 0.26945939051918727
2 0.9994330820312501 0.5146816930022573 0.0011338359374999385 0.1846295823927765
1 0.06381690625 0.3100921557562076 0.023355671875000004 0.025662799097065446
1 0.086514671875 0.32363641083521444 0.039803328125 0.04490989841986455
1 0.143752515625 0.29298362302483066 0.021381953125000012 0.014257110609480811
