1 0.90462109375 0.22740091422121894 0.06710643750000003 0.05203845372460495
1 0.831264546875 0.19460955981941314 0.030263687499999983 0.02993993227990971
1 0.45296845312499995 0.29298362302483066 0.008881734374999973 0.04633560948081267
1 0.641129640625 0.4056147968397291 0.3088869843749999 0.2822907900677201
1 0.93356896875 0.19460955981941314 0.037171703125000025 0.02993993227990971
1 0.6158002499999999 0.19746098194130923 0.029605781250000025 0.017821388261851014
1 0.18478941796875 0.4462475620767495 0.3695788359375 0.3984862415349888
1 0.02639848828125 0.2316780474040632 0.0527969765625 0.05774129796839727
1 0.492113875 0.29155791196388264 0.085198859375 0.13401683972911965
1 0.547049046875 0.20957952595936793 0.07960665624999995 0.05346416478555304
1 0.7755074592168723 0.2295395663399098 0.10888349753075702 0.09053265237020315
1 0.324676734375 0.4027633747178329 0.21085895312499994 0.21599522573363428
1 0.92106875 0.28371650112866814 0.14210775000000003 0.09053265237020319
1 0.693104234375 0.21670808126410834 0.05361935937500005 0.04633560948081263
1 0.116120453125 0.19460955981941308 0.007565921874999996 0.023524232505643332
1 0.28224178124999993 0.3093793002257336 0.26908365624999997 0.14542252821670432
1 0.52106175 0.19460955981941308 0.01578975000000001 0.0192470993227991
1 0.46941610937499995 0.19460955981941314 0.02203985937500003 0.02993993227990971
1 0.18520060937500002 0.1874810045146727 0.008881734375000002 0.012118544018058695
1 0.039145421875 0.20245097065462753 0.033553218749999995 0.02993993227990971
1 0.226649360939156 0.2138566591422122 0.08311542818734546 0.06011738803587815
1 0.562838796875 0.29583504514672687 0.14704204687499994 0.14542252821670426
