1 0.8940945937499999 0.19532241534988712 0.017434515624999966 0.009979977426636581
1 0.119409984375 0.33290353273137696 0.14276565624999998 0.20102525959367948
1 0.024013578124999997 0.2316780474040632 0.04736925 0.07484983069977426
1 0.8144879374999999 0.1881938600451467 0.018750328125 0.014257110609480811
1 0.067435390625 0.3086664446952596 0.10000174999999999 0.1789267381489842
1 0.323689875 0.4818903386004515 0.18881909375 0.3428835101580136
1 0.556259734375 0.2274009142212189 0.08190932812500004 0.16894676072234757
1 0.783895296875 0.18534243792325059 0.020724046874999996 0.014257110609480811
1 0.43619184375000003 0.2231237810383747 0.07927770312500003 0.08269124153498869
1 0.9611100429687499 0.2259752031602709 0.07777991406250008 0.03778134311512414
1 0.7697503124999999 0.18534243792325059 0.00921068750000001 0.011405688487584636
1 0.683235640625 0.3143692889390519 0.09605431249999997 0.07057269751693003
1 0.16677923437499997 0.26090512415349887 0.06019842187499999 0.09267121896162527
1 0.88643768359375 0.649411388261851 0.2271246328125 0.630164288939052
1 0.254280765625 0.24736086907449212 0.06283004687499998 0.10265119638826185
1 0.014802890625 0.3143692889390519 0.027303109375000002 0.11690830699774263
1 0.825343390625 0.1910452821670429 0.012829171875000019 0.014257110609480811
1 0.49639026562499994 0.21314380361173813 0.046053437499999995 0.05203845372460495
1 0.266780984375 0.32862639954853273 0.07927770312499997 0.13615540632054177
1 0.16546342187500002 0.2666079683972912 0.06019842187499999 0.09979977426636567
1 0.9118580625 0.19247099322799102 0.024013578125000025 0.0156828216704289
1 0.013487078125 0.1881938600451467 0.007236968750000002 0.017108532731376986
1 0.93923466015625 0.3428835101580136 0.12153067968750003 0.06772127539503388
1 0.681261921875 0.6518382279909707 0.37698028125000005 0.6963235440180586
1 0.0881594375 0.1739367494356659 0.024671484374999997 0.0156828216704289
1 0.20000349999999997 0.26090512415349887 0.040132281249999985 0.07057269751692999
1 0.6852093593749999 0.18961957110609481 0.014802890625000013 0.021385665914221218
1 0.7625133437499999 0.23595518058690743 0.09539640625000002 0.07057269751693003
1 0.95995870703125 0.27658794582392776 0.08008258593750005 0.07199840857787808
1 0.7539605625 0.4255747516930023 0.13487078125000002 0.23738089164785556
1 0.9968836953124999 0.20744095936794582 0.00623260937500009 0.014257110609480811
1 0.7065913125000001 0.1853424379232506 0.004605343749999946 0.008554266365688493
