1 0.8611992812500001 0.33432924379232515 0.08421200000000001 0.06772127539503388
1 0.689814703125 0.34003208803611734 0.08881734374999996 0.10122548532731379
2 0.9421935007225476 0.29672934720050004 0.008881734375000032 0.04490989841986455
1 0.9357130693309013 0.29797361173814896 0.020724046874999996 0.02423708803611739
1 0.9819163281249998 0.6130557562076749 0.036167343750000094 0.19389670428893907
1 0.96251684375 0.3022507449209932 0.04144809374999999 0.04348418735891646
1 0.6380062462264462 0.3279063481833483 0.03388217187499999 0.04918703160270878
1 0.04935983285008005 0.33897194104744743 0.052649364100080046 0.08843063100694552
1 0.9332400156249999 0.2894193453724605 0.012171265624999943 0.011405688487584668
1 0.071053875 0.6551142325056433 0.14210775 0.5346416478555306
2 0.8838970468749999 0.32720068848758466 0.007565921874999996 0.043484187358916494
1 0.9614326703446242 0.4454798738676226 0.07713465931075163 0.17585598531247726
