1 0.14768672881131856 0.29155791196388264 0.036513796875000004 0.031365643340857764
1 0.34671659375 0.3097300687119169 0.046053437499999995 0.19746098194130923
1 0.2898077524684622 0.3125870752622876 0.018750328125 0.024237002492598265
1 0.27204423437499997 0.3193592776523702 0.018750328125 0.025662799097065446
1 0.07429155102607037 0.3576283561266023 0.047576999845034676 0.05211348127563441
1 0.254938671875 0.32648783295711065 0.022039859375 0.03350420993227991
1 0.33322951562500003 0.30153788939051923 0.01134230189733305 0.01853424379232504
1 0.34934821875 0.29139949896372647 0.0026316250000000116 0.00570284424379235
1 0.31941347779593754 0.30486455090891645 0.009868600329062479 0.021385665914221218
1 0.04671134375 0.6644361936606786 0.09309373437500001 0.4877576951373748
1 0.3717170320723808 0.2901322009029345 0.011842312500000023 0.014257110609480811
1 0.21059577694079626 0.36783345372460496 0.079277703125 0.10350659337057443
1 0.5588759972181592 0.7584782844243793 0.8822480055636815 0.4769003498871331
1 0.32401882812500005 0.30153788939051923 0.009868593750000028 0.019959954853273162
1 0.92985949609375 0.5318321566359294 0.14028100781250002 0.10147707828894872
1 0.22171440625 0.3307649661399549 0.027303109374999992 0.03350420993227991
1 0.30744782786826136 0.30581502257336335 0.016118703124999988 0.027979586031367416
1 0.13359151434567706 0.33646781038374723 0.041338440515312484 0.05457304958216707
1 0.29747889023158236 0.3015378893905193 0.046053437499999995 0.18793723305787388
1 0.11580472431368145 0.2972607562076749 0.017434515624999994 0.02138566591422125
1 0.2069379642523629 0.28870648984198644 0.016118703124999988 0.01853424379232504
1 0.095725359375 0.34359636568848756 0.032566359375 0.04776132054176072
1 0.05329040625 0.3450220767494357 0.039803328125 0.053464164785553075
1 0.018750328125 0.3592791873589165 0.035855890625000005 0.07627554176072235
1 0.14621967064162827 0.40418908577878104 0.061185254933486824 0.09659191012197932
1 0.17938928107093688 0.3345667228991591 0.031250546875000014 0.04253353906412949
1 0.24342531250000002 0.2901322009029345 0.022039859375 0.01853424379232504
