1 0.5773127343750001 0.2944093340857788 0.006250109374999961 0.007841410835214465
1 0.5789574999999999 0.3200721331828442 0.02861892187499997 0.04918703160270878
1 0.8263302499999999 0.36284346501128667 0.08223828125000002 0.10550261851015802
1 0.600339453125 0.30795358916478555 0.005592203125000002 0.022811376975169273
1 0.703630734375 0.32648783295711065 0.029276828125000046 0.02494994356659145
1 0.9221661861474746 0.40561499879594026 0.09133939847679311 0.11191831828442438
1 0.7802768125 0.3578534762979684 0.04671134375000001 0.07271126410835217
1 0.56777309375 0.30225074492099324 0.002631624999999952 0.01496996613995487
1 0.64663085546875 0.7159952257336343 0.7067382890625 0.5680095485327314
1 0.647050796875 0.3179335665914222 0.0036184843750000084 0.03350420993227991
1 0.624681984375 0.34003208803611734 0.05723784374999994 0.09195836343115127
1 0.97303459375 0.41702048532731373 0.05393081250000004 0.1660953386004515
2 0.79540865625 0.31436928893905186 0.007236968750000017 0.015682821670428865
1 0.1656278984375 0.647985677200903 0.331255796875 0.4077533634311513
1 0.5960630625000001 0.3036764559819413 0.014144984375000055 0.028514221218961622
1 0.6611957812499999 0.31722071106094807 0.02861892187499997 0.047048465011286664
1 0.7572500937500001 0.3457349322799097 0.048356109375000025 0.06629556433408576
1 0.35987471875000004 0.43840615124153504 0.31447918750000003 0.26874653498871337
1 0.44704729687499994 0.39563481941309253 0.09901489062499996 0.07983981941309251
1 0.5954051562499999 0.3079535891647856 0.006908015625000038 0.02494994356659145
1 0.6855383125000001 0.315795 0.020066140625000038 0.030652787810383737
1 0.704288640625 0.4006248081264108 0.09408059374999998 0.12261115124153495
