1 0.8651467187499998 0.5125431264108352 0.021052999999999975 0.03706848758465008
1 0.547706953125 0.5125431264108352 0.012171265624999943 0.00427713318284423
1 0.8720547343749999 0.526087381489842 0.013487078124999977 0.04134562076749438
1 0.9906335859375001 0.5153945485327314 0.01873282812500001 0.030652787810383737
1 0.8204090937499999 0.5218102483069977 0.011184406250000004 0.030652787810383737
1 0.008470512815276407 0.526087381489842 0.016941025630552813 0.015920400578241144
1 0.6388269687499999 0.5218102483069977 0.017105562499999987 0.026375654627539505
1 0.776658328125 0.5182459706546275 0.012171265624999943 0.02423708803611739
1 0.9200818906249999 0.5153945485327313 0.023355671874999945 0.04419704288939049
4 0.9460691874999999 0.5054145711060949 0.006908015625000038 0.02494994356659145
1 0.6460639374999999 0.5218102483069977 0.017105562499999987 0.026375654627539505
1 0.366059133696283 0.7383757730088347 0.431915453125 0.30011217832957104
1 0.97962240625 0.5047017155756207 0.017105562499999987 0.01354425507900675
1 0.80988259375 0.5153945485327314 0.013487078124999977 0.02423708803611739
1 0.62698465625 0.5139688374717833 0.020395093750000017 0.017108532731376986
1 0.968109046875 0.5553144582392776 0.06348795312500002 0.0891069413092551
1 0.7539605625 0.5061274266365688 0.009868593749999969 0.017108532731376986
