1 0.4826212264366234 0.2544894243792325 0.008082851940129624 0.012220377831057623
1 0.36513796875 0.2511834203122329 0.010855453125000025 0.013544255079006784
1 0.4962905847779784 0.24807372460496613 0.007565921874999996 0.012118544018058695
1 0.46250809375 0.2544894243792325 0.005592203125000002 0.012118544018058695
1 0.9088504975162427 0.4027633747178329 0.13717345312499998 0.14440417248396267
1 0.566128328125 0.28371650112866814 0.0569788798712807 0.05346416478555304
1 0.42336267187500004 0.4612175282167043 0.1565816875 0.07413697516930023
1 0.9690514008735212 0.48616747178329567 0.061897198252957725 0.05662552064487319
1 0.6217690792492996 0.33158113110457715 0.14206007700070036 0.1204725846501129
1 0.135857640625 0.27373652370203155 0.07138282812499999 0.04490989841986455
1 0.19210862499999998 0.2601922686230248 0.008223828125000015 0.014969966139954839
