1 0.03281307421875 0.24736086907449212 0.0656261484375 0.08411695259593681
1 0.71119665625 0.7013816873589166 0.37961190624999996 0.597236625282167
1 0.22818361665863793 0.21694576948359637 0.04254458808269102 0.03683079936516207
1 0.558233453125 0.33290353273137696 0.10954139062499996 0.19389670428893901
1 0.21946658018269616 0.19532241534988712 0.0614045953957923 0.04039517286672821
1 0.3184672865958918 0.3387845237985277 0.11472246865458091 0.1252843499009183
1 0.40943695961045007 0.256628000475902 0.039912971856207353 0.07484983069977423
1 0.3049395468749999 0.24165802483069979 0.057237843749999996 0.0997997742663657
1 0.35625623437500004 0.5139688374717833 0.16283179687499996 0.32933925507900674
1 0.997377125 0.18961957110609484 0.005245750000000034 0.008554266365688493
1 0.024013578124999997 0.2751622347629797 0.04736925 0.03778134311512414
1 0.452310546875 0.29939932279909703 0.07730398437500004 0.17179818284424375
1 0.1919441484375 0.7006688318284423 0.383888296875 0.598662336343115
1 0.024013578124999997 0.32862639954853273 0.0460534375 0.10265119638826188
1 0.1934244375 0.21314380361173815 0.032566359374999986 0.034929920993227996
1 0.95222830859375 0.4619303837471782 0.09554338281250002 0.29227076749435654
1 0.8510957082256148 0.22841928159266436 0.1164963974051035 0.17179818284424378
1 0.19802978124999998 0.2780136568848759 0.09144896875 0.08981979683972913
1 0.6879819550204467 0.2219017458960222 0.0852458524100129 0.0853389918121335
1 0.47402141035895545 0.26874655637544853 0.042763906250000025 0.10265119638826185
1 0.537180453125 0.24165802483069979 0.04802715625000005 0.08696837471783295
1 0.36382145880730266 0.3045321319975694 0.06980395076697767 0.10578810834164239
1 0.08278638366056486 0.2031638261851016 0.035197984375 0.03920705417607223
1 0.12937723665799164 0.19503726344190236 0.05434304730158912 0.038066470783621124
1 0.1828979375 0.1881938600451467 0.020724046874999996 0.02423708803611739
1 0.7483683509154077 0.21742094086842667 0.0691271511649223 0.05998170455603938
1 0.6503403281250001 0.32720068848758466 0.07796189062500006 0.1254625733634312
1 0.12171265624999998 0.3820905643340858 0.24342531249999996 0.25021229119638827
1 0.23997134992239966 0.19746096411840602 0.022697765624999987 0.043484187358916494
1 0.14276565624999998 0.2316780474040632 0.07927770312499999 0.05916700902934536
1 0.25404531731322166 0.2533693249684406 0.04370371995252409 0.07199856745780503
1 0.12730485937500002 0.2274009142212189 0.05789575000000002 0.06772127539503385
1 0.2658598798307479 0.17878424461056897 0.024408330823563064 0.026375703107339242
1 0.043684978158145794 0.19674812355923624 0.05394831249999999 0.040632765237020314
1 0.4938242314928829 0.24465214980545943 0.017039812405429563 0.05118311491921527
2 0.8838970468749999 0.562443013544018 0.06809329687499996 0.33005211060948086
1 0.2282277586612618 0.2666079427317716 0.053093021347075275 0.08261989566797012
1 0.013651554687500001 0.2088666704288939 0.027303109375000002 0.040632765237020314
1 0.022697765624999998 0.21456951467268623 0.04407971875 0.021385665914221218
