1 0.353624609375 0.2908450564334086 0.04671134375000001 0.08696837471783292
1 0.4729333907956503 0.2629888629592688 0.12512873471630068 0.06333448664088523
2 0.021381953125000002 0.32007213318284417 0.008223828124999999 0.039919909706546255
2 0.44342881249999994 0.32292355530474043 0.006579062499999999 0.015682821670428865
2 0.366782734375 0.31793356659142213 0.00953964062499999 0.03492992099322797
1 0.9036342935847863 0.33860637697516927 0.04638237088840462 0.05488987584650113
1 0.829948827943161 0.38066490396469227 0.11217301562500002 0.1356802030945954
1 0.8452365168559005 0.8628435184738475 0.3095269662881988 0.2743129630523048
2 0.271057375 0.32720068848758466 0.017763468749999973 0.0384941986455982
1 0.95199034375 0.31722071106094807 0.016776609375000008 0.03492992099322797
2 0.4029676175981907 0.3157949572299513 0.008552781249999994 0.027088552928062247
1 0.551654390625 0.2879936343115124 0.11085720312500005 0.08269124153498869
2 0.3917831916115953 0.315082144469526 0.010526499999999987 0.02780136568848756
