1 0.8450805781249999 0.2487865801354402 0.013816031249999956 0.019484634666894388
1 0.7039596874999999 0.24094516930022572 0.011842312499999962 0.017108532731376986
1 0.60198421875 0.24237088036117382 0.022697765624999987 0.027042763168356493
1 0.7852111093749999 0.24094516930022572 0.01546079687499997 0.01853424379232504
1 0.96842925 0.2773008013544018 0.06314150000000004 0.07342411963882617
1 0.6787664201657528 0.24094516930022572 0.030002796020376366 0.027088510158013532
2 0.74409196875 0.2437965914221219 0.008223828124999954 0.02494994356659142
1 0.9925463358097797 0.2323909029345372 0.014907328380440532 0.012683906077554373
1 0.6954069062500001 0.24094516930022572 0.016708547729623647 0.019959954853273128
1 0.8710678749999999 0.26589511286681716 0.03718167188079858 0.043484187358916494
1 0.7490262656250001 0.2487865801354402 0.023261726891627296 0.022811376975169304
1 0.9240293281249999 0.25734084650112865 0.024013578125000025 0.02423708803611739
1 0.7690824374942014 0.2366680361173815 0.021371984369201395 0.012788194105793795
1 0.6492829763862661 0.23651527614179574 0.02262727326126613 0.03350420993227991
1 0.634221625 0.24094516930022572 0.022697765624999987 0.02423708803611739
1 0.729289078125 0.23524232505643342 0.012520156261597274 0.009979977426636581
1 0.69409109375 0.22953948081264108 0.020724046874999996 0.0156828216704289
1 0.8717257812500001 0.2559151354401806 0.0618431875 0.04490989841986455
1 0.727315359375 0.25021229119638827 0.02532939062499994 0.019959954853273128
1 0.7151440937499999 0.2437965914221219 0.021381953124999954 0.022811376975169304
1 0.7697503124999999 0.2587665575620767 0.04111914062500001 0.03633402933280659
1 0.9467790362475892 0.2744493792325056 0.07927770312499997 0.06778881236706857
2 0.8825812343749999 0.24522230248306995 0.008881734375000032 0.02067281038374719
1 0.92830571875 0.24151544631118918 0.020197728716964982 0.01596797870945013
1 0.8131721249999999 0.2644694018058691 0.022697765624999987 0.042058476297968404
1 0.75987296875 0.779498774553465 0.4802540625 0.4410024508930703
