1 0.47698203125 0.24949943566591426 0.06250109375000003 0.1261754288939052
1 0.5723784375 0.4476732731376975 0.23487253125000004 0.21599522573363428
1 0.31908453124999997 0.2901322009029345 0.06710643750000003 0.10265119638826188
1 0.40362548437499995 0.24807372460496613 0.020724046874999996 0.0891069413092551
1 0.16677923437499997 0.46692037246049667 0.33355846874999995 0.5203845372460497
1 0.33224265625 0.24522230248306995 0.011513359374999983 0.06415699774266365
1 0.03125301431953084 0.21029794243029246 0.06250602863906168 0.06987053610270703
1 0.20592465625 0.3571406207674943 0.30066315624999995 0.21385665914221216
1 0.555272875 0.22169806997742664 0.06579062500000005 0.04776132054176072
1 0.5174432656249999 0.3464477878103838 0.14210774999999998 0.2081538148984199
