1 0.18750328125000001 0.4106047855530474 0.066119578125 0.10478976297968397
1 0.22928032812500002 0.39420910835214446 0.04572448437500001 0.0819783860045147
1 0.448363109375 0.3243492663656884 0.013158124999999998 0.021385665914221218
1 0.358229953125 0.3157950000000001 0.017763468750000004 0.012831399548532756
1 0.37566446875 0.33005211060948075 0.008552781249999994 0.015682821670428865
1 0.31184756249999995 0.36141775395033854 0.036513796875000004 0.05275130925507901
1 0.40527025 0.32720068848758466 0.013816031250000017 0.02423708803611739
1 0.373361796875 0.5496116139954853 0.172700390625 0.334329243792325
1 0.41184931250000006 0.3243492663656884 0.009868593750000028 0.025662799097065446
1 0.39605956249999996 0.3257749774266365 0.009868593750000028 0.025662799097065446
1 0.38487515624999996 0.3286263995485326 0.017763468750000004 0.015682821670428865
1 0.33257160937499997 0.35143777652370206 0.015131843749999992 0.04562275395033861
1 0.41316512499999997 0.4319904514672686 0.10855453125000002 0.20102525959367948
1 0.41316512499999997 0.3257749774266365 0.007236968750000017 0.022811376975169273
1 0.42040209375 0.31722071106094807 0.005263250000000023 0.009979977426636581
1 0.354282515625 0.35428919864559816 0.03782960937499998 0.07199840857787812
