1 0.5986126525584922 0.3316561313456437 0.00748371011632507 0.014257110609480811
1 0.33224265625 0.3243492663656885 0.03750065625 0.022811376975169273
1 0.5702814260904477 0.33121053426143693 0.00867614792363535 0.01354425507900675
1 0.36702944921874997 0.7309651918735892 0.7340588984374999 0.5380696162528217
1 0.38915154687500003 0.32292355530474043 0.04111914062500001 0.01853424379232504
1 0.7004507869142519 0.34217065462753954 0.0035088753660925676 0.006415699774266346
1 0.585207609375 0.3307649661399548 0.00953964062499999 0.009979977426636581
1 0.032072929687499994 0.5881058126410835 0.06414585937499999 0.06629556433408576
1 0.09506745312499999 0.3207849887133183 0.059540515625 0.03492992099322797
1 0.69277528125 0.33931923250564333 0.014144984375000055 0.020672810383747155
1 0.029934734374999997 0.6159071783295711 0.059540515625 0.05203845372460502
1 0.154936921875 0.5047017155756207 0.08388304687500002 0.06486985327313771
1 0.8302776875 0.5938086568848758 0.337176953125 0.11975972911963877
1 0.17829259375 0.5374930699774266 0.06513271875 0.05203845372460495
1 0.675340765625 0.33718066591422124 0.011842312499999962 0.01853424379232504
1 0.6509982343749999 0.33718066591422124 0.00953964062499999 0.022811376975169273
1 0.8213872031250001 0.8133000056433408 0.35722559374999996 0.3733999887133183
1 0.1381172739333003 0.32345817311604214 0.036966321913614014 0.022811376975169273
1 0.6654721718750001 0.33931923250564333 0.010526500000000046 0.017821388261851045
1 0.6332347656249999 0.33432924379232504 0.030592640624999962 0.017821388261851045
