4 0.11710731249999998 0.24807372460496613 0.012500218749999995 0.050612742663656896
1 0.66645903125 0.22597520316027087 0.06315900000000003 0.041345620767494345
1 0.645077078125 0.24807372460496613 0.01578974999999995 0.017821388261851014
1 0.47369249999999996 0.26589511286681716 0.05756679687499998 0.07413697516930023
1 0.6431033593750001 0.26161797968397293 0.011513359374999983 0.02993993227990971
1 0.69672271875 0.27088510158013546 0.05822470312499999 0.056315586907449186
1 0.41119140625 0.22597520316027092 0.008223828125000015 0.013544255079006784
1 0.34375601562499997 0.23452946952595938 0.01644765625000003 0.02993993227990971
1 0.7750135625 0.2780136568848759 0.10987034374999993 0.07271126410835217
1 0.6815908749999998 0.2601922686230248 0.06644853124999996 0.06700841986455983
1 0.64935346875 0.2708851015801354 0.017763468749999945 0.03706848758465008
1 0.4549421718749999 0.3243492663656885 0.0947385 0.1161954514672686
4 0.099672796875 0.24807372460496613 0.024013578124999994 0.05346416478555304
