1 0.03782960937500001 0.3001121783295711 0.06348795312500001 0.0862555191873589
1 0.41020454687499996 0.8546456264108352 0.81777746875 0.29070874717832956
1 0.0723696875 0.23738089164785553 0.017434515624999994 0.026375654627539505
1 0.13355496875 0.40704050790067714 0.26382040625 0.29298362302483066
1 0.1328970625 0.3350420993227991 0.12697590624999996 0.09338407449209933
1 0.118752078125 0.33789352144469526 0.07236968749999999 0.07627554176072235
1 0.506916765625 0.4754746388261851 0.12138370312499998 0.226688058690745
1 0.011677835937499999 0.23738089164785553 0.023355671874999998 0.057028442437923245
1 0.081580375 0.2908450564334086 0.006908015624999994 0.03492992099322797
1 0.7921191249999999 0.4597918171557562 0.16743714062499998 0.20957952595936793
1 0.011677835937499999 0.3207849887133183 0.023355671874999998 0.1126311738148984
1 0.6592220624999999 0.4754746388261851 0.15329215625000003 0.209579525959368
