1 0.6134975781249999 0.2259752031602709 0.030263687499999983 0.007128555304740406
1 0.36250634374999996 0.27801365688487584 0.038487515624999996 0.053464164785553075
1 0.614155484375 0.2644694018058691 0.010855453125000025 0.03706848758465012
1 0.37829609375 0.22882662528216705 0.017105562499999987 0.017821388261851014
1 0.01192455078125 0.2687465349887133 0.0238491015625 0.04134562076749438
1 0.14024607022868107 0.27801365688487584 0.07675568969663336 0.054889875846501096
1 0.3891515468749999 0.2780136568848759 0.008881734374999973 0.02067281038374719
1 0.6013263124999999 0.2316780474040632 0.007565921874999996 0.007128555304740406
1 0.610865953125 0.2152823702031603 0.021381953124999954 0.007128555304740406
1 0.21612220312499997 0.2644694018058691 0.05690889062499999 0.03991990970654629
1 0.47895574999999996 0.2559151354401806 0.010197546875000008 0.02067281038374719
1 0.24901751562499996 0.2559151354401805 0.010855453124999996 0.017821388261851014
1 0.17615430837960255 0.27730079600757096 0.03281308347127373 0.05346416478555304
1 0.043092859375 0.2544894243792325 0.058224703125000006 0.05488987584650113
1 0.611523859375 0.2530637133182844 0.02532939062499994 0.04348418735891646
1 0.10625185937500001 0.24807372460496613 0.03486903125 0.03706848758465012
1 0.3891515468749999 0.27231081264108353 0.012500218749999981 0.027088510158013532
1 0.4105335 0.2316780474040632 0.020066140624999975 0.007128555304740406
1 0.404283390625 0.24807372460496613 0.03914542187500002 0.027088510158013532
1 0.3644800625 0.2644694018058691 0.03914542187500002 0.04490989841986455
1 0.43323126562500003 0.26732082392776524 0.06315899999999998 0.06415699774266367
1 0.242438453125 0.2316780474040632 0.021381953125000012 0.027088510158013532
1 0.9627548085937501 0.30795358916478555 0.07449038281250005 0.10550261851015802
1 0.468100296875 0.24094516930022572 0.04111914062500001 0.04918703160270881
1 0.097370125 0.2601922686230248 0.03157949999999999 0.022098521444695277
1 0.470074015625 0.2751622347629797 0.017105562499999987 0.04918703160270881
1 0.08190706973258276 0.24902413766076043 0.040680564600294906 0.04443469189196739
1 0.39540165625 0.2601922686230248 0.025329390625 0.03421706546275394
1 0.6368532499999999 0.2601922686230248 0.04111914062500001 0.04633560948081263
1 0.4871795781249999 0.23951945823927762 0.008881734374999973 0.017821388261851014
1 0.46382390625 0.24807372460496613 0.025329390625 0.0192470993227991
1 0.6381690624999999 0.2544894243792325 0.04605343750000005 0.04490989841986455
