1 0.28191282812499996 0.8763877200902934 0.56316775 0.24722455981941313
1 0.3356966640625 0.7028073984198646 0.671393328125 0.5943852031602708
1 0.6649231040630615 0.3528634875846501 0.017105562499999987 0.028752110644021875
1 0.8799496093750001 0.35001206546275393 0.04671134375000001 0.04562275395033861
1 0.86456230078125 0.48189033860045144 0.2708753984375001 0.281577934537246
1 0.40704661963851063 0.37800355884570397 0.04662360774099283 0.04134562076749438
1 0.029130638045721854 0.4098919300225734 0.05826127609144371 0.04134562076749438
2 0.197700828125 0.35072492099322805 0.01250021875000001 0.0313656433408578
1 0.42698115624999994 0.3649820316027088 0.02916710738385948 0.03279169424574154
1 0.381585625 0.38494198645598193 0.07269864062500003 0.050612742663656896
1 0.90330528125 0.33931923250564333 0.02532939062500006 0.022811376975169273
1 0.30461059374999994 0.37923914221218963 0.03125054687499998 0.0384941986455982
1 0.6388269687499999 0.34716064334085767 0.00921068750000001 0.01354425507900675
1 0.424020578125 0.37306111382071133 0.027193507130364718 0.02720718723151768
1 0.37171703125 0.3571407669072624 0.016118703124999988 0.01069283295711064
1 0.12664695312500002 0.34359636568848756 0.252964953125 0.17750102708803614
