1 0.463166 0.3193592776523702 0.022697765624999987 0.050612742663656896
1 0.441126140625 0.28157793453724606 0.007894874999999975 0.012831399548532723
1 0.429941734375 0.2830036455981942 0.01546079687499997 0.014257110609480842
1 0.733894421875 0.2901322009029345 0.04802715625000005 0.022811376975169273
1 0.435862890625 0.33361638826185097 0.05263249999999999 0.09338407449209933
1 0.554943921875 0.28870648984198644 0.007236968750000017 0.017108532731376955
1 0.5217196562499999 0.29155791196388264 0.029276828125000046 0.02138566591422125
1 0.38849364062499997 0.29583504514672687 0.016776609375000008 0.02138566591422125
1 0.724025828125 0.30438931151241533 0.043092859375 0.040632765237020314
1 0.418428375 0.28870648984198644 0.013816031250000017 0.011405688487584668
1 0.9764886015625 0.3578534762979684 0.04702279687500012 0.10550261851015802
1 0.4092176875 0.2972607562076749 0.018750328125 0.028514221218961622
