1 0.610865953125 0.5253745259593678 0.03454007812499995 0.056315586907449186
1 0.113159875 0.6337285665914222 0.06250109375 0.02423708803611739
1 0.728960125 0.5938086568848758 0.03388217187499999 0.06629556433408576
1 0.49178492187500006 0.72847019751693 0.7937638906250001 0.5430596049661399
1 0.67895925 0.33718066591422124 0.00296057812500005 0.017821388261851045
1 0.7154730468749999 0.32292355530474043 0.006579062500000058 0.006415699774266346
1 0.04671134374999999 0.5367802144469526 0.07861979687499998 0.07128555304740405
1 0.64540603125 0.33931923250564333 0.011184406250000004 0.01354425507900675
1 0.5895661848269017 0.3316559910000223 0.021217451891262347 0.014257110609480811
1 0.9009116210937499 0.8269124153498871 0.19817675781250005 0.3443092212189617
1 0.705604453125 0.33432924379232504 0.04572448437499996 0.03492992099322797
1 0.671393328125 0.33718066591422124 0.016118703125000047 0.020672810383747155
