1 0.893765640625 0.3621306094808126 0.1276338125 0.12189829571106095
1 0.258228203125 0.24522230248306995 0.022697765624999987 0.021385665914221218
1 0.05204043491372282 0.25734088072599737 0.04085598918034562 0.021385665914221218
1 0.24243845312500004 0.3457349322799097 0.22960928125000002 0.1696596162528217
1 0.7233676469561956 0.3028209671790239 0.05789575000000002 0.06059272009029348
1 0.9622700209515032 0.2571620644722763 0.009292817826502996 0.016039182594932526
1 0.24539903124999998 0.3471606433408577 0.227964515625 0.16965961625282164
1 0.384546203125 0.3386063769751692 0.11250196875 0.11334402934537242
1 0.01274693359375 0.2366680361173815 0.0254938671875 0.016395677200902927
1 0.8730415937500001 0.27658794582392776 0.03486903125000005 0.021385665914221218
2 0.40987559375 0.5325030812641084 0.07335654687499998 0.3956348194130926
1 0.8522841985306224 0.27715808480541676 0.022697765624999987 0.019959954853273128
1 0.365466921875 0.2601922686230248 0.027961015625000012 0.014969966139954839
1 0.03708800034739671 0.24940989595736743 0.060403844501283256 0.022231907770742014
1 0.9750170625 0.30795358916478555 0.049342968749999966 0.041345620767494345
2 0.694749 0.3314778216704289 0.008881734375000032 0.04633560948081267
1 0.21579325 0.403476230248307 0.2644783125 0.27658794582392776
1 0.4720477343749999 0.2680336794582393 0.016118703124999988 0.02993993227990971
1 0.98282094921875 0.2879936343115124 0.03435810156250009 0.029939932279909678
2 0.7220521093750001 0.316507855530474 0.008881734375000032 0.0862555191873589
1 0.5035800537366298 0.25662799097065464 0.027350202590464077 0.026273980508203527
2 0.32401882812500005 0.5175331151241535 0.07204073437500001 0.4384061512415349
1 0.11173304260267662 0.45741523273528334 0.2223695089783185 0.37567486455981935
1 0.46316417906235935 0.29115090000360894 0.040414616820465515 0.05438169549615393
1 0.97962240625 0.3243492663656884 0.037171703125000025 0.021385665914221218
1 0.20066140625 0.2616179796839729 0.029605781249999998 0.014969966139954839
1 0.06677748437500002 0.2944093340857788 0.07993560937500002 0.06415699774266367
1 0.811527359375 0.27302366817155754 0.029605781250000025 0.03635563205417605
1 0.02442476953125 0.2694593905191873 0.0488495390625 0.021385665914221218
1 0.48257423437499997 0.28300364559819413 0.036513796875000004 0.04134562076749438
1 0.7001533640700529 0.3075463688680381 0.04191811018205994 0.05753757781444059
2 0.28882084375 0.2601922686230248 0.008881734374999973 0.02494994356659142
1 0.45198159375 0.27801365688487584 0.04638239062499997 0.029939932279909678
1 0.38270394632738997 0.2504973859247547 0.018947588006325292 0.015540261116294798
1 0.7483117277350877 0.3012026569420247 0.052303546875000016 0.05275130925507901
1 0.27204423437499997 0.36498203160270876 0.17171353125000002 0.18249101580135438
2 0.73093384375 0.33290353273137685 0.01644765625000003 0.08055267494356658
1 0.849685921875 0.28157793453724606 0.022697765624999987 0.016395677200902927
1 0.10084625173563981 0.2627378355311478 0.05667359055178648 0.017108312740014252
1 0.16869385823237668 0.2607107516958601 0.042494729015596366 0.020478437926108404
2 0.7482849952799596 0.33040833785251755 0.015131843749999992 0.08411681891446997
1 0.4019791641433361 0.3100923161799847 0.11891629558638932 0.10942420625853873
1 0.292439328125 0.24664801354401802 0.031908453125 0.02494994356659142
1 0.748368359375 0.3193592776523702 0.04868506250000001 0.06772127539503385
1 0.17697678124999996 0.24807372460496613 0.029605781249999998 0.016395677200902927
1 0.9444244218750001 0.2780136568848759 0.020395093750000017 0.034929920993227996
1 0.75067103125 0.26304369074492095 0.04177704687499997 0.03635563205417605
1 0.32418252738416803 0.2523498952451484 0.013816031250000017 0.008554266365688493
1 0.312176515625 0.26803367945823925 0.03947437499999999 0.016395677200902927
2 0.7460645770666687 0.32577465657908256 0.01644765625000003 0.08982027811106007
1 0.23700987523027928 0.2623306747906699 0.056250984375 0.018890110074342593
1 0.7993560937499999 0.3307649661399548 0.095725359375 0.07912696388261851
1 0.33750590625 0.24664801354401805 0.020395093750000017 0.016395677200902927
1 0.5394831249999998 0.2366680361173815 0.009868593749999969 0.02494994356659142
1 0.9444244218750001 0.30296360045146725 0.016118703125000047 0.016395677200902927
1 0.4418668732717028 0.3045676947303961 0.07878428166289092 0.09908691873589168
1 0.80330353125 0.3386063769751692 0.07894874999999998 0.07057269751692999
1 0.4969187732299993 0.26260954127762476 0.031264452056464206 0.034929920993227996
1 0.384546203125 0.3143692889390519 0.12401532812499999 0.09908691873589168
1 0.4782513468276154 0.23025247841396884 0.046805386551239475 0.009878032677823126
1 0.972056484375 0.2601922686230248 0.020395093750000017 0.016395677200902927
1 0.6749524434971209 0.29324292064375007 0.024462142628430193 0.03518912398034547
1 0.972056484375 0.403476230248307 0.054606218749999984 0.14827395033860047
1 0.88225228125 0.3386063769751694 0.17401620312500002 0.11833401805869079
1 0.199016640625 0.2338166139954853 0.06776434374999998 0.041345620767494345
1 0.37829609375 0.24165802483069973 0.020395093750000017 0.014969966139954839
1 0.762184390625 0.27302366817155754 0.016776609375000008 0.016395677200902927
1 0.34276915625 0.3386063769751694 0.11776521875000003 0.1468482392776524
1 0.3039526875 0.2601922686230248 0.031908453125 0.021385665914221218
1 0.38201090943057175 0.25004447433717814 0.022523543298833163 0.020421329175711395
