1 0.11940998437500001 0.44482185101580135 0.115462546875 0.06130557562076747
1 0.7733687968749999 0.3179335665914221 0.10033070312499995 0.039919909706546255
1 0.900344703125 0.31080501128668175 0.05361935937500005 0.04633560948081267
1 0.7269864062499999 0.35714062076749425 0.01907928124999998 0.05203845372460495
1 0.9388322187499999 0.32292355530474043 0.03651379687499994 0.053464164785553075
1 0.01866808984375 0.4327033069977427 0.0373361796875 0.04134562076749438
1 0.41513884375 0.42842617381489845 0.09605431249999997 0.053464164785553075
1 0.728960125 0.3421706546275396 0.04671134375000001 0.06558270880361176
1 0.57172053125 0.438406151241535 0.10625185937499998 0.06130557562076747
1 0.7286281141563273 0.3133001330704084 0.05773003858957442 0.05791791901267266
1 0.9582404531250001 0.31793356659142213 0.01907928124999998 0.05916700902934536
1 0.261517734375 0.43127759593679454 0.137831359375 0.05916700902934536
1 0.7776451874999999 0.29298362302483066 0.030263687499999983 0.027088510158013532
1 0.9381743124999999 0.3122307223476297 0.07006701562499996 0.0727112641083521
1 0.8756732187499999 0.3001121783295711 0.054935171874999966 0.050612742663656896
1 0.9808472304687501 0.3193592776523702 0.03830553906249996 0.06985984198645596
