1 0.56777309375 0.26304369074492095 0.020724046874999996 0.041345620767494345
1 0.5286276718749999 0.2708851015801354 0.008881734374999973 0.017821388261851014
1 0.529943484375 0.2601922686230248 0.010197546874999948 0.012118544018058695
1 0.31974243750000003 0.3122307223476297 0.01842137500000002 0.01354425507900675
1 0.512837921875 0.4134562076749436 0.12269951562499995 0.18748100451467273
1 0.7062623593749999 0.2851422121896163 0.024671484374999983 0.04490989841986458
1 0.338492765625 0.2901322009029345 0.026645203124999975 0.041345620767494345
1 0.450336828125 0.27373652370203155 0.032237406249999975 0.031365643340857764
1 0.55461496875 0.2587665575620768 0.010197546874999948 0.013544255079006784
1 0.22928032812500004 0.32292355530474043 0.08454095312500003 0.04776132054176072
1 0.5608650781249999 0.2708851015801354 0.024671484374999983 0.03706848758465008
1 0.14704204687499997 0.332903532731377 0.084540953125 0.027088510158013567
1 0.38421724999999995 0.28870648984198644 0.024013578125000025 0.0384941986455982
