2 0.7970315003656783 0.19584517068619725 0.006908015625000038 0.0192470993227991
1 0.36250634374999996 0.1710853273137698 0.017105562499999987 0.027801365688487595
2 0.8003429531249999 0.19888669300225734 0.006908015625000038 0.03564277652370203
1 0.3131222513619268 0.1796841520231944 0.01842137500000002 0.03234581774602698
1 0.1830953600358077 0.19275607555792074 0.033224265625000006 0.04419704288939052
1 0.3019490580481961 0.178278700392171 0.020395093750000017 0.041086411886093285
1 0.21111314404700085 0.18547204804915743 0.033224265625000006 0.04419704288939052
1 0.6752749618416118 0.1906175902348521 0.030263687499999983 0.03706848758465012
1 0.06616253962086374 0.20303983311823962 0.06664876078867364 0.06514880280558306
1 0.23813211787040586 0.18015805203367685 0.033224265625000006 0.04419704288939052
1 0.32654080090558985 0.17536246049661397 0.01868941218823347 0.03706848758465012
1 0.38224353124999993 0.16752104966139955 0.008552781249999994 0.019959954853273128
1 0.34647974315777536 0.16894676072234763 0.017105562499999987 0.03706848758465012
1 0.6381690624999999 0.18320387133182842 0.012829171875000019 0.01853424379232504
1 0.28594998005926353 0.17704739180937584 0.022697765624999987 0.04419704288939052
1 0.9519433812831042 0.22936975673227766 0.09091634555814672 0.053803612946280006
1 0.1169976632859847 0.19722336026267204 0.054277265624999994 0.05488987584650113
1 0.0389141354018603 0.16534907652963873 0.025329390625 0.02922707674943568
1 0.3838882968749999 0.16752104966139955 0.008552781249999994 0.01853424379232504
1 0.8148081406250001 0.6835602990970654 0.37038371875 0.6328794018058691
1 0.268919184495306 0.1782138826185102 0.02828996874999999 0.04419704288939052
1 0.3482452575435719 0.17737522826391536 0.013487078124999977 0.027801365688487595
1 0.015460796874999998 0.2031638261851016 0.0302636875 0.08411695259593678
1 0.374677609375 0.16752104966139955 0.013487078124999977 0.022811376975169304
1 0.1512245324612038 0.1878882444748231 0.046993325322987695 0.05774121547941469
1 0.33452597917049026 0.17012088037567397 0.017569963531151877 0.03706848758465012
1 0.024671550167269806 0.16324377390388484 0.027138690380736078 0.01853424379232504
