1 0.19638501562500005 0.193183848758465 0.01907928125000001 0.02067281038374719
1 0.9615299843749999 0.2245494920993228 0.057566796875000034 0.08197838600451467
1 0.950542664088811 0.21727847147074766 0.06250084967947285 0.08283378241758066
1 0.531917203125 0.2231237810383747 0.17006876562500003 0.10977975169300226
1 0.03528022265624999 0.1860552934537246 0.07056044531249998 0.15896678329571104
1 0.6424454531249999 0.193183848758465 0.05888260937499996 0.03421706546275394
1 0.7236968503281456 0.22383664726184208 0.11809415213751642 0.10977975169300226
1 0.48717957812499996 0.175362460496614 0.11381778125000004 0.18890671557562078
1 0.1618449375 0.21884664785553049 0.12434428125000001 0.10265119638826185
1 0.6664590312499998 0.19460955981941305 0.024671484374999983 0.022098521444695245
1 0.22105647039377463 0.16253102886910123 0.033553218750000016 0.08554267434987824
1 0.118752078125 0.2259752031602709 0.10559395312500001 0.08340409706546274
1 0.0092106875 0.24664801354401805 0.018421375 0.0384941986455982
1 0.2634908906489048 0.23690576154945375 0.17522240405534 0.07271139241464925
1 0.9813406601562501 0.22882662528216705 0.03731867968750002 0.0862555191873589
1 0.66777484375 0.19603527088036118 0.020066140625000038 0.014969966139954839
