1 0.6687617031249999 0.36141775395033854 0.016118703125000047 0.022811376975169273
1 0.46645553124999994 0.4063276523702032 0.07993560937499998 0.056315586907449186
1 0.2226187654370863 0.40169330556569727 0.11694263447083562 0.057027918533640226
1 0.506258859375 0.472623216704289 0.14704204687499994 0.1454225282167043
1 0.097041171875 0.3717540188049194 0.03453987665002547 0.0199600172254033
1 0.8070864825933856 0.3640315603341911 0.022149501462159903 0.03659324779221979
1 0.6954069062499999 0.3749620090293454 0.017434515624999966 0.03492992099322797
1 0.29408409374999994 0.4020505191873589 0.04671134375000001 0.06914698645598194
2 0.17533019616280798 0.3664074693966446 0.009868503677614271 0.01924725547537753
4 0.5407989375 0.5339287923250565 0.14342356249999993 0.31223072234762983
1 0.23891392547023863 0.4163483514453404 0.08914629687499996 0.030815674404386605
1 0.42582975041345594 0.38494198645598193 0.04967193009841697 0.04490989841986455
1 0.6440902187499999 0.41773334085778774 0.16973981249999995 0.1211854401805869
1 0.994293656019409 0.4106047855530474 0.006579062500000058 0.04890197550243392
1 0.418428375 0.40490194130925505 0.055922031250000025 0.056315586907449186
1 0.21827679807201425 0.36469686490459885 0.05904705768942016 0.03033202118611062
1 0.36985285680967195 0.40775301649193585 0.13870835424434394 0.07104816583005624
1 0.086514671875 0.39349625282167033 0.089146296875 0.056315586907449186
1 0.800781450559672 0.39159542038681144 0.033224265625000034 0.06772127539503388
1 0.48808395959605944 0.37923902993702246 0.06200752158414342 0.04205847629796837
1 0.560865078125 0.40490194130925505 0.05657993749999998 0.08482980812641087
