1 0.43684975000000004 0.2366680361173815 0.04901401562499998 0.05987986455981942
1 0.63751115625 0.24165802483069973 0.05690889062499996 0.06558270880361174
1 0.222701265625 0.2266880586907449 0.059211562499999995 0.0769883972911964
1 0.28191282812499996 0.20245097065462753 0.038158562499999986 0.030652787810383737
1 0.56514146875 0.24450944695259594 0.05361935937500005 0.057028442437923245
1 0.5065878125 0.2366680361173815 0.04079018750000003 0.05845415349887133
1 0.22566184375 0.3079535891647856 0.126318 0.1468482392776524
1 0.311518609375 0.29939932279909703 0.21414848437499998 0.17179818284424375
1 0.23750415625 0.2530637133182844 0.13816031249999997 0.08269124153498872
1 0.10419590234375 0.5260873814898419 0.2083918046875 0.41702048532731373
1 0.36513796875000004 0.2053023927765237 0.05296145312500003 0.042058476297968404
