1 0.24552086574074072 0.3687311236518686 0.04975720601851853 0.05488987584650113
1 0.21195546709227014 0.3649820316027088 0.043531453777507126 0.04776130900029573
1 0.6605378749999999 0.3621306094808126 0.013158124999999998 0.021385665914221218
1 0.9069237656249999 0.3842291309255079 0.05131668749999996 0.05488987584650113
1 0.27138632812499996 0.36355632054176074 0.029934734375000004 0.03492992099322797
1 0.623366171875 0.3550021005111605 0.0059211348682874625 0.017108532731376986
1 0.7253416406250001 0.36640774266365683 0.025987296875000017 0.03492992099322797
1 0.6552746250000001 0.3578534762979684 0.020066140625000038 0.028514221218961622
2 0.770079265625 0.3956348194130925 0.01578974999999995 0.09053265237020315
1 0.7684344999999999 0.369259164785553 0.026645203124999975 0.05203845372460495
1 0.502311421875 0.37852628668171556 0.04111914062500001 0.029939932279909678
1 0.83093559375 0.3405412208041357 0.02570534853321244 0.04205838922890771
1 0.6297602079598803 0.3550466202819212 0.009005095683952172 0.026063759274299766
1 0.6444889637539288 0.34800306364411426 0.007037596248035645 0.01965747086333366
2 0.9444244218750001 0.3656948871331829 0.004934296875000044 0.03706848758465008
1 0.368098546875 0.3136564334085779 0.12792166067040758 0.16110534988713315
1 0.8250144375 0.37068487584650106 0.021381953124999954 0.03778134311512414
2 0.93620059375 0.3735362979683973 0.006908015625000038 0.037068487584650145
1 0.20205313139890843 0.3682721344728579 0.05855365625 0.053902845533806
1 0.38651992187499995 0.873693559537246 0.7709016484374999 0.24584605107223476
1 0.7450788281249999 0.34644778781038377 0.007894874999999975 0.009979977426636581
1 0.793763890625 0.3749620090293454 0.02532939062500006 0.03492992099322797
2 0.11052824999999998 0.352150632054176 0.002631624999999997 0.06985984198645599
1 0.8710080658846284 0.34567012782081635 0.023654720442314196 0.025273965862058757
1 0.71514409375 0.352150632054176 0.007894874999999975 0.017108532731376986
1 0.7539605625 0.3621306094808126 0.017434515624999966 0.03778134311512414
1 0.7209009749626016 0.3492992099322799 0.01200739363780509 0.0071283057541468384
