2 0.652643 0.1739367494356659 0.011842312499999962 0.034929920993227996
1 0.8481730159164588 0.2067281038374718 0.06052737499999997 0.04918703160270881
1 0.7675132362727144 0.29583504514672687 0.11434408572607518 0.12988207750935643
1 0.7336240284826886 0.237506620719049 0.053638924369649864 0.07967227834992917
1 0.92426729296875 0.2872807787810384 0.15146541406250005 0.17251103837471785
2 0.6986964375 0.2159952257336343 0.02203985937500003 0.10265119638826185
1 0.654945671875 0.2437965914221219 0.07138282812499999 0.10977975169300226
1 0.37292323876177075 0.22692587680045148 0.06710643749999996 0.12094792147020315
1 0.8476460943791657 0.3438815523769024 0.048948266047849624 0.039919909706546255
1 0.88808244921875 0.29583504514672687 0.22383510156249997 0.14114539503386003
1 0.90330528125 0.212431005095453 0.04835604360081855 0.04704849351838113
1 0.9813406601562501 0.23809374717832954 0.03731867968750002 0.06843413092550792
1 0.16743714062499998 0.29583504514672687 0.20033245312499998 0.17678817155756207
1 0.48257423437499997 0.26304369074492095 0.13454182812500004 0.12332400677200901
