1 0.43207972986146526 0.3485863650939438 0.0597049601166549 0.04312773286333457
1 0.959556265625 0.3984862415349887 0.06809329687499996 0.09979977426636567
1 0.002631625 0.4327033069977427 0.004934296875 0.04134562076749438
1 0.16348970312499997 0.37353629796839727 0.04802715624999999 0.05488987584650113
1 0.48717957812499996 0.38636769751693 0.02828996874999999 0.06843413092550787
1 0.6210635 0.3699720203160271 0.052303546875000016 0.06130557562076747
1 0.7852111093749999 0.3671205981941309 0.052961453124999974 0.04918703160270878
1 0.33849276562499997 0.3478734988713318 0.02203985937499997 0.03421706546275397
1 0.674682859375 0.3713977313769752 0.05065878125 0.057741297968397304
1 0.353624609375 0.3478734988713318 0.025987296875000017 0.028514221218961622
1 0.945740234375 0.36426917607223475 0.052303546875000016 0.04776132054176072
1 0.107896625 0.36426917607223475 0.036513796875000004 0.0627312866817156
1 0.2092141875 0.36426917607223475 0.033553218750000016 0.05488987584650113
1 0.9929362578125 0.3628434650112866 0.014127484375000065 0.023524232505643332
2 0.36250634374999996 0.33718066591422124 0.006908015624999978 0.02494994356659145
1 0.899028890625 0.36712059819413084 0.04046123437500005 0.03564277652370203
