1 0.33355846874999995 0.28924112714588135 0.04690323240473108 0.08797825483399142
1 0.46129507754032356 0.2615288704871491 0.11677835937499997 0.07186475380470049
1 0.9109808514253838 0.3428835101580135 0.019627547423464856 0.04490989841986455
2 0.34934821875 0.315082144469526 0.012829171875000019 0.030652787810383737
1 0.883239140625 0.33432924379232504 0.04079018750000003 0.05488987584650113
1 0.8089576172264888 0.3735362979683972 0.11410113879858948 0.13356512756441177
1 0.7459998997697904 0.845734924438491 0.5071799310197903 0.30853015112301796
2 0.04210599999999999 0.32292355530474043 0.017763468749999997 0.03421706546275397
1 0.9730433704776082 0.317577167786122 0.02746759930130421 0.039563510901246185
2 0.3881646875 0.315082144469526 0.00921068750000001 0.02494994356659145
1 0.5254697299673198 0.28799363431151237 0.10621895192402046 0.08568522891751168
2 0.37730923437499997 0.315082144469526 0.012171265625000002 0.027088563620841777
