1 0.400993859375 0.46549466139954854 0.01907928124999998 0.10193834085778779
1 0.10822557812499999 0.4177333408577878 0.064145859375 0.07556268623024828
1 0.34046648437500004 0.4626432392776523 0.10954139062500001 0.176075316027088
1 0.151647390625 0.4227233295711061 0.037829609374999996 0.06629556433408576
1 0.263491453125 0.40846621896162527 0.02927682812500002 0.054177020316027065
1 0.33059789062499995 0.36426917607223475 0.02203985937500003 0.03421706546275397
1 0.3593813976050916 0.3432398737733093 0.008881458084766909 0.023167441224072553
2 0.9470560468750001 0.6037886343115124 0.027303109375000054 0.13900682844243786
1 0.36250634374999996 0.3446657986673949 0.00674335157984185 0.022454628460226046
1 0.450007875 0.4426832844243792 0.04342181249999998 0.12617542889390518
1 0.034211125 0.4255747516930022 0.05329040625 0.07413697516930023
1 0.21645115624999997 0.41773334085778785 0.042106000000000005 0.04776132054176072
1 0.45724484374999996 0.3763877200902934 0.01907928124999998 0.03421706546275397
1 0.0215464296875 0.5595915914221219 0.043092859375 0.3806648532731376
1 0.4329023124999999 0.4255747516930022 0.014144984374999996 0.06629556433408576
1 0.25000437499999995 0.41203049661399554 0.028618921874999998 0.04776132054176072
1 0.433889171875 0.437693295711061 0.012829171875000019 0.06772127539503388
1 0.34671659375 0.35143777652370206 0.017105562499999987 0.02780136568848756
1 0.401651765625 0.43199045146726855 0.01578975000000001 0.054177020316027065
