1 0.879949609375 0.4227233295711061 0.09079106249999995 0.05203845372460495
1 0.96160347265625 0.4790389164785553 0.07679305468750001 0.10835404063205413
1 0.5697468125 0.4355547291196388 0.024671484374999983 0.050612742663656896
2 0.9440954687499998 0.35856633182844244 0.013816031249999956 0.050612742663656896
1 0.309544890625 0.6102043340857788 0.10592290624999998 0.05203845372460502
1 0.261517734375 0.4875931828442438 0.016776609374999977 0.03920705417607226
1 0.779947859375 0.47191036117381485 0.09408059374999998 0.09409693002257333
1 0.6365242968750001 0.6030757787810385 0.0881594375 0.05631558690744925
1 0.576325875 0.49329602708803605 0.006579062500000058 0.03778134311512414
1 0.5710626249999999 0.4355547291196388 0.033224265625000034 0.056315586907449186
2 0.907581671875 0.3599920428893905 0.008552781250000053 0.017108532731376986
1 0.7635196554502158 0.6059276997671125 0.10477323929898302 0.04419729232147958
1 0.818435375 0.39492196388261847 0.06546167187500002 0.04205847629796837
1 0.368756453125 0.5410573476297968 0.155594828125 0.13187827313769745
1 0.8345540781250002 0.5032760045146727 0.17072667187499999 0.10550261851015802
1 0.20493779687499997 0.5125431264108352 0.066119578125 0.07342411963882617
1 0.780605765625 0.3877934085778781 0.05789575000000002 0.04490989841986455
1 0.922713515625 0.5873929571106093 0.15395006249999998 0.08839408577878098
1 0.9181081718749999 0.4498118397291196 0.12796276562499997 0.08554266365688487
1 0.28684712500000004 0.46905893905191876 0.04079018750000003 0.053464164785553075
1 0.025987296875 0.47476178329571106 0.0486850625 0.07342411963882617
1 0.7151440937500001 0.45907896162528217 0.042763906250000025 0.08126553047404063
1 0.09671221874999998 0.5759872686230249 0.13355496874999997 0.11548259593679461
1 0.44309985937499996 0.4227233295711061 0.07138282812499999 0.04205847629796837
1 0.739157671875 0.3607048984198646 0.1013175625 0.07983981941309251
1 0.16546342187500004 0.45907896162528217 0.05460621875000002 0.04205847629796837
1 0.17072667187499999 0.6116300451467269 0.09539640625000002 0.04918703160270878
1 0.1934244375 0.45551468397291195 0.020724046874999996 0.017108532731376986
1 0.9943343085937499 0.578838690744921 0.011331382812500006 0.08554266365688487
2 0.620734546875 0.39919909706546275 0.018750328125 0.05916700902934536
1 0.26612307812499997 0.4384061512415349 0.08947524999999998 0.056315586907449186
2 0.24539903124999998 0.43127759593679454 0.008552781249999994 0.029939932279909678
1 0.07028949294848078 0.45717729124153145 0.018858540660080525 0.0159190335915339
1 0.71645990625 0.42414904063205416 0.08190932812500004 0.07983981941309251
1 0.501653515625 0.4270004627539503 0.04144809374999999 0.03492992099322797
1 0.41399769438517225 0.4647828035974305 0.11085789374009641 0.05631658463580522
1 0.014144984375000001 0.5845415349887132 0.027961015625000005 0.06772127539503388
1 0.883239140625 0.4020505191873589 0.13158124999999998 0.07484983069977429
1 0.14934471875 0.5353545033860045 0.09671221875 0.09409693002257338
1 0.027303109375000002 0.5510373250564334 0.054606218750000005 0.07342411963882617
1 0.20000349999999997 0.5296516591422121 0.04868506250000001 0.08269124153498869
1 0.7220608571662214 0.4291397776416395 0.06283050728506427 0.06772127539503388
1 0.697051671875 0.41844619638826186 0.07467235937500002 0.08269124153498869
1 0.1355286875 0.474761783295711 0.07269864062499999 0.04205847629796837
1 0.5049430468749999 0.5047017155756207 0.14144984374999994 0.13615540632054177
1 0.064803765625 0.4790389164785553 0.016118703125000005 0.022811376975169273
1 0.23026718749999997 0.5047017155756207 0.068093296875 0.06486985327313771
1 0.7931059843750001 0.44553470654627536 0.12927857812500002 0.08696837471783292
1 0.269412609375 0.4776132054176072 0.053290406249999984 0.06772127539503388
1 0.30822907812499994 0.4975731602708803 0.012829171875000019 0.021385665914221218
1 0.07993560937500001 0.5047017155756207 0.062830046875 0.04918703160270878
1 0.10197546874999999 0.4932960270880361 0.048685062499999994 0.040632765237020314
1 0.44967892187499997 0.4355547291196388 0.06019842187499999 0.036355632054176086
