1 0.8611992812500001 0.33432924379232515 0.08421200000000001 0.06772127539503388
1 0.689814703125 0.34003208803611734 0.08881734374999996 0.10122548532731379
2 0.1235234378118963 0.5495401539497123 0.053487834963439264 0.2105063510560418
1 0.9355072611528599 0.29797361173814896 0.020724046874999996 0.02423708803611739
1 0.9808116880399635 0.617278020942545 0.036184843749999966 0.20069619367023128
1 0.96251684375 0.3022507449209932 0.04144809374999999 0.04348418735891646
1 0.6382089361497868 0.3270278726690957 0.03388217187499999 0.04918703160270878
1 0.05018306471790267 0.3394179357388185 0.05347259596790267 0.09021460977243013
2 0.107896625 0.5218102483069977 0.06809329687499997 0.30011217832957104
2 0.101646515625 0.4833160496613995 0.04802715625 0.13401683972911965
2 0.9964725039062501 0.34074494356659146 0.0070549921875000384 0.037068487584650145
1 0.9611100429687499 0.441542736677073 0.07777991406250008 0.16238853204489082
