1 0.28553131249999997 0.2338166139954853 0.027961015625000012 0.06059272009029345
1 0.139147171875 0.263756546275395 0.08486990625000002 0.05132559819413089
1 0.0406257109375 0.27801365688487584 0.081251421875 0.11049260722347631
1 0.01735227734375 0.41630762979683966 0.0347045546875 0.05132559819413089
1 0.034540078125000005 0.1981738374717833 0.06677748437500002 0.06772127539503385
1 0.152305296875 0.32007213318284433 0.08355409374999999 0.10621547404063209
1 0.18881909374999997 0.22383663656884875 0.031908453125 0.07484983069977426
1 0.241780546875 0.263756546275395 0.07335654687500001 0.08340409706546272
1 0.07763293749999998 0.2366680361173815 0.04769820312499999 0.07912696388261851
1 0.00460534375 0.23524232505643344 0.00723696875 0.0156828216704289
