1 0.06348795312499998 0.3428835101580135 0.033224265625 0.04847417607223478
1 0.02261552734375 0.3984862415349887 0.0452310546875 0.039919909706546255
1 0.1776346875 0.36712059819413084 0.031908453125 0.015682821670428865
2 0.9332400156249999 0.4548018284424379 0.04440867187500004 0.2181337923250564
1 0.7345523281249998 0.7370926185101581 0.4720477343749999 0.4248618961625283
1 0.04802715625 0.49899887133182846 0.0960543125 0.17322389390519186
1 0.152963203125 0.3386063769751692 0.03454007812499998 0.039919909706546255
1 0.1013175625 0.4605046726862302 0.11644940624999998 0.17179818284424378
1 0.167437140625 0.4277133182844243 0.056250984375 0.14613538374717827
1 0.17697678124999996 0.33718066591422124 0.03717170312499999 0.06629556433408576
