1 0.79409284375 0.22882662528216705 0.01907928124999998 0.014969966139954839
1 0.8059051617596047 0.2111348391044398 0.06022831977200553 0.05495466587161469
1 0.3180974613323675 0.22645044968589764 0.19792014775355277 0.11548255316289632
1 0.47435040625 0.20387668171557558 0.02828996874999999 0.03421706546275394
1 0.5079035427576066 0.23096519900250087 0.15526587499999997 0.10621546691172028
1 0.33224265625 0.20245097065462753 0.19967454687499997 0.16538248306997738
1 0.01817466015625 0.22882662528216705 0.0363493203125 0.06130557562076747
1 0.888173320062912 0.24023231163117012 0.11398224745040401 0.09552264108352145
1 0.9457314843750001 0.25092514672686234 0.10853703125000003 0.0862555191873589
1 0.581918078125 0.2437965914221219 0.004934296875000044 0.04490989841986455
1 0.08925585141796007 0.16371913448824985 0.07872945668927638 0.10740354758080067
1 0.4309285937499999 0.2366680361173815 0.008881734374999973 0.03421706546275394
1 0.839159336342911 0.22312382381184526 0.07105386513091277 0.06308782494508472
