1 0.5319172031249999 0.31559713586157595 0.08717257812499994 0.06633496958264833
1 0.16118703125 0.2837170214845858 0.06579062499999999 0.0670084198645598
1 0.100330703125 0.2794393679458239 0.04111914062500001 0.056315586907449214
1 0.35705516977450114 0.3451239488213101 0.12697590624999996 0.10153110154293717
1 0.4193378091471853 0.2948287935592667 0.07138282812499999 0.0670923117592574
1 0.46612657812499997 0.39135768623024825 0.18881909374999992 0.13116541760722347
1 0.3654009701964826 0.2794393679458239 0.06625134727077023 0.05503366848717451
1 0.27862353699757453 0.31294383805606274 0.08519933962014899 0.09124472736680071
1 0.025329390625 0.27658794582392776 0.03223740625 0.03564277652370206
1 0.482656499998086 0.30554784987676437 0.05000087499999998 0.04490989841986455
1 0.0644748125 0.280865079006772 0.0069080156250000005 0.017821388261851014
