4 0.06381690625 0.27373652370203155 0.022697765624999994 0.0762755417607223
1 0.755605328125 0.24807372460496613 0.08289618749999998 0.08197838600451467
1 0.452310546875 0.2245494920993228 0.003289531250000029 0.007128555304740406
1 0.6121817656249999 0.25734084650112865 0.06315900000000003 0.056315586907449214
1 0.74672359375 0.263043690744921 0.034211124999999974 0.04918703160270881
1 0.64803765625 0.27658794582392776 0.11184406250000005 0.0805526749435666
1 0.7384997656250001 0.27516223476297963 0.003289531250000029 0.014969966139954839
1 0.7125124687500001 0.2587665575620767 0.02828996874999999 0.039919909706546255
1 0.814158984375 0.2644694018058691 0.06052737499999997 0.03991990970654629
1 0.433889171875 0.22740091422121894 0.004934296874999984 0.016395677200902927
1 0.4250074375 0.23310375846501127 0.003289531250000029 0.017821388261851014
1 0.4384945156249999 0.22882662528216705 0.004934296874999984 0.010692832957110609
1 0.70198596875 0.2437965914221219 0.006908015625000038 0.007128555304740406
1 0.404941296875 0.22740091422121894 0.004934296874999984 0.007128555304740406
1 0.7815926249999999 0.2530637133182844 0.04177704687499997 0.04490989841986455
1 0.78093471875 0.30652787810383747 0.13026543749999994 0.07912696388261851
4 0.03223757072820728 0.275874876434656 0.039145421875 0.0862555191873589
