1 0.8611992812500001 0.33432924379232515 0.08421200000000001 0.06772127539503388
1 0.689814703125 0.34003208803611734 0.08881734374999996 0.10122548532731379
2 0.46678448437500003 0.4997117268623024 0.05131668750000002 0.1575410722347629
1 0.9353992973596554 0.29797361173814896 0.020724046874999996 0.02423708803611739
1 0.9824419327642692 0.6221988902384995 0.035116134471461655 0.2067281038374718
1 0.96251684375 0.3022507449209932 0.04144809374999999 0.04348418735891646
1 0.6383152641547105 0.32656703797506925 0.03388217187499999 0.04918703160270878
1 0.05061491944779074 0.33965189766923204 0.05390445069779074 0.09115045749408383
2 0.463166 0.4669203724604965 0.03486903124999999 0.19603527088036118
1 0.9784623203124999 0.29939932279909703 0.043075359375000136 0.04918703160270878
1 0.333887421875 0.7409451693002257 0.66777484375 0.5181096613995485
1 0.928634671875 0.2851422121896162 0.003947437499999987 0.005702844243792318
2 0.463166 0.4476732731376975 0.03157950000000002 0.08340409706546274
1 0.9617021533306054 0.4381211002730284 0.07659569333878942 0.16466962753950337
