1 0.331255796875 0.19746098194130923 0.04111914062500001 0.021385665914221218
1 0.92106875 0.20245097065462753 0.07138282812499999 0.06558270880361174
1 0.870738921875 0.19603527088036118 0.019737187500000055 0.034929920993227996
1 0.20362198437499998 0.21243094808126411 0.021381953125000012 0.017821388261851014
1 0.2986894375 0.2188466478555305 0.026645203124999975 0.04419704288939052
1 0.3815856250000001 0.2053023927765237 0.017434515625000025 0.021385665914221218
1 0.45132368750000007 0.19888669300225734 0.009868593750000028 0.016395677200902927
1 0.38224353125 0.24807372460496613 0.04111914062500001 0.06558270880361174
1 0.24539903124999998 0.2188466478555305 0.04572448437500001 0.02993993227990971
2 0.8434358125 0.5738487020316027 0.07269864062500003 0.4433961399548533
1 0.474021453125 0.19247099322799097 0.005921156249999981 0.004989988713318291
1 0.045724484375 0.2402323137697517 0.07829084375 0.06415699774266365
2 0.43323126562500003 0.19460955981941308 0.005592203125000002 0.023524232505643332
1 0.173358296875 0.210292381489842 0.016118703124999988 0.012831399548532723
1 0.43849451562499997 0.19247099322799094 0.007565921874999996 0.012831399548532723
1 0.815474796875 0.19603527088036118 0.029605781250000025 0.04419704288939052
1 0.0197371875 0.22169806997742664 0.025000437499999997 0.021385665914221218
1 0.483232140625 0.19247099322799097 0.005921156249999981 0.011405688487584636
1 0.477310984375 0.19247099322799094 0.007565921874999996 0.014969966139954839
1 0.45888960937499995 0.19247099322799097 0.006908015624999978 0.004989988713318291
1 0.147371 0.210292381489842 0.01907928125000001 0.004989988713318291
1 0.44441567187500003 0.19247099322799094 0.007565921874999996 0.014969966139954839
