1 0.904292140625 0.27872651241534985 0.01250021875000004 0.005702844243792318
1 0.12631799999999999 0.28790408127143635 0.012500218749999995 0.022811376975169273
1 0.680604015625 0.3136564334085779 0.031908453125 0.04918703160270878
1 0.18176819911568518 0.27995060818165035 0.007894875000000004 0.0156828216704289
1 0.818435375 0.27872651241534985 0.009868593749999969 0.0156828216704289
1 0.219411734375 0.29298362302483066 0.014473937500000004 0.00570284424379235
1 0.63751115625 0.2972607562076749 0.01250021875000004 0.017108532731376955
1 0.9920316367187499 0.3086664446952596 0.01593672656250007 0.04918703160270878
1 0.679946109375 0.27302366817155754 0.06026419039426152 0.028514221218961622
1 0.70856503125 0.27872651241534985 0.01250021875000004 0.005702844243792318
1 0.7184336250000001 0.2972607562076749 0.016118703125000047 0.04918703160270878
1 0.6559325312500001 0.28870648984198644 0.020724046874999996 0.022811376975169273
1 0.1276338125 0.29298362302483066 0.012222510158786193 0.017108532731376955
1 0.1352927714328426 0.30764396422360674 0.027675257606370397 0.015682821670428865
1 0.17237143749999997 0.28300364559819413 0.022610044236100652 0.021385665914221218
1 0.6527662162277904 0.3080426550051585 0.024753684723510836 0.038672366860509656
1 0.16328410190933848 0.3001121783295711 0.04852058424133491 0.027088510158013532
1 0.454942171875 0.2773008013544018 0.015553366405404627 0.005702844243792318
1 0.70001225 0.28870648984198644 0.01546079687499997 0.02138566591422125
1 0.206253609375 0.29583504514672687 0.014473937500000004 0.009979977426636581
1 0.1828979375 0.3001121783295711 0.008173986173527789 0.016906917436729355
1 0.14506832812499998 0.29298362302483066 0.031908453125 0.027088510158013532
1 0.44075586250338156 0.27872651241534985 0.018565189064190808 0.012831399548532723
1 0.16466170156080917 0.28360545202610665 0.009961163280404594 0.009979977426636581
1 0.6434323125000001 0.2644694018058691 0.016118703125000047 0.021385665914221218
1 0.9582404531250002 0.27872651241534985 0.016118703125000047 0.012831399548532723
1 0.681919828125 0.29155791196388264 0.018750328125 0.027088510158013532
