1 0.37632237499999993 0.4155947742663657 0.06875120312499998 0.05916700902934536
1 0.6664590312500001 0.3578534762979684 0.027303109375000054 0.04490989841986455
1 0.00666130078125 0.403476230248307 0.0133226015625 0.04490989841986455
1 0.76119753125 0.37781343115124155 0.080593515625 0.07199840857787812
1 0.31546604687499996 0.3649820316027088 0.06743539062500001 0.04490989841986455
1 0.015460796874999998 0.37781343115124155 0.029934734374999997 0.056315586907449186
1 0.04144809375 0.3735362979683973 0.04013228125 0.04776132054176072
1 0.24539903124999995 0.39207054176072237 0.11612045312499998 0.07199840857787812
1 0.356914140625 0.3607048984198645 0.025987296875000017 0.04205847629796837
1 0.787842734375 0.39492196388261847 0.08947525000000003 0.06772127539503388
1 0.7125124687500001 0.38066485327313765 0.05657993749999998 0.05203845372460495
1 0.31678185937500003 0.4127433521444695 0.0855278125 0.06914698645598194
1 0.0264807265625 0.3763877200902934 0.052961453125 0.050612742663656896
1 0.6431033593749999 0.38494198645598204 0.04013228124999995 0.03920705417607226
1 0.38882259374999995 0.38066485327313765 0.07927770312499997 0.056315586907449186
1 0.94672709375 0.3443092212189616 0.029934734375000004 0.009979977426636581
