1 0.5016535156249999 0.4369804401805869 0.08618571874999995 0.04918703160270878
1 0.7385523988092279 0.4113176410835214 0.08886997693422802 0.08269124153498869
1 0.5302724375 0.4875931828442438 0.15493692187500005 0.10692832957110608
2 0.7006701562500001 0.3820905643340858 0.016118703125000047 0.06486985327313771
1 0.7273427705363205 0.5410573476297968 0.165463421875 0.1732238939051919
1 0.41974418750000003 0.49472173814898424 0.03454007812500001 0.050612742663656896
2 0.666130078125 0.39207054176072237 0.01546079687499997 0.04633560948081267
1 0.8805316018568619 0.44679590921577295 0.10946547685686193 0.08554266365688487
1 0.7472223312279686 0.43127759593679454 0.043591596852968685 0.07057269751692999
1 0.418428375 0.5182459706546275 0.014144984374999996 0.03350420993227991
1 0.49639026562500005 0.4020505191873589 0.060856328125000005 0.04490989841986455
1 0.5115221093750001 0.45694039503386 0.11677835937500003 0.07342411963882617
1 0.486850625 0.37781343115124155 0.10658081250000002 0.08269124153498869
1 0.22130321484375 0.666986408013544 0.4426064296875 0.666027183972912
1 0.447705203125 0.5816901128668172 0.061514234375000025 0.11405688487584649
1 0.41711256249999995 0.4284261738148984 0.07467235937499997 0.05916700902934536
1 0.8227117656249999 0.4355547291196388 0.12406796130922793 0.12415092067011027
1 0.528956625 0.41987190744920994 0.12927857812499996 0.08126553047404063
1 0.93356021875 0.4512375507900677 0.13287956250000002 0.07484983069977423
1 0.41086245312499997 0.43127759593679454 0.05394831249999997 0.04633560948081267
1 0.57172053125 0.5439087697516929 0.13684450000000006 0.1746496049661399
2 0.7329075970388693 0.3599920428893905 0.011184406250000004 0.0342169906155429
1 0.41612570312499997 0.40989193002257335 0.07533026562499998 0.036355632054176086
1 0.414809890625 0.4540889729119639 0.05789575000000002 0.07342411963882617
