1 0.69935434375 0.24522230248306995 0.07072492187500004 0.05203845372460495
1 0.400993859375 0.22882673933677083 0.023355777137894763 0.03849431270020197
1 0.390467359375 0.20672810383747175 0.01578975000000001 0.017821388261851014
1 0.18191107812500001 0.29583504514672687 0.1092124375 0.12047258465011283
1 0.8263302499999999 0.21385665914221222 0.03552693750000001 0.02993993227990971
1 0.14967367187499997 0.30153788939051923 0.11612045312499998 0.13401683972911965
1 0.35263775 0.22740091422121894 0.08289618749999998 0.06700841986455983
1 0.5442529473684647 0.23951945823927764 0.10230442516454356 0.08554266187473937
1 0.5704047713814473 0.298686467268623 0.11908111019717099 0.09053265237020312
1 0.8875155312500002 0.21670808126410834 0.03914542187500002 0.02993993227990971
1 0.99729488671875 0.22597520316027087 0.005410226562500024 0.014969966139954839
1 0.015789749999999998 0.21243094808126411 0.004276390625000002 0.023524232505643332
1 0.11809417187499997 0.19460955981941305 0.0171055625 0.010692832957110609
1 0.9714005762356045 0.34762552853154716 0.05719884752879085 0.15444167977308215
1 0.056908890625 0.21385665914221222 0.08329086493424367 0.058026631792704494
1 0.6177739687499998 0.20957952595936793 0.032237406249999975 0.03706848758465012
1 0.089804203125 0.31882449834840004 0.17955359484529138 0.17548142270293138
1 0.68224878125 0.21243094808126411 0.01907928124999998 0.017821388261851014
