1 0.8197511874999999 0.37781343115124155 0.04736924999999997 0.05203845372460495
1 0.553628109375 0.38066485327313765 0.05329040624999995 0.05916700902934536
1 0.777316234375 0.38066485327313765 0.05657993749999998 0.06629556433408576
1 0.554943921875 0.38494198645598193 0.029934734375000004 0.036355632054176086
1 0.747710453125 0.39064483069977424 0.0019737187499999937 0.017108532731376986
1 0.9345558281249999 0.41987190744920994 0.09342268750000002 0.06914698645598194
1 0.8792917031250002 0.403476230248307 0.07664607812500002 0.06059272009029348
1 0.5697468125 0.4034762302483069 0.08750153124999999 0.09267121896162527
1 0.547706953125 0.36070489841986464 0.024013578125000025 0.017108532731376986
1 0.8572518437499999 0.3977733860045147 0.11875207812499997 0.08696837471783299
