1 0.8611992812500001 0.33432924379232515 0.08421200000000001 0.06772127539503388
1 0.689814703125 0.34003208803611734 0.08881734374999996 0.10122548532731379
2 0.391783171875 0.5474730474040631 0.043092859375 0.20957952595936788
1 0.9838987968749999 0.3043893115124153 0.005263250000000023 0.011405688487584636
1 0.9354195391791517 0.29797361173814896 0.020724046874999996 0.02423708803611739
1 0.9822917690564464 0.6218269917296061 0.035416461887107197 0.2067281038374718
1 0.96251684375 0.3022507449209932 0.04144809374999999 0.04348418735891646
1 0.6382953290244303 0.32665343853971485 0.03388217187499999 0.04918703160270878
1 0.050533952252848895 0.33960803282321383 0.0538234835028489 0.09097499811001121
2 0.38915154687500003 0.5175331151241536 0.07269864062500003 0.32007213318284433
1 0.99318297265625 0.29797361173814896 0.013634054687500096 0.04348418735891646
2 0.39737537500000003 0.474048927765237 0.036513796875000004 0.12474971783295713
1 0.961295069148296 0.4410537892045957 0.07730398437499998 0.16589155444161602
