2 0.9822540312499999 0.36854630925507903 0.014473937500000034 0.0891069413092551
1 0.7881716875 0.34359636568848756 0.016118703125000047 0.02494994356659145
1 0.8408041875 0.35714062076749425 0.05954051562500003 0.0848298081264108
1 0.7684345 0.33931923250564333 0.020395093750000017 0.030652787810383737
2 0.28947874999999995 0.4662075169300226 0.04835610937499997 0.3072407336343115
1 0.7960665625 0.3528634875846501 0.019408234374999958 0.042771331828442435
1 0.6519850937499999 0.3250621218961625 0.007565921874999996 0.026375654627539505
1 0.6322479062500002 0.36141775395033854 0.043092859375 0.07342411963882617
1 0.6509982343749999 0.31436928893905197 0.010197546874999948 0.0192470993227991
1 0.7562632343750001 0.33931923250564333 0.019737187500000055 0.03207849887133186
1 0.7039596874999999 0.36284346501128667 0.03782960937499998 0.07342411963882617
1 0.739486625 0.32933925507900674 0.007565921874999996 0.016395677200902927
1 0.7536316093750001 0.332190677200903 0.021052999999999975 0.03920705417607226
1 0.720736296875 0.7311434057562077 0.5565886874999999 0.5377131884875846
1 0.7355391875 0.32933925507900674 0.006579062500000058 0.0192470993227991
1 0.80988259375 0.35286348758465 0.027632062500000033 0.07057269751692999
1 0.6496824218749999 0.3571406207674943 0.00953964062499999 0.0627312866817156
1 0.697709578125 0.31864642212189614 0.007565921874999996 0.014257110609480811
1 0.6875120312499999 0.31864642212189614 0.021052999999999975 0.016395677200902927
2 0.936529546875 0.3699720203160271 0.01907928124999998 0.09623549661399551
2 0.564812515625 0.3528634875846501 0.007236968750000017 0.06914698645598194
1 0.639813828125 0.3421706546275396 0.025658343750000038 0.04562275395033861
1 0.6654721718750001 0.31722071106094807 0.010855453125000025 0.0192470993227991
1 0.7375129062500001 0.32363641083521444 0.019737187500000055 0.030652787810383737
1 0.76646078125 0.4255747516930022 0.08914629687500006 0.14613538374717827
1 0.645077078125 0.33219067720090295 0.023684625000000046 0.05132559819413089
1 0.7187625781249999 0.38494198645598193 0.05131668749999996 0.09766120767494356
1 0.74277615625 0.32933925507900674 0.007565921874999996 0.0192470993227991
1 0.7779741406250001 0.33931923250564333 0.019737187500000055 0.030652787810383737
2 0.6687617031249999 0.4106047855530474 0.027961015625000012 0.11476974040632054
