2 0.182568984375 0.4369804401805869 0.025329390625 0.16538248306997744
2 0.11743636869938423 0.44862382163386655 0.024013475050615764 0.1475610948081264
1 0.42040209375 0.3086664446952596 0.003947437499999987 0.014257110609480811
1 0.09408059375 0.37353629796839727 0.069409109375 0.07484983069977429
1 0.870738921875 0.38066485327313765 0.12279351279447243 0.10326220396987189
2 0.45137068273365555 0.32638599227018184 0.009257682733655593 0.04287315787635786
1 0.4746583684159581 0.7488093242897068 0.9493167368319162 0.5023813514205864
1 0.7092229375 0.3243492663656885 0.018092421875000042 0.026375654627539505
1 0.4171125625 0.3072407336343115 0.003947437499999987 0.00855426636568846
2 0.17456441301029849 0.4233175108948218 0.020120903826660392 0.17666949735080367
1 0.7539605625 0.5783567638570977 0.3782960937499999 0.4220104740406321
2 0.16250284375 0.43257368523638406 0.03986314316696023 0.19778503634470546
1 0.536522546875 0.3330433039843093 0.02579380104672187 0.04205847629796837
2 0.20476361863094023 0.41756563895518894 0.02385880324405981 0.16068597268620716
1 0.202964078125 0.317854397384372 0.02788794904432669 0.01853424379232504
1 0.24934646874999997 0.3471606433408577 0.05000087499999998 0.07484983069977429
