1 0.441126140625 0.22597520316027087 0.018750328125 0.05346416478555304
1 0.45428426562499996 0.2316780474040632 0.013487078124999977 0.03920705417607223
1 0.5302724375000001 0.24736086907449215 0.007894875000000034 0.022811376975169304
1 0.35230879687499994 0.22169806997742664 0.061514234375000025 0.06486985327313771
1 0.729946984375 0.24165802483069979 0.016776609375000008 0.022811376975169304
1 0.4764327063877904 0.21219361486166938 0.019408728061404427 0.03778262692265893
1 0.7052755 0.22597520316027087 0.029934734375000004 0.03207849887133182
1 0.603628984375 0.25520227990970656 0.04736924999999997 0.056315586907449214
1 0.536522546875 0.22882662528216705 0.007894874999999975 0.019959954853273128
1 0.311518609375 0.28799363431151237 0.10460709375000003 0.16039249435665912
1 0.378954 0.29369647855530473 0.045395531249999975 0.0926712189616253
1 0.3894805 0.2316780474040632 0.016776609375000008 0.06486985327313771
1 0.451652640625 0.20601524830699777 0.024013578125000025 0.022811376975169304
1 0.2750048125 0.22740091422121894 0.07664607812500002 0.12688828442437924
1 0.508232578125 0.23738089164785553 0.024671484374999983 0.043484187358916494
