1 0.45856065625000003 0.2245494920993228 0.00921068750000001 0.01853424379232504
1 0.4223758125 0.2131438036117381 0.007894874999999975 0.012831399548532723
1 0.46974506250000003 0.23310375846501133 0.00921068750000001 0.0156828216704289
1 0.6792882031249999 0.2742825407621837 0.10341726331127472 0.052038453724604986
1 0.2944788375 0.24023231376975168 0.015131843749999992 0.023381661399548524
1 0.44585109194860084 0.22623446011574147 0.00867238882360084 0.017756566246285684
1 0.3977659364132264 0.23613342593530642 0.008552781249999994 0.015237308989928974
1 0.337900455265592 0.26062002756269453 0.02375045772973685 0.031365700367589434
1 0.07730398437500001 0.26233083521444694 0.03980332812499999 0.05203845372460495
1 0.63751115625 0.27373652370203155 0.048532983698910334 0.040632765237020314
1 0.39553327684281997 0.21998720795992194 0.007763289714839002 0.016823381774820345
1 0.2828996875 0.24949943566591418 0.020066140624999975 0.027088510158013532
2 0.42138895312499997 0.31993634894633216 0.017408409606631755 0.06881884512148251
1 0.29539990625 0.27088510158013546 0.031908453125 0.04490989841986458
2 0.8579097499999998 0.29155791196388264 0.017105562499999987 0.0891069413092551
1 0.35263775 0.23310375846501127 0.013158124999999998 0.019959954853273128
1 0.21686901178041793 0.23310375846501127 0.033224265625000006 0.02404443271060685
1 0.610208046875 0.2879936343115124 0.011184406250000004 0.015682821670428865
1 0.6089007786946813 0.2766064617311377 0.024013578125000025 0.044900640466259634
1 0.2611558912005921 0.6607489221218962 0.5223117824011843 0.6785021557562076
1 0.40329653125 0.24593515801354401 0.016118703124999988 0.028514221218961622
1 0.8177774685933556 0.2813403158007846 0.030592640624999962 0.03350420993227988
1 0.37023680386343544 0.2316780474040632 0.012829147204625772 0.019959954853273128
1 0.17346790113300195 0.26138036751020294 0.0457244953399214 0.05488987584650113
1 0.53356196875 0.2719920202047201 0.03190845312499994 0.02438762935161182
2 0.879949609375 0.2972607562076749 0.022697765624999987 0.09053265237020312
1 0.199016640625 0.25092514672686234 0.022697765624999987 0.02993993227990971
1 0.44704729687499994 0.24593515801354401 0.01546079687499997 0.019959954853273128
1 0.2935149313494937 0.23145867547878304 0.014764921059731742 0.01913741336015902
1 0.42402045476826344 0.23880664231166865 0.014693277656400145 0.028039010600555612
1 0.31860957101784254 0.23421262865279308 0.02189365051373683 0.03271210774936427
