1 0.5016535156249999 0.4369804401805869 0.08618571874999995 0.04918703160270878
1 0.739815578125 0.41078300790080424 0.0881594375 0.08411695259593681
1 0.5320411134923436 0.4878153510692439 0.15554356743558592 0.10977975169300226
1 0.2167625665896527 0.4619303837471783 0.07204073437499998 0.08978178087148216
2 0.6967227187499999 0.3820905643340858 0.010526500000000046 0.057741297968397304
1 0.72567059375 0.5421978634401944 0.1636213088499936 0.17236848494807655
1 0.37319732689156254 0.4811775115841986 0.126646953125 0.09267121896162527
1 0.14276565624999998 0.49472173814898424 0.07993560937500002 0.09979977426636567
1 0.26483859588893455 0.4498118397291196 0.05593769638196724 0.06347808922503063
2 0.666130078125 0.39207054176072237 0.01546079687499997 0.04490989841986455
1 0.8799496093749999 0.4469602702788362 0.10997990414378395 0.08554266365688487
1 0.023849101562499996 0.6059272009029345 0.04769820312499999 0.04918703160270878
1 0.747052546875 0.43127759593679454 0.042763906250000025 0.07057269751692999
1 0.10760185073829459 0.5353545033860045 0.024013578124999994 0.053464164785553075
1 0.35362460937500007 0.5126001518345563 0.14671309375000002 0.11263117381489843
1 0.495732359375 0.40340118880560083 0.06082169962591788 0.04490989841986455
1 0.18887630520287635 0.47767519525368096 0.06471794844568546 0.07506679512603227
1 0.129278578125 0.5945019813269037 0.14869582528352251 0.09833500102852537
1 0.5115221093750001 0.45551468397291195 0.11546254687500006 0.07342411963882617
1 0.17401620312500002 0.48757391564020497 0.06215435860127263 0.08128479767807933
1 0.16263686105807995 0.42129761851015796 0.05541032600984795 0.016422079805185744
1 0.2901366562499999 0.45907896162528217 0.018092421874999983 0.03350420993227991
1 0.48750853125 0.37918211678846847 0.10604132310644587 0.08132255589776174
1 0.270027231771203 0.5702844243792325 0.14136327604240612 0.12854849040431746
1 0.4191218457059375 0.5831158239277653 0.118094171875 0.11263117381489843
2 0.2986894375 0.4134562076749436 0.007894874999999975 0.057741297968397304
1 0.01621271524308492 0.4365731770881317 0.03237842442712738 0.03717035173065636
1 0.40863571689989076 0.4257940715811331 0.09144896874999997 0.0634441422121896
1 0.822053859375 0.43274404309502085 0.12142129914811299 0.12122617627786517
1 0.18747773353050828 0.43127759593679454 0.04010673353050832 0.027773684186555257
1 0.528956625 0.4183351122757619 0.12927857812499996 0.08126553047404063
1 0.9335601847570439 0.4493364062709539 0.13287963048591203 0.07484983069977429
1 0.3950456647744324 0.43127759593679454 0.0881594375 0.04918703160270878
1 0.5710721603070966 0.5467601918735892 0.13684450000000006 0.17464960496613996
2 0.7332365156250001 0.35856633182844244 0.011339196201415665 0.036187913822393884
1 0.41413420456913136 0.4113176410835215 0.07927770312500003 0.036355632054176086
1 0.058619024223222155 0.5124700090487281 0.11723804844644431 0.1372886479330613
1 0.3868488486825657 0.4512375507900677 0.11546254687499999 0.07983981941309258
