1 0.354282515625 0.28371650112866814 0.017105562499999987 0.017821388261851045
1 0.0228622421875 0.2644694018058691 0.045724484375 0.05488987584650113
1 0.381585625 0.29155791196388264 0.07697503124999999 0.04633560948081267
1 0.11403695833614573 0.27563750029637646 0.04802715625 0.037068487584650145
1 0.135199734375 0.27516223476297963 0.05361935937499999 0.04633560948081263
1 0.3197424375000001 0.28870648984198644 0.06644853125000001 0.05488987584650113
1 0.6381690624999999 0.26161797968397293 0.008881734375000032 0.016395677200902927
1 0.14769995312500003 0.27231081264108353 0.030263687500000015 0.03991990970654629
1 0.5694177606930098 0.27587504752383263 0.05394829276360191 0.03706840204540804
1 0.83751465625 0.28870648984198644 0.07697503124999999 0.05488987584650113
1 0.00370072265625 0.280865079006772 0.0074014453125 0.022098521444695245
1 0.7631712499999999 0.2780136568848759 0.054935171874999966 0.04490989841986458
1 0.087172578125 0.26732082392776524 0.010855453124999996 0.022098521444695277
1 0.69540690625 0.2644694018058691 0.02532939062500006 0.022098521444695277
1 0.23684625 0.3820905643340858 0.11875207812500002 0.21100523702031604
1 0.353624609375 0.26732082392776524 0.017105562499999987 0.00926712189616252
1 0.14704204687499997 0.27516223476297963 0.022697765624999987 0.03706848758465008
1 0.833238265625 0.2587665575620767 0.021381953124999954 0.017821388261851014
1 0.8148168371707853 0.28086507900677204 0.04802715625000005 0.04918703160270881
1 0.5503385649670592 0.2601922686230248 0.061185289144764475 0.055174994107080245
1 0.93488478125 0.28870648984198644 0.00953964062499999 0.01924709932279907
1 0.610865953125 0.25092514672686234 0.017105562499999987 0.027088510158013532
1 0.404941296875 0.2644694018058691 0.03486903124999999 0.03706848758465012
1 0.6552746133372965 0.25131397165514974 0.02030538244210085 0.03706848758465012
1 0.9085685312499999 0.28371650112866814 0.043092859375 0.027088510158013532
1 0.1685884177628639 0.2648258179873485 0.03149726439146073 0.03956349352506684
1 0.9873525382461265 0.2502122484267672 0.01990183182188332 0.016395677200902927
