1 0.4141520004113646 0.21243093649743416 0.00822382277954515 0.012831399548532723
1 0.6792882031249999 0.2746162189161988 0.10349425259368547 0.05203845372460495
1 0.22434603125 0.25235085778781036 0.022697765624999987 0.03778134311512414
1 0.3279663762732716 0.23284452955285523 0.014922491837100971 0.0197007259411171
1 0.38016006204172026 0.2480737436143836 0.016995934850477568 0.028514221218961622
1 0.63751115625 0.27373652370203155 0.048460250127834455 0.040632765237020314
1 0.20860329328335817 0.2619234857055707 0.029464800130912364 0.040836433881399105
2 0.42138895312499997 0.3206831534213058 0.016948917408835366 0.06931671477146505
1 0.34934809594124266 0.25662799097065464 0.0226977831691082 0.03350420993227991
2 0.8803196887338364 0.2845184575855976 0.017434518092204008 0.08661194427932753
1 0.20296407812500003 0.2851422121896163 0.04539553125 0.05203845372460495
1 0.3155130476302071 0.2449167903514128 0.020160125218187316 0.025459124342627378
1 0.4120137927631949 0.23951941012189024 0.004769853618754105 0.014257142687739107
1 0.21743801562499998 0.2331037584650113 0.031908453125 0.021670787596417912
1 0.610208046875 0.2879936343115124 0.011184406250000004 0.015682821670428865
1 0.609088752446033 0.2770138089123968 0.024013578125000025 0.04469696687563003
1 0.26176444921875 0.6621746331828443 0.5235288984375 0.6756507336343115
1 0.36645378125 0.2245494920993228 0.01546079687499997 0.025662799097065477
1 0.3592168125 0.22169806997742664 0.003289531250000029 0.012831399548532723
1 0.8164616562499999 0.28229079006772007 0.031908453125 0.03350420993227991
1 0.34276915625000004 0.23452946952595932 0.017434515625000025 0.027088510158013532
1 0.53356196875 0.271797201984846 0.03190845312499994 0.023608356472115646
2 0.8978070711768008 0.2776063073759996 0.015977741742676934 0.06456437169177721
1 0.08651459292625 0.2637565462753951 0.027960897201875 0.0392070114047404
1 0.23750415625 0.24593515801354401 0.018750328125 0.02993993227990971
1 0.4490210649675987 0.2316780474040632 0.01233574835532482 0.023167791374465365
1 0.270070515625 0.24736086907449212 0.030592640624999994 0.04490989841986455
1 0.4079018750000001 0.21884664785553049 0.011842312500000023 0.017108532731376986
