1 0.5002960611678823 0.8195374672974645 0.9994078776642354 0.36092506540507113
1 0.20559570148025905 0.20245096709040333 0.04210599835525904 0.04170204318639509
2 0.21513534374999999 0.1810653047404063 0.007236968749999987 0.017108532731376986
1 0.025000437499999997 0.36141775395033854 0.05000087499999999 0.18605529345372457
1 0.13223915625 0.20696570492198196 0.05065878125 0.05275130925507901
1 0.25855715625 0.24736086907449206 0.06809329687500003 0.09195836343115121
1 0.009868593749999998 0.24308373589164783 0.019737187499999996 0.09480978555304742
1 0.171384578125 0.20458953724604964 0.04802715624999999 0.047048465011286664
1 0.10000174999999999 0.20957952595936793 0.04802715624999999 0.0541770203160271
1 0.278623296875 0.2003124040632054 0.03454007812499998 0.030652787810383737
1 0.05789575 0.20957952595936793 0.091120015625 0.07057269751693003
1 0.11414673437500002 0.3207849887133183 0.1250021875 0.13330398419864561
