1 0.757908 0.2944093340857788 0.015131843749999992 0.017821388261851045
1 0.8600479615551493 0.30581502257336346 0.016612181540448034 0.01853424379232504
1 0.7841866309716183 0.316507855530474 0.04526391206696197 0.022811376975169273
1 0.73093384375 0.3222106997742663 0.04177704687499997 0.04205847629796837
1 0.6776434375 0.3300521106094808 0.025987296875000017 0.03421706546275397
1 0.6218858855538034 0.2944093340857788 0.011842312499999962 0.017821388261851045
1 0.44823148884835035 0.32292355530474043 0.05065878125 0.03492992099322797
1 0.6368279504535899 0.2944093340857788 0.022191696001239693 0.01804073170462476
1 0.685209359375 0.28656792325056435 0.008552781250000053 0.010692832957110609
1 0.57435215625 0.32221069977426636 0.09133934304911903 0.04918703160270878
1 0.675340765625 0.28656792325056435 0.007236968750000017 0.00855426636568846
1 0.7486973124999999 0.3300521106094808 0.04473762500000002 0.03421706546275397
1 0.20888523437499998 0.28870648984198644 0.021381953125000012 0.020672810383747155
1 0.05383081297804915 0.9096628155091114 0.1076616259560983 0.18067436898177702
2 0.60066840625 0.29155791196388264 0.004276390624999967 0.02494994356659142
1 0.11381778125000001 0.2944093340857788 0.016118703125000005 0.016395677200902927
1 0.17290402616905667 0.2944093340857788 0.025412935678962197 0.022811376975169273
1 0.197042921875 0.2901322009029345 0.020724046874999996 0.01853424379232504
1 0.7130387276078743 0.31612771369182896 0.017346640460040183 0.01948459838893787
1 0.6682501017396836 0.28656792325056435 0.004057112420696166 0.006019737919844547
