2 0.7207364037874384 0.23488592045958032 0.011019940378743816 0.022455065051852015
2 0.8842260000000001 0.2366680361173815 0.008552781250000053 0.022811376975169304
2 0.537838359375 0.23239090293453724 0.006579062500000058 0.017108532731376986
1 0.7923164962170938 0.228113769751693 0.0696064805920938 0.04562275395033861
2 0.99409634375 0.24522230248306995 0.006579062500000058 0.012831399548532723
2 0.37928294161100734 0.22241092550790068 0.007894874999999975 0.025662799097065477
2 0.5569176406250002 0.2252623476297968 0.01250021875000004 0.03421706546275394
2 0.7052755 0.23524232505643342 0.005921156249999981 0.017108532731376986
2 0.7422826944887684 0.23274730753139034 0.007894874999999975 0.025662799097065477
2 0.374019703125 0.22241092550790068 0.003947437499999987 0.027088510158013532
1 0.5 0.5 1.0 1.0
