1 0.7969436758074987 0.4894942338880376 0.021930255846250666 0.014257110609480811
1 0.72435478125 0.4612176386623721 0.0575670007392952 0.05809789140213601
1 0.07343878515624999 0.4761874943566591 0.14687757031249998 0.09338407449209933
1 0.7960665625 0.474761783295711 0.03782960937499998 0.03564277652370203
1 0.9483718593749999 0.48901889390519193 0.006579062500000058 0.0313656433408578
1 0.972714390625 0.48331604966139957 0.05427726562500001 0.0819783860045147
1 0.0065790625 0.4676332279909706 0.011184406249999999 0.019959954853273162
1 0.49967979687499997 0.7527072855530473 0.9993595937499999 0.49458542889390517
1 0.35165089062499993 0.48616747178329567 0.135857640625 0.0819783860045147
1 0.845729734375 0.6814898871331828 0.3085405312500001 0.2737365237020315
