1 0.4944165468749999 0.5631558690744921 0.11940998437499999 0.07199840857787812
1 0.783895296875 0.5018502934537247 0.07269864062500003 0.05916700902934536
1 0.9789557500000001 0.4904446049661399 0.04208849999999996 0.07484983069977423
1 0.506258859375 0.5047017155756207 0.08881734375000001 0.0634441422121896
1 0.833238265625 0.44410899548532734 0.018750328125 0.04633560948081267
1 0.494416546875 0.5367802144469526 0.06546167187500002 0.03492992099322797
1 0.827317109375 0.5282259480812641 0.10954139062499996 0.07199840857787812
1 0.7677765937500001 0.4847417607223477 0.06875120312500003 0.053464164785553075
1 0.476324125 0.6451342550790067 0.07467235937500002 0.02423708803611739
1 0.51250896875 0.4847417607223477 0.07796189062500006 0.053464164785553075
1 0.923371421875 0.5945215124153498 0.14868681249999996 0.11263117381489843
1 0.9345558281249999 0.4526632618510158 0.06414585937499998 0.07342411963882617
1 0.9947455000000001 0.44410899548532723 0.010509000000000056 0.021385665914221218
1 0.6690906562500001 0.4875931828442438 0.06809329687499996 0.06486985327313771
1 0.6371822031250001 0.4932960270880361 0.006579062500000058 0.030652787810383737
1 0.7513289375 0.46478180586907447 0.10000174999999996 0.06486985327313771
2 0.6427744062500002 0.454088972911964 0.008552781250000053 0.03920705417607226
1 0.48027156249999997 0.48331604966139957 0.007894874999999975 0.012831399548532756
1 0.488495390625 0.575987268623025 0.118094171875 0.053464164785553075
1 0.47171878125 0.6030757787810385 0.1368445 0.08696837471783292
1 0.780605765625 0.6016500677200903 0.16612132812499994 0.10692832957110608
1 0.886528671875 0.5481859029345372 0.12796276562499997 0.07983981941309251
1 0.6463928906249999 0.5125431264108352 0.01546079687499997 0.04633560948081267
1 0.7306048906250001 0.5788386907449209 0.09144896875000003 0.08839408577878098
1 0.493100734375 0.5353545033860045 0.09539640624999995 0.0634441422121896
1 0.84804115625 0.5481859029345372 0.06414585937499998 0.06486985327313764
1 0.683235640625 0.5047017155756207 0.06809329687499996 0.0634441422121896
1 0.9902223945312499 0.5111174153498872 0.019555210937500078 0.06772127539503388
1 0.829290828125 0.5004245823927765 0.09539640625000002 0.04918703160270878
1 0.7985130610143512 0.47856438830266074 0.0696016937900179 0.04134625872747366
1 0.4756662187499999 0.6237485891647855 0.15395006249999993 0.08839408577878098
1 0.7177757187499999 0.543908769751693 0.08684362499999997 0.07983981941309251
1 0.689156796875 0.5353545033860045 0.07927770312499997 0.08696837471783299
1 0.965477421875 0.4619303837471783 0.05657993749999998 0.053464164785553075
