1 0.18900887940615457 0.5816354080336358 0.37801775881230915 0.24657519915156254
1 0.23215866796875 0.7732018820541761 0.4643173359375 0.4535962358916478
1 0.549022765625 0.3257749774266365 0.002631624999999952 0.00570284424379235
1 0.4921138749999999 0.8642691760722349 0.9470560468749999 0.2714616478555304
1 0.5565886875 0.3257749774266365 0.007565921874999996 0.01354425507900675
1 0.9306906219677492 0.3464477878103837 0.06809329687499996 0.09142371877608992
1 0.768763453125 0.3699720203160271 0.034211124999999974 0.04776132054176072
1 0.88224353125 0.6159071783295712 0.23551293749999994 0.48901889390519193
1 0.7732594638372542 0.36712066948324834 0.017105562499999987 0.029227183683111897
1 0.5602071718749999 0.3257749774266365 0.003782956002660261 0.007128555304740406
1 0.5855365625 0.3314778216704289 0.007565921874999996 0.012118544018058695
