1 0.043092859374999994 0.22312378103837474 0.022039859375 0.013544255079006784
1 0.11026963742529186 0.23480968179652348 0.03150467062166036 0.04490989841986455
1 0.7927770312499999 0.2331037584650113 0.0019737187499999937 0.00926712189616252
1 0.025987296875 0.2307753208497149 0.023355671874999998 0.0192470993227991
1 0.13130686422806323 0.23362674297161104 0.029605781249999998 0.027088510158013532
1 0.2448948429925494 0.23531394628585905 0.02894787500000001 0.0192470993227991
1 0.9477139531250001 0.2331037584650113 0.020066140625000038 0.00926712189616252
1 0.8434358124999999 0.23951945823927762 0.011513359374999983 0.014969966139954839
1 0.2668686019412253 0.2316780474040632 0.007982492566225267 0.00926712189616252
1 0.09688462713313874 0.23638782384681736 0.03949023864127749 0.04490989841986455
1 0.8118563125000001 0.2366680361173815 0.01250021875000004 0.014969966139954839
1 0.21743801562499998 0.23115506289746343 0.043092859375 0.03564277652370203
1 0.2921979925662253 0.2544894243792325 0.06093241261796445 0.10550261851015799
1 0.8230407187500001 0.28086507900677204 0.1367859065197533 0.08055267494356658
1 0.015789749999999998 0.24094516930022572 0.031579499999999996 0.03887394069334665
1 0.45272711756622525 0.28086507900677204 0.0785321793087747 0.1366317622621187
1 0.9582404531250001 0.27801365688487584 0.07565921874999997 0.09552264108352142
1 0.93356896875 0.24949943566591418 0.01578974999999995 0.02494994356659142
1 0.18478403868377466 0.23115506289746343 0.07894874999999998 0.04490989841986455
1 0.06850986756622529 0.2366680361173815 0.06875120312499998 0.04918703160270881
1 0.23618834375 0.23310375846501127 0.028147783830711474 0.022098521444695245
1 0.8306066406250001 0.23452946952595935 0.01644765625000003 0.0192470993227991
2 0.2381620625 0.2331037584650113 0.007565921874999996 0.028514221218961622
1 0.25682477305877466 0.2316780474040632 0.023355671874999977 0.0192470993227991
1 0.01832261161216897 0.2780136568848759 0.03664522322433794 0.0673881619123083
