1 0.043092859374999994 0.22312378103837474 0.022039859375 0.013544255079006784
1 0.897055171875 0.24094516930022572 0.011513359374999983 0.027088510158013532
1 0.10943927619563619 0.2357093959956989 0.029151980470969216 0.04490989841986455
1 0.025987296875 0.23121237200287983 0.023355671874999998 0.0192470993227991
1 0.98422775 0.24807372460496613 0.027303109375000054 0.0313656433408578
1 0.1308026619862611 0.23406379412477596 0.029605781249999998 0.027088510158013532
1 0.24529820478599113 0.2359695230156063 0.02894787500000001 0.0192470993227991
1 0.82698815625 0.23310375846501127 0.011513359374999983 0.017821388261851014
1 0.2666669210445044 0.2316780474040632 0.007780811669504454 0.00926712189616252
1 0.09743820128624253 0.23548810964764194 0.04059738694748507 0.04490989841986455
1 0.21743801562499998 0.2307180117442985 0.043092859375 0.03564277652370203
1 0.2919963116695044 0.2544894243792325 0.059621486789278796 0.10550261851015799
1 0.8230407187500002 0.28086507900677204 0.13761058045630262 0.08055267494356658
1 0.015789749999999998 0.24094516930022572 0.031579499999999996 0.03799983838701694
1 0.4525254366695044 0.28086507900677204 0.07873386020549553 0.13881701802794294
1 0.8470542968749999 0.25092514672686234 0.04046123437500005 0.04490989841986455
1 0.9418805202112874 0.24949943566591418 0.03092159374999994 0.02494994356659142
1 0.18498571958049556 0.2307180117442985 0.07894874999999998 0.04490989841986455
1 0.06830818666950446 0.2366680361173815 0.06875120312500001 0.04918703160270881
1 0.23618834374999997 0.23310375846501127 0.02885366696923448 0.022098521444695245
1 0.25702645395549556 0.2316780474040632 0.023355671874999977 0.0192470993227991
1 0.018171350939628326 0.27801365688487584 0.03634270187925665 0.06651405960597859
