1 0.899686796875 0.27872651241534985 0.010526500000000046 0.005702844243792318
1 0.12631799999999999 0.2875315320503963 0.012500218749999995 0.022811376975169304
1 0.673367046875 0.2872807787810384 0.014473937500000034 0.028514221218961654
1 0.737183953125 0.3307649661399548 0.049342968749999966 0.06914698645598194
1 0.9533061562499999 0.3100921557562077 0.049342968749999966 0.056315586907449214
1 0.18185459122239803 0.2798570004813746 0.007894875000000004 0.0156828216704289
1 0.8171195624999998 0.27872651241534985 0.009868593749999969 0.012831399548532723
1 0.219411734375 0.29298362302483066 0.014473937500000004 0.00570284424379235
1 0.6605378749999999 0.2972607562076749 0.018750328125 0.031365643340857764
1 0.911529109375 0.30153788939051923 0.03848751562499994 0.04490989841986455
1 0.679946109375 0.27302366817155754 0.060454274874112104 0.028514221218961622
1 0.70593340625 0.27872651241534985 0.014473937500000034 0.008554266365688493
1 0.7937638906249999 0.30581502257336346 0.04736924999999997 0.05916700902934536
1 0.6838935468749999 0.2972607562076749 0.027303109375000054 0.04490989841986455
1 0.1276338125 0.29298362302483066 0.01209357320181681 0.017108532731376955
1 0.13533596748619903 0.3078311796241582 0.027848041819796106 0.015682821670428865
1 0.17237143749999997 0.28300364559819413 0.022612120685792134 0.021385665914221218
1 0.6891568837187987 0.3207850229304522 0.03401377838865057 0.04719106349108864
1 0.6467218437499999 0.2830036455981942 0.005921156249999981 0.022811376975169304
1 0.16381865625 0.30003534346319793 0.04854323814248627 0.027088510158013532
1 0.454942171875 0.2773008013544018 0.015596345391061087 0.005702844243792318
1 0.6381690624999999 0.30581502257336346 0.018750328125 0.037781343115124176
1 0.6762617735836115 0.2804373468688381 0.003684248946547797 0.011405657121502202
1 0.206253609375 0.29583504514672687 0.014473937500000004 0.009979977426636581
1 0.1828979375 0.30011217832957116 0.008303574333597059 0.016813309736453584
1 0.14506832812499998 0.29298362302483066 0.031908453125 0.027088510158013532
1 0.4405839465607558 0.27872651241534985 0.018479231092877888 0.012831399548532723
1 0.1647476595321221 0.28388486394188683 0.010004142266061056 0.009979977426636581
1 0.915476546875 0.27872651241534985 0.014473937500000034 0.0156828216704289
1 0.713170375 0.2972607562076749 0.024013578125000025 0.037781343115124176
