1 0.5399868358981732 0.2645195190543318 0.02236881250000001 0.05960139146702408
1 0.5000481902673015 0.8792493578353792 0.9999036194653971 0.2415012843292416
1 0.7656480731424081 0.46281097041003183 0.27003181516060193 0.368881771519838
2 0.6379132015409164 0.24807372460496613 0.01578974999999995 0.021385665914221218
1 0.9715543046875 0.47119750564334084 0.05689139062499997 0.23738089164785556
2 0.40658606249999996 0.29298362302483066 0.02861892187499997 0.15183822799097063
1 0.11480464135600651 0.2388066027088036 0.11200853924525161 0.09908691952795289
1 0.5440884671052425 0.2680336794582393 0.016776609375000008 0.06130557562076751
1 0.43191545312499996 0.2601922686230248 0.03782960937499998 0.0891069413092551
1 0.13040369356024553 0.2894193453724605 0.1273286971963928 0.19809118772814255
2 0.157568546875 0.29298362302483066 0.031250546875000014 0.22953948081264108
2 0.6986964375 0.2751622347629797 0.012938818530712718 0.017108532731376986
1 0.18144831914993667 0.17978457518742752 0.07475600177488391 0.03531653834781279
1 0.031860101938500175 0.2922707674943566 0.06372020387700035 0.22953948081264108
1 0.5807902386580257 0.26472399247755496 0.08538683240802562 0.06782311111379043
1 0.6239237195917414 0.2962941723556268 0.1365322733901344 0.08627968390448312
