1 0.42632325 0.2053023927765237 0.027303109374999992 0.0384941986455982
1 0.23055502688125545 0.20957952595936793 0.05065878125 0.02993993227990971
1 0.042517191406249995 0.2972237242609982 0.08503438281249999 0.2751622347629797
1 0.324018828125 0.20957952595936793 0.02828996874999999 0.028514221218961622
1 0.441319656008364 0.20957952595936793 0.05214876746362134 0.041681091418789
1 0.056250984375 0.2673208239277652 0.11250196875 0.2274009142212189
1 0.32428198448454165 0.20957952595936793 0.017105562499999987 0.025662782463769764
1 0.31908453124999997 0.214648713362152 0.012975374989878457 0.031920067829759285
1 0.22859892119521105 0.20245097065462753 0.03914542187500002 0.016395677200902927
1 0.26414935937499995 0.19266108295109652 0.03157949999999999 0.017821388261851014
1 0.44803415625 0.20957952595936793 0.06144842269678949 0.04490989841986455
1 0.264149359375 0.19888669300225734 0.019627525493229155 0.016870904716478567
1 0.2921761699671856 0.21670808126410834 0.05315881993411677 0.05203845372460495
1 0.315223984601843 0.20957952595936793 0.027178965807832908 0.03706848758465012
1 0.28684712500000004 0.23101271120344893 0.039803328124999975 0.05203845372460495
1 0.09868593749999999 0.2577296688724349 0.08818934506993073 0.09195836343115121
1 0.10296232812500002 0.1824910158013544 0.013816031250000001 0.016395677200902927
1 0.16891742722033917 0.19888669300225734 0.03157949999999999 0.03386064304396015
1 0.2546919552836887 0.19888669300225728 0.033553218750000016 0.017821388261851014
1 0.087172578125 0.19175813769751696 0.029605781249999998 0.03279135440180588
1 0.06513271874999998 0.1860552934537246 0.008881734374999995 0.02494994356659142
1 0.147699953125 0.19888669300225734 0.0315795 0.0192470993227991
1 0.150989484375 0.2587665575620768 0.029605781249999998 0.04918703160270881
1 0.231911953125 0.24144836089672536 0.09245517793320213 0.07384344520047635
2 0.155265875 0.19460955981941308 0.005592203125000002 0.023524232505643332
1 0.279281203125 0.24807372460496613 0.03157950000000002 0.05203845372460495
1 0.25425087865684237 0.17678817155756207 0.007954678542177263 0.008943091883016858
1 0.24463148930947914 0.18201577402866823 0.008881734375000002 0.014494724367268631
1 0.199016640625 0.18748100451467264 0.03717170312499999 0.017821388261851014
1 0.14726134457229165 0.23452946952595932 0.08607607648041668 0.07484978792844244
