2 0.7174468231932362 0.234173054236006 0.010690982319323557 0.01889073393398039
2 0.88356809375 0.2366680361173815 0.007894874999999975 0.022811376975169304
2 0.534548885691365 0.23239090293453724 0.00625011513163655 0.017108532731376986
1 0.7921849162829062 0.228113769751693 0.06947490065790625 0.04562275395033861
2 0.9967279687499998 0.24522230248306995 0.005921156249999981 0.011405688487584636
2 0.38092771875 0.22241092550790068 0.009868593750000028 0.028514221218961622
2 0.556917640625 0.2252623476297968 0.011842312499999962 0.03421706546275394
2 0.7026438749999999 0.23524232505643342 0.005921156249999981 0.017108532731376986
2 0.7432695686670292 0.2334601737549646 0.007894874999999975 0.025662799097065446
2 0.374677609375 0.22241092550790068 0.005921156249999981 0.025662799097065477
1 0.5 0.5 1.0 1.0
