2 0.7365260468749999 0.3970605304740407 0.017434515624999966 0.11690830699774266
2 0.4967192187499999 0.38066485327313765 0.018092421874999983 0.10764118510158015
2 0.24671484375 0.352150632054176 0.006015142957843149 0.05641742326632138
1 0.943766515625 0.3984862415349887 0.11184406250000005 0.09338407449209933
2 0.8348830312499999 0.3984862415349887 0.02828996874999999 0.11690830699774266
2 0.7921190559192911 0.5459047313048255 0.07927768930885826 0.3973456108098752
2 0.23254247515822712 0.35191301859343027 0.008223828125000015 0.04984046861975954
2 0.7263284999999998 0.3984862415349887 0.013816031249999956 0.09267121896162527
2 0.39423766782154296 0.3599920428893905 0.013816031250000017 0.06772127539503388
2 0.4915065764948532 0.367778617502735 0.008400957003275226 0.0652536980526072
2 0.534548828125 0.3685463092550791 0.009539640625000049 0.06558270880361176
2 0.51645640625 0.4034762302483071 0.036513796875000004 0.17536246049661403
2 0.25855715625 0.3721105869074492 0.018092421874999983 0.10764118510158015
2 0.706920265625 0.3927833972911964 0.02203985937500003 0.1090668961625282
