1 0.8599451492984549 0.30581502257336346 0.01630374477036452 0.01853424379232504
1 0.6684327499999999 0.28656792325056435 0.004934296875000044 0.00855426636568846
1 0.7823958832499371 0.316507855530474 0.04248850456240565 0.023109780609583033
1 0.73093384375 0.3222106997742664 0.04122036333610725 0.044471190507164804
1 0.6776434375 0.33005211060948075 0.025987296875000017 0.034098273385520204
1 0.622865583850546 0.2944093340857788 0.013272548266302664 0.017821388261851045
1 0.44803415625000004 0.32348964642429423 0.04934296875000002 0.03492992099322797
1 0.637302394711251 0.2944093340857788 0.023456880688336432 0.0183834453896171
1 0.6957359372293155 0.2901322009029345 0.00789479714568427 0.012118544018058695
1 0.5748190522429772 0.32221069977426636 0.09084412988904547 0.04918703160270878
1 0.689156796875 0.28656792325056435 0.007236968750000017 0.00855426636568846
1 0.7486973124999999 0.3300521106094808 0.044459287506953396 0.03421706546275397
1 0.20966211902855647 0.28870648984198644 0.021381953125000012 0.020672810383747155
1 0.05318075476974145 0.9107235924320078 0.1063615095394829 0.17855281513598423
2 0.6452412339774457 0.3157948930780857 0.01266452262247076 0.05916700902934536
1 0.113159875 0.2944093340857788 0.016118703125000005 0.017821388261851045
1 0.1727082234160028 0.2944093340857788 0.02554347084766476 0.022811376975169273
1 0.19637004863169577 0.2901322009029345 0.020724046874999996 0.01853424379232504
1 0.71072590089856 0.31779837858343285 0.012069149328402773 0.015695093075815496
1 0.677577552000934 0.28571258472663974 0.007368536446562028 0.005702844243792318
