1 0.3337798830838331 0.7007369864559821 0.6675597661676662 0.595947223476298
1 0.6413271996119055 0.34716064334085783 0.009473683678306226 0.01496996613995487
1 0.9970569218750001 0.49115746049661396 0.004934296875000044 0.07983981941309251
1 0.6695846014864578 0.34716064334085783 0.012171265624999943 0.017108532731376986
1 0.697215632888542 0.3546461342366094 0.02713830473589051 0.04419704288939055
1 0.40790187499999997 0.3792391422121897 0.04694819141056564 0.04134562076749438
1 0.029408400822133217 0.4098919300225734 0.05750098914426644 0.04134562076749438
2 0.195069203125 0.352150632054176 0.008223828125000015 0.028514221218961622
1 0.7322496562499999 0.36070489841986464 0.02532939062499994 0.037068487584650145
1 0.4275199167329609 0.3658576694079727 0.028828729232960922 0.033857815632015995
1 0.6503403281250002 0.34716064334085783 0.005592203125000002 0.01496996613995487
1 0.6368532499999998 0.35001206546275393 0.006250109374999961 0.01354425507900675
1 0.38092771875 0.38494198645598193 0.07138282812499999 0.05132560086736589
1 0.6848804062500001 0.3471606433408577 0.00921068750000001 0.019959954853273162
1 0.2742812611564821 0.3733938169688635 0.05197397004364828 0.04918703160270878
1 0.42298981635925037 0.3734887908044818 0.029583915910703952 0.029987439443825304
1 0.6585641562500001 0.34716064334085783 0.008552781250000053 0.01496996613995487
1 0.37105912500000005 0.3578534762979684 0.017763468750000004 0.01496996613995487
1 0.12574233203125 0.3471606433408577 0.2514846640625 0.17464960496613996
