1 0.34408496875 0.41702048532731373 0.07138282812499999 0.06486985327313771
1 0.6565904375 0.3578534762979684 0.03125054687500004 0.04490989841986455
1 0.7450788281249999 0.38494198645598204 0.08256723437499999 0.08411695259593681
1 0.30428164062499996 0.36498203160270876 0.06743539062500001 0.03778134311512414
1 0.00912844921875 0.38066485327313765 0.0182568984375 0.04633560948081267
1 0.032566359375 0.37353629796839727 0.04013228125 0.04633560948081267
1 0.23421462499999998 0.39207054176072237 0.11677835937500003 0.07199840857787812
1 0.35165089062499993 0.35143777652370206 0.027303109374999992 0.03207849887133186
1 0.7638291562499998 0.39492196388261847 0.07730398437499998 0.06629556433408576
1 0.701657015625 0.37781343115124155 0.05657993749999998 0.05203845372460495
1 0.32368987500000007 0.4127433521444695 0.13552868750000002 0.06629556433408576
1 0.0222043359375 0.3763877200902934 0.044408671875 0.04490989841986455
1 0.6177739687500001 0.3820905643340858 0.06875120312500003 0.056315586907449186
1 0.37961190625 0.38066485327313765 0.07861979687500001 0.05203845372460495
1 0.9352137343749999 0.3457349322799097 0.04013228124999995 0.015682821670428865
