1 0.31842662499999996 0.36070489841986464 0.029934734375000004 0.04562275395033861
1 0.18421375000000004 0.3115178668171557 0.04440867187500001 0.04134562076749438
1 0.5 0.8359331687358916 1.0 0.3281336625282168
1 0.835211984375 0.5039888600451468 0.27336004687500004 0.2081538148984198
1 0.20866691476500002 0.39230820779458236 0.11480450904374999 0.17678812878623026
1 0.258228203125 0.3222106997742664 0.024013578125000025 0.04134562076749438
2 0.8217249062499999 0.37995199774266364 0.029934734375000004 0.08482980812641087
1 0.143752515625 0.35001206546275393 0.04901401562499998 0.0769883972911964
1 0.26118878125 0.3828034198645599 0.02861892187500003 0.09623549661399551
1 0.8748521887639906 0.37531824966907 0.09572541694208472 0.09516593708538519
1 0.23388567187500003 0.31722071106094807 0.038816468750000006 0.05203845372460495
1 0.045724484375000006 0.37353629796839727 0.08651467187500002 0.09338407449209933
1 0.11052825 0.3571406207674943 0.05592203124999999 0.0769883972911964
1 0.027961015625 0.3222106997742663 0.05592203125 0.05203845372460495
