1 0.3273083593750001 0.3357549548532731 0.03256635937500001 0.07057269751692999
1 0.00855278125 0.33290353273137685 0.016447656249999998 0.025662799097065446
1 0.340466484375 0.3100921557562077 0.045066578125 0.09053265237020319
1 0.22664870312499996 0.38850626410835215 0.023026718749999998 0.09908691873589162
1 0.2986894375 0.2944093340857788 0.005921156249999981 0.0156828216704289
1 0.052961453125 0.5161074040632054 0.10592290625 0.3214978442437923
1 0.29671571874999997 0.35143777652370206 0.05756679687499998 0.09766120767494356
1 0.273360046875 0.37282344243792326 0.037171703125000025 0.10764118510158015
1 0.9906335859375001 0.902763374717833 0.01873282812500001 0.19447325056433412
1 0.258228203125 0.3072407336343115 0.013158124999999998 0.0384941986455982
1 0.141778796875 0.4106047855530474 0.11513359374999999 0.2010252595936794
