1 0.33462756640624997 0.7000450070212122 0.6692551328124999 0.5999099859575753
1 0.6388269687499999 0.35001206546275393 0.012171265624999943 0.022811376975169273
1 0.7894875000000001 0.36070489841986464 0.04605343750000005 0.06772127539503388
1 0.40839527754085897 0.378169917744414 0.04638244491828214 0.039207171831943256
1 0.030880561586359774 0.4098919300225734 0.05732037195453259 0.04134562076749438
2 0.1934244375 0.352150632054176 0.008223828125000015 0.032791354401805854
1 0.871396828125 0.3607048984198646 0.03256635937499996 0.02423708803611739
1 0.42716765502926696 0.3652851447428266 0.02847646752926695 0.035957072737551526
1 0.38092771875 0.387080553047404 0.07138282812499999 0.05203845372460495
1 0.814158984375 0.34359636568848756 0.022697765624999987 0.019959954853273162
1 0.33651904687500006 0.37923914221218963 0.025329390625 0.03492992099322797
1 0.6587290548700366 0.34716064334085767 0.010197265503308846 0.016038944563404624
1 0.424020578125 0.37389275068495026 0.027467551395522052 0.028157768502408694
1 0.37237493750000006 0.3564277652370204 0.012171265625000002 0.01069283295711064
1 0.12715865701135068 0.34969522916463136 0.25362285937499995 0.17203582670257303
