1 0.4596569122584414 0.32720084532678007 0.018202055371271796 0.02756388500671347
1 0.22434603125 0.37353629796839727 0.03750065625 0.07556268623024828
1 0.401651765625 0.3115178668171557 0.01644765625000003 0.02494994356659145
1 0.087172578125 0.41915905191873587 0.09802803124999998 0.1211854401805869
1 0.43487603124999996 0.38850626410835215 0.029934734375000004 0.09338407449209933
1 0.364809015625 0.31722071106094807 0.015131843749999992 0.016395677200902927
1 0.526325 0.34288351015801344 0.026645203125000034 0.04989988713318284
1 0.7355391875 0.545334480812641 0.360532625 0.32648783295711054
1 0.29046560937500004 0.35143777652370206 0.043092859375 0.06059272009029348
1 0.9434288125 0.5317902257336342 0.11314237500000009 0.21100523702031598
1 0.28618921875 0.32363641083521444 0.040132281249999985 0.02922707674943568
1 0.41382303125 0.29654790067720094 0.01644765625000003 0.027801365688487595
1 0.46283704687500005 0.3428835101580135 0.00625010937500002 0.032791354401805854
1 0.2434253125 0.33219067720090295 0.027961015625000012 0.032791354401805854
1 0.389809453125 0.3557149097065463 0.07302759375000001 0.07413697516930023
1 0.33257160937499997 0.33789352144469526 0.027961015625000012 0.04134562076749438
1 0.10690976562499999 0.3307649661399548 0.07763293749999998 0.13900682844243792
1 0.314808140625 0.3485863544018059 0.00953964062499999 0.04562275395033861
1 0.15954226562499998 0.33789352144469526 0.049671921875000004 0.06201843115124153
1 0.350992984375 0.332190677200903 0.02236881250000001 0.04134562076749438
1 0.244741125 0.36783345372460496 0.029934734375000004 0.06059272009029348
1 0.47081383528255166 0.3063499048340217 0.013733755957822365 0.017465013966125723
1 0.516127453125 0.32363641083521444 0.021052999999999975 0.026375654627539505
1 0.38026981249999997 0.31294357787810384 0.013487078124999977 0.01354425507900675
1 0.3039526875 0.32363641083521444 0.026645203124999975 0.02780136568848756
1 0.37303284375 0.31722071106094807 0.007565921874999996 0.01354425507900675
1 0.439810328125 0.33646781038374723 0.027961015625000012 0.04134562076749438
1 0.17598992187499998 0.37781343115124155 0.06875120312499998 0.10621547404063202
1 0.439810328125 0.34858635440180585 0.027961015625000012 0.06059272009029348
1 0.53158825 0.3428835101580136 0.01644765625000003 0.04134562076749438
1 0.408888734375 0.30296360045146725 0.015131843749999992 0.026375654627539505
1 0.07006701562500002 0.38280341986455985 0.06875120312500001 0.07556268623024828
1 0.4681009810769739 0.3161511711449447 0.009211108547368596 0.021385722940952853
1 0.39869118750000004 0.4255747516930022 0.07763293750000001 0.14613538374717827
1 0.42961278125 0.39706053047404066 0.04440867187499998 0.09338407449209933
