1 0.8455866606565976 0.2487865801354402 0.013816031249999956 0.018534243792325072
1 0.7045912772210475 0.24094516930022572 0.013737081663142803 0.018477214745385294
1 0.60198421875 0.24237088036117385 0.022697765624999987 0.02591438779365029
1 0.7852111093749999 0.24094516930022572 0.015672266313096848 0.01853424379232504
1 0.96842925 0.2773008013544018 0.06314150000000004 0.07342411963882617
1 0.6795723864997483 0.24094516930022572 0.030405779187374075 0.027088510158013532
2 0.739157671875 0.2423708803611738 0.004276390624999967 0.017821388261851014
1 0.9930163850218404 0.23239090293453724 0.013816031249999956 0.009979977426636581
1 0.6954069062499999 0.24094516930022572 0.0168661488755036 0.02076982835269017
1 0.8710678749999999 0.26589511286681716 0.03742755688096899 0.043484187358916494
1 0.7477104659174578 0.24949944952681688 0.02565833735377095 0.022811432418779903
1 0.9240293281249999 0.2566140075735608 0.023678172244882726 0.02423708803611739
1 0.768836552494031 0.2366680361173815 0.02112609936903098 0.011722507423339731
1 0.6486955625 0.23524232505643342 0.02162867336575521 0.0313656433408578
1 0.63487953125 0.24094516930022572 0.024013578125000025 0.02423708803611739
1 0.7292890781249999 0.23524232505643342 0.013011926261937982 0.009979977426636581
1 0.69409109375 0.23096519187358916 0.020724046874999996 0.017108532731376986
1 0.87172578125 0.2559151354401805 0.062048784228769686 0.045800972278189224
1 0.7251849914461995 0.25163800225733635 0.020536062785198796 0.018534243792325072
1 0.7146730489376257 0.2437965914221219 0.021195091687374063 0.02076982835269017
1 0.7697503124999999 0.2587665575620768 0.04111914062500001 0.035801185991579575
1 0.948060227329664 0.2744493792325056 0.07927770312499997 0.06945464998168498
1 0.9311252629900452 0.24491674423480378 0.016964654554939784 0.016701167219880873
1 0.8131721249999999 0.2644694018058691 0.022697765624999987 0.042058476297968404
1 0.759215129099022 0.7810430042435164 0.481569741801956 0.43791399151296745
