2 0.757579046875 0.19888669300225734 0.006908015625000038 0.0192470993227991
2 0.9008381484366016 0.19853022425090133 0.010362012747325148 0.03956346233925234
1 0.3434270625 0.15682821670428895 0.013487078124999977 0.027801365688487577
1 0.28750503125 0.16752104966139955 0.020395093750000017 0.03706848758465012
1 0.139805078125 0.17678817155756207 0.031908453125 0.042771331828442435
1 0.27204423437499997 0.16466962753950337 0.021052999999999975 0.03991990970654629
1 0.174674109375 0.16894676072234763 0.036842750000000014 0.04562275395033861
1 0.3664537796052631 0.1525510835214447 0.009210690789473711 0.017108532731376986
1 0.6480376562500001 0.18748100451467273 0.012829171875000019 0.027801365688487595
1 0.022039859375 0.18320387133182842 0.04407971875 0.06415699774266365
1 0.204279890625 0.16466962753950337 0.03750065625 0.04776132054176072
1 0.2985250978714273 0.1668081780908339 0.019079251642664375 0.03136562730076624
1 0.3250056875 0.16039249435665914 0.017105562499999987 0.02922707674943565
1 0.616129203125 0.17821388261851018 0.010526500000000046 0.017108532731376986
1 0.25592572369768163 0.16823392123196515 0.02401354851766439 0.04419704288939052
1 0.8954104062499998 0.22882662528216705 0.09605431249999997 0.04562275395033861
1 0.0617497464851116 0.1823891609664302 0.05521715284341517 0.05488987584650113
1 0.019408333882905696 0.1546896697163122 0.021217514254888523 0.028514227753443415
1 0.23695565103979171 0.16633297136757752 0.031250546875000014 0.04419704288939054
1 0.33059789062499995 0.16324391647855527 0.012829171875000019 0.019959954853273128
1 0.35395356250000004 0.15682821670428895 0.009868593750000028 0.021385665914221218
1 0.10460709375 0.16894676072234763 0.04802715624999999 0.06130557562076747
1 0.3095451567118234 0.1613429409391217 0.020614389497932765 0.037068487584650096
1 0.003618484375 0.14470967268623025 0.00723696875 0.010692832957110624
