1 0.22270126562500003 0.033504209932279906 0.022039859375 0.019959954853273138
1 0.34836135937499996 0.029227076749435664 0.007894874999999975 0.014257110609480811
1 0.124015328125 0.05275130925507901 0.028618921874999998 0.04490989841986456
1 0.05789575 0.04348418735891647 0.031908453125 0.02780136568848759
1 0.31020279687499996 0.029227076749435664 0.008552781249999994 0.01853424379232506
1 0.4099852550260027 0.03492992099322799 0.038670294652673874 0.03698929620009418
1 0.8312644942432018 0.36925905073018894 0.33717708470449553 0.47024674012788936
1 0.157568546875 0.05275130925507901 0.03947437499999999 0.05203845372460497
1 0.207569421875 0.04205847629796839 0.030592640624999994 0.033504209932279906
1 0.3886033457608199 0.03445462536073687 0.008333452119590017 0.01853424379232506
1 0.119409984375 0.026375654627539505 0.014144984374999996 0.014257110609480815
1 0.36670072828370054 0.030652787810383744 0.008552781249999994 0.01853424379232506
1 0.2718795283871965 0.05560273137697517 0.10987035855163248 0.08411701674748165
1 0.102633375 0.039207054176072245 0.03750065625 0.04490989841986456
