1 0.387177828125 0.27801365688487584 0.04111914062500001 0.03421706546275394
1 0.4041518085855511 0.2915579119638826 0.0692775293091732 0.05061273838673323
1 0.13717345312499998 0.2783700124736709 0.04802715624999999 0.037068487584650145
1 0.14704204687499997 0.27516223476297963 0.03430252465620023 0.044038639921999675
1 0.06118528125 0.2587665575620767 0.022039859375 0.017821388261851014
1 0.33421637499999995 0.28086507900677204 0.05822470312499999 0.04918703160270881
1 0.069409109375 0.27516223476297963 0.03026368749999999 0.03706848758465008
1 0.58487865625 0.27658794582392776 0.052961453124999974 0.03706848758465008
1 0.011167930764677403 0.26732082392776524 0.022335861529354805 0.05488987584650113
1 0.3560369802454984 0.27231081264108353 0.04802708431925235 0.027088510158013532
1 0.8571695811057507 0.28852822316370325 0.07434330879800216 0.050612742663656896
2 0.19770082812499998 0.25662799097065464 0.006579062499999999 0.017108532731376986
1 0.7775439701806365 0.2780136568848759 0.05589673008308971 0.04046826538706949
1 0.09737012499999999 0.27231081264108353 0.012500218749999995 0.017821388261851014
1 0.7125124687500001 0.26732082392776524 0.04671134375000001 0.027088510158013532
1 0.2893143684231898 0.38636769751693 0.13174590789881685 0.20886678270420136
1 0.38103160434290195 0.27152287676715425 0.024359827596294063 0.017821388261851014
1 0.160529125 0.27231081264108353 0.01250021875000001 0.027088510158013532
1 0.8475376675157096 0.25739905302268345 0.021381953124999954 0.017821388261851014
1 0.8319998651288809 0.2781814120174394 0.04802715625000005 0.04918703160270881
1 0.5676397299128697 0.2607702789329344 0.057086709074506935 0.06537072398648251
1 0.9604773158222849 0.28086507900677204 0.029605781250000025 0.04918703160270881
1 0.8738850542869671 0.26161797968397293 0.04697278663400522 0.02516924710280021
1 0.21628664638107936 0.27302352381867356 0.032895312499999996 0.037068487584650145
1 0.44277090625 0.27231081264108353 0.012500218749999981 0.03706848758465008
1 0.6664590312500001 0.25940016943164007 0.0209799036306728 0.03096967809959594
1 0.928634671875 0.27801365688487584 0.05690889062499996 0.05203845372460495
1 0.1881611875 0.26732082392776524 0.03092159375 0.04490989841986455
