1 0.10011139420675401 0.4127433521444695 0.09897104524514116 0.06049766083699117
1 0.5802733125 0.3485863544018059 0.024013578125000025 0.03920705417607226
1 0.19210862499999998 0.3669561092691661 0.020724046874999996 0.03843936900394331
1 0.4659072753563519 0.37662533711534507 0.010636150356351948 0.02411827061295311
1 0.8903664592731994 0.3977733860045147 0.03388217187499999 0.06486985327313771
1 0.118752078125 0.36925916478555304 0.10329128124999999 0.04490989841986455
1 0.5197459375 0.35001206546275393 0.025987296875000017 0.03350420993227991
1 0.5736942500000001 0.37781343115124155 0.011184406250000004 0.045435158928423994
1 0.4863769333526578 0.3414577990970655 0.021381953125000012 0.013629801438155528
1 0.15263425 0.4034762302483071 0.069409109375 0.06772127539503388
1 0.791790171875 0.3723142668992606 0.04013228124999995 0.05203845372460495
1 0.506916765625 0.3763877200902934 0.07467235937500002 0.06059272009029348
1 0.8753442656249999 0.38494198645598193 0.06311787776259645 0.07983981941309251
1 0.2985966538855883 0.38494198645598193 0.03287001135911751 0.036355632054176086
1 0.8240275781249999 0.369259164785553 0.07138282812499999 0.06629556433408576
