1 0.387177828125 0.27801365688487584 0.04111914062500001 0.037068487584650145
1 0.4048096497060238 0.29155791196388264 0.06829076762846432 0.05417666319290533
1 0.135857640625 0.27801365688487584 0.04802715624999999 0.037068487584650145
1 0.14704204687499997 0.27516223476297963 0.035307607272946205 0.044434650310703185
1 0.061843187499999994 0.2601922686230248 0.021381953125 0.02067281038374719
1 0.33355846874999995 0.28371650112866814 0.05822470312499999 0.04918703160270878
1 0.07894875 0.27231081264108353 0.039803328125 0.03991990970654629
1 0.5852075884044218 0.27658791552783285 0.053948291529421745 0.037068487584650145
1 0.00912844921875 0.26732082392776524 0.0182568984375 0.05488987584650113
1 0.356914140625 0.27231081264108353 0.04671134375000001 0.027088510158013532
1 0.8567584118009558 0.28763720164541207 0.072698631578823 0.050612742663656896
2 0.193753390625 0.25662799097065464 0.006579062499999999 0.017108532731376986
1 0.7776451874999999 0.27801365688487584 0.05598779358404104 0.04098911636760558
1 0.09802803125 0.27231081264108353 0.009539640625000005 0.017821388261851014
1 0.7111966562500001 0.2644694018058691 0.04605343750000005 0.027088510158013532
1 0.29089325074019484 0.3859399884758216 0.1348707845395642 0.21072009765957703
1 0.3811181661480456 0.27086633576200153 0.02410014218086314 0.017821388261851014
1 0.9669489609374999 0.9723349435665913 0.0661020781250001 0.05488987584650113
1 0.16003570888171464 0.2730236485681775 0.01250021875000001 0.029583435902842473
1 0.8478733170494688 0.25783547318395944 0.021381953124999954 0.017821388261851014
1 0.8321933564383861 0.2786007159838616 0.04802715625000005 0.04918703160270881
1 0.5675063772779211 0.26134824069162876 0.05726451258777191 0.06373316567018195
1 0.960190675760279 0.28086507900677204 0.029605781250000025 0.04918703160270881
1 0.8735476831628343 0.26161797968397293 0.0457498163090244 0.02379843892348027
1 0.216780109375 0.27231081264108353 0.032895312499999996 0.03706848758465008
1 0.444744625 0.27231081264108353 0.010855453125000025 0.027088510158013532
1 0.66645903125 0.257816127876826 0.02116264592462661 0.03374175082052065
1 0.926003046875 0.2780136568848759 0.05361935937500005 0.04918703160270881
1 0.18494998107811872 0.2682712878978793 0.03157949999999999 0.044638337285546226
