1 0.6444193079118686 0.3122309188794489 0.017105562499999987 0.02494994356659145
1 0.2986894375 0.3478734988713318 0.06315899999999998 0.04490989841986455
1 0.9920590659248494 0.34122003803290785 0.015881868150301178 0.09053265237020315
1 0.6184318750000001 0.3093793002257336 0.01250021875000004 0.0192470993227991
1 0.476324125 0.3300521106094808 0.017105562499999987 0.020672810383747155
1 0.9750828591779311 0.33375897248490727 0.01907928124999998 0.029369660972491957
1 0.8230794181615249 0.334329243792325 0.038526215036524765 0.044238974531674725
1 0.336848 0.332903532731377 0.04736924999999997 0.037068487584650145
1 0.9560552461817234 0.34359636568848756 0.06203115507514572 0.06843413092550787
1 0.8344601091743035 0.3136564334085779 0.017105562499999987 0.017821388261851045
1 0.7923384292764967 0.3286263852904953 0.0328953059205098 0.059166987642289316
1 0.85725184375 0.33931923250564333 0.037171703125000025 0.04633560948081267
1 0.452968453125 0.34502207674943564 0.084540953125 0.06130557562076747
1 0.6000105 0.3136564334085779 0.008223828124999954 0.012118544018058695
1 0.899686796875 0.34359636568848756 0.04802715625000005 0.05488987584650113
