1 0.33355846874999995 0.2903696633756373 0.04714987591188257 0.08435464912482245
1 0.46283704687500005 0.2610834090988142 0.11554481794872368 0.06896870151066654
1 0.979293453125 0.35143777652370206 0.04079018750000003 0.056315586907449186
2 0.35000612500000006 0.315082144469526 0.011842312500000023 0.029939932279909678
1 0.884554953125 0.33646707261885017 0.043421585534826806 0.056315095064184584
1 0.8086984307916247 0.3735365446198639 0.11546254687500006 0.1338743179533182
1 0.746394640625 0.8435957508844066 0.5052716595522403 0.3128084982311865
2 0.179279453125 0.3300521106094808 0.01940823437499999 0.04490989841986455
1 0.9687669531249999 0.31436928893905186 0.01875050795570547 0.021385665914221218
2 0.3881646875 0.315082144469526 0.009868366784826854 0.026375654627539505
1 0.5269828338810361 0.2879936343115124 0.11250193256551805 0.08269124153498869
2 0.3779671406250001 0.315082144469526 0.012171265625000002 0.02708826423638123
