1 0.945082328125 0.37923914221218963 0.03157950000000002 0.08768123024830698
1 0.83751465625 0.41773334085778785 0.21612220312499997 0.1710853273137698
1 0.626655703125 0.3820905643340858 0.045395531249999975 0.04490989841986455
1 0.33684800000000004 0.39135768623024825 0.05690889062500002 0.06843413092550787
1 0.7776451874999999 0.3699720203160271 0.052303546875000016 0.05488987584650113
1 0.502969328125 0.3820905643340858 0.06809329687499996 0.08055267494356658
1 0.345071828125 0.3492992099322799 0.027303109374999992 0.017821388261851045
1 0.7253416406250001 0.3699720203160271 0.049342968749999966 0.05488987584650113
1 0.57435215625 0.37923914221218963 0.052303546875000016 0.06700841986455983
1 0.596392015625 0.36426917607223475 0.027303109375000054 0.03564277652370203
2 0.770079265625 0.3492992099322799 0.010197546874999948 0.032791354401805854
