1 0.24021801953125 0.7865679232505643 0.4804360390625 0.4268641534988714
1 0.0031250546874999996 0.5061274266365688 0.006250109374999999 0.03207849887133186
1 0.86554916015625 0.7300741224604966 0.26890167968749995 0.5398517550790067
1 0.59014190625 0.6722227652370204 0.36184843749999995 0.404901941309255
1 0.034869031249999995 0.30082503386004517 0.02697415625 0.07983981941309258
1 0.9427796562499999 0.27943936794582397 0.06908015625000002 0.12261115124153502
1 0.0169410859375 0.29298362302483066 0.033882171875 0.09195836343115127
1 0.024342531250000004 0.2644694018058691 0.017434515625 0.02423708803611739
1 0.05551083984375 0.6337285665914222 0.1110216796875 0.24807372460496613
2 0.5536281093749998 0.43911900677200905 0.02861892187499997 0.1133440293453725
