2 0.05065878124999999 0.44482185101580135 0.032237406249999996 0.15611536117381486
1 0.32566359375 0.3243492663656885 0.011184406250000004 0.026375654627539505
1 0.790474359375 0.3934962528216704 0.12006789062499999 0.10835404063205413
2 0.4118493125 0.3314778216704289 0.007565921874999996 0.039919909706546255
2 0.04493457054322336 0.4298518848758465 0.0326321657900658 0.17678817155756207
1 0.345729734375 0.6337285665914222 0.548364859375 0.526087381489842
2 0.022039859375 0.43412901805869075 0.04407971875 0.20102525959367948
1 0.49507445312500004 0.34003208803611734 0.025987296875000017 0.04490989841986455
2 0.06315765779071744 0.4327033069977427 0.030263743425386774 0.16538248306997744
1 0.17718234117768386 0.323992849293819 0.027138637747043594 0.01853424379232504
