1 0.33290056249999994 0.3314778216704289 0.04802715624999999 0.06130557562076747
1 0.58751028125 0.33290353273137685 0.07269864062500003 0.06843413092550787
1 0.49277178125000004 0.37923914221218963 0.10789662500000005 0.05488987584650113
1 0.28553131249999997 0.334329243792325 0.07269864062499996 0.07413697516930023
1 0.60066840625 0.28728077878103836 0.008223828124999954 0.01354425507900675
1 0.2407936875 0.352150632054176 0.06644853125000001 0.08625551918735892
1 0.365795875 0.316507855530474 0.06118528124999999 0.056315586907449214
1 0.49277178125 0.36426917607223475 0.08158037499999994 0.04490989841986455
1 0.6014082207976715 0.30545860817426795 0.03560922820854747 0.036712099917837436
1 0.4549421718750001 0.3001121783295711 0.025329390625 0.032791354401805854
1 0.6352093888558993 0.2794393679458239 0.02713832446673893 0.018534154699193183
1 0.32533464062500006 0.3421706546275396 0.010197546875000008 0.04776132054176072
1 0.44967892187499997 0.30652787810383747 0.024013578125000025 0.041345620767494345
1 0.539483125 0.3450220767494356 0.13651554687499998 0.10122548532731374
1 0.405599203125 0.3136564334085779 0.037171703125000025 0.04918703160270878
1 0.2671099375 0.3478734988713318 0.07631712500000001 0.08340409706546274
1 0.42073104687499996 0.30795358916478555 0.04868506250000001 0.04776132054176069
1 0.5994873363735053 0.29583504514672687 0.06875120312500003 0.056315586907449214
1 0.5792864531250002 0.33005211060948086 0.05361935937500005 0.04776132054176072
1 0.6279715156250002 0.2794393679458239 0.024013578125000025 0.017821388261851014
1 0.57040471875 0.30296360045146725 0.10625185937499998 0.04776132054176076
