1 0.29046560937500004 0.17251103837471782 0.017763468750000004 0.02423708803611739
1 0.94212175 0.23951945823927764 0.04605343750000005 0.04776132054176072
1 0.224017078125 0.17821388261851018 0.014802890625000013 0.030652787810383737
1 0.917450265625 0.210292381489842 0.033224265625000034 0.017108532731376986
1 0.03684275 0.18320387133182842 0.042434953125 0.03991990970654629
1 0.20164860935609508 0.17251110609108378 0.02129975781013688 0.04205851015615136
1 0.08256723437499999 0.18177816027088037 0.03947437499999999 0.04419704288939052
1 0.119409984375 0.1739367494356659 0.041777046874999994 0.04562275395033861
1 0.31941348437499995 0.16894676072234763 0.008552781249999994 0.019959954853273128
1 0.558891359375 0.19247099322799094 0.009868593749999969 0.010692832957110609
1 0.18217225853185712 0.17650296376856559 0.026447937163374034 0.04419704288939052
1 0.73159175 0.2338166139954853 0.07631712500000004 0.04419704288939052
1 0.976324125 0.2338166139954853 0.047351749999999984 0.056315586907449214
1 0.9102132968749999 0.2338166139954853 0.04736924999999997 0.04419704288939052
1 0.15902495966322425 0.1763808002275878 0.032472380554985136 0.04419704288939052
1 0.2776364375 0.17251103837471782 0.00921068750000001 0.02423708803611739
1 0.31382128125 0.16752104966139955 0.006908015624999978 0.021385665914221218
1 0.98413676171875 0.2060152483069977 0.03172647656250002 0.03706848758465012
1 0.010279785156249999 0.18177816027088037 0.020559570312499997 0.05488987584650113
