1 0.654287765625 0.613768611738149 0.06743539062500001 0.039919909706546325
1 0.38816465037513104 0.7283347251078673 0.7434340625 0.5426866052761637
1 0.705604453125 0.33718066591422124 0.011842312499999962 0.014257110609480811
1 0.694420046875 0.33718066591422124 0.016118703125000047 0.017821388261851045
1 0.5753390156250001 0.3307649661399548 0.03157950000000002 0.020672810383747155
1 0.40033595312500003 0.32292355530474043 0.04671134375000001 0.02423708803611739
1 0.624024078125 0.33718066591422124 0.010526500000000046 0.017821388261851045
1 0.83356721875 0.8201301091528452 0.33249641663326485 0.3596661510967688
1 0.067435390625 0.316507855530474 0.05592203124999999 0.022811376975169273
1 0.6684327499999999 0.33432924379232504 0.042763906250000025 0.03492992099322797
1 0.36119053125000006 0.3243492663656885 0.04572448437500001 0.02423708803611739
