1 0.63751115625 0.33931923250564333 0.010526500000000046 0.050612742663656896
1 0.6013263124999999 0.3058150225733635 0.009868593749999969 0.017108532731376986
1 0.5868523749999999 0.30581502257336346 0.021381953124999954 0.022811376975169273
1 0.9108712031249999 0.3043893115124153 0.05329040624999995 0.029939932279909678
1 0.6605378749999999 0.3492992099322799 0.05131668749999996 0.09338407449209933
1 0.7072492187499999 0.30296360045146725 0.013158124999999998 0.017108532731376986
1 0.678630296875 0.30438931151241533 0.025987296875000017 0.022811376975169273
1 0.558891359375 0.3122307223476298 0.016118703125000047 0.022811376975169273
1 0.917450265625 0.32363641083521444 0.05329040624999995 0.04205847629796837
1 0.5809312187500001 0.3072407336343115 0.010526500000000046 0.017108532731376986
1 0.5700757656250001 0.30581502257336346 0.024013578125000025 0.01853424379232504
