1 0.22401707812500002 0.29583504514672687 0.011513359375000013 0.02494994356659142
1 0.449021015625 0.33361638826185097 0.05427726562500001 0.1005126297968397
1 0.10477157031249999 0.9020505191873589 0.20954314062499999 0.19589896162528211
1 0.053978983689230195 0.32933925507900674 0.04593423920658326 0.02948639945679863
1 0.8727861289062501 0.728113769751693 0.25442774218750003 0.5437724604966139
1 0.5986946874999999 0.3471606433408577 0.08158037499999994 0.13187827313769754
1 0.033882171875 0.30795358916478555 0.06776434375 0.07413697516930026
1 0.0056744414062499995 0.32720068848758466 0.011348882812499999 0.03350420993227991
1 0.810211546875 0.6116300451467269 0.306255359375 0.5232359593679459
1 0.16760161718750002 0.6337285665914222 0.33520323437500005 0.4227233295711061
1 0.32204510937499997 0.36712059819413084 0.16348970312499997 0.11334402934537242
1 0.076317125 0.29939932279909703 0.04539553125 0.04348418735891646
1 0.238491015625 0.30225074492099324 0.018750328125 0.02494994356659145
1 0.15974862737005444 0.41238682814469824 0.31949725474010887 0.26363789741120647
