1 0.887844484375 0.6422828329571106 0.025987296875000017 0.006415699774266346
1 0.978626796875 0.613768611738149 0.042746406250000035 0.054177020316027134
1 0.631261046875 0.5510373250564334 0.07105387500000002 0.05203845372460495
1 0.3865198337150336 0.727044486455982 0.7377429221815957 0.5459110270880361
1 0.025000437499999993 0.6045014898419864 0.048685062499999994 0.07342411963882617
1 0.66777484375 0.33432924379232504 0.054935171874999966 0.04490989841986455
1 0.6954069062500001 0.33718066591422124 0.008552781250000053 0.01853424379232504
1 0.6341241679483666 0.337101458805427 0.010526500000000046 0.01845503668353083
1 0.4460604375 0.32720068848758466 0.03059264062500002 0.022811376975169273
1 0.229938234375 0.3207849887133183 0.03914542187500002 0.028514221218961622
1 0.6388269687499999 0.33718066591422124 0.011842312499999962 0.017821388261851045
1 0.610865953125 0.597372934537246 0.054935171874999966 0.039919909706546325
1 0.83356721875 0.8194865802222403 0.3328629640144343 0.36102683955551934
1 0.922713515625 0.6258871557562077 0.08190932812500004 0.028514221218961622
1 0.5763258749999999 0.33432924379232504 0.03256635937499996 0.022811376975169273
