1 0.3687265540045532 0.2927243978831864 0.011184406250000004 0.014257110609480811
1 0.14732636803224175 0.29155791196388264 0.036513796875000004 0.031365643340857764
1 0.34685757384533067 0.30494941208632326 0.046053437499999995 0.19802108251521716
1 0.16908190625 0.33931923250564333 0.033224265625000006 0.04205847629796837
1 0.3672761455587479 0.29155791196388264 0.014638405427415731 0.011405681358975878
1 0.134541828125 0.3450220767494357 0.035197984374999984 0.043484187358916494
1 0.093093734375 0.350724920993228 0.038487515624999996 0.050612742663656896
1 0.29825084186173817 0.31207230780735545 0.019481334257215425 0.0264548599175246
1 0.24051955590139681 0.3267254524856351 0.0249534445992289 0.03535424070699333
1 0.048027156249999994 0.6662664592917864 0.09506745312499999 0.49226634443076017
1 0.1644765625 0.3100921557562077 0.023355671875000004 0.019959954853273162
1 0.3365848360789219 0.2989716101651542 0.012894963184222756 0.02252623521920741
1 0.3519798437499999 0.29583504514672687 0.008552781249999994 0.01853424379232504
1 0.2105186574772082 0.3696033026841082 0.0802532199772082 0.09554722081688513
1 0.5585177742822418 0.7584782844243793 0.88225228125 0.4769003498871331
1 0.14854583903410923 0.30438931151241533 0.04671134374999998 0.032587680520210924
1 0.21151685937500003 0.3307649661399548 0.02467148437500001 0.01853424379232504
1 0.26734679173961673 0.3202147017796866 0.022355653448667655 0.03036764434356787
1 0.9312630301044833 0.5308133512673788 0.13747393979103345 0.10309475436578443
1 0.31587723468332063 0.30670609310029406 0.018298017835119928 0.022722271704617252
1 0.0443757631740141 0.35970690224549395 0.05519833654610583 0.057741297968397304
1 0.2180136404180047 0.32648783295711065 0.02878341570779813 0.03528628638267048
1 0.1171073125 0.32933925507900674 0.03914542187500002 0.03350420993227991
1 0.2986894375 0.3015378893905193 0.04204508131517824 0.19350067173721044
1 0.11616508509275825 0.2972607562076749 0.017434515624999994 0.02138566591422125
1 0.20765868581051647 0.28870648984198644 0.016118703124999988 0.01853424379232504
1 0.05855362993296049 0.34858636865934417 0.03750063651222037 0.05061279969381024
1 0.1449421550100553 0.4049702969471484 0.060932935020110615 0.09687999650657622
1 0.33322951562500003 0.2901322009029345 0.009868593750000028 0.007128555304740438
1 0.18421375000000004 0.32363641083521444 0.02467148437500001 0.027088510158013567
1 0.005921156249999999 0.3607048984198645 0.009868593749999998 0.07057269751692999
1 0.24342531250000002 0.2901322009029345 0.022039859375 0.01853424379232504
