1 0.3340898671365777 0.7007369864559821 0.6681797342731554 0.595947223476298
1 0.9005004296875001 0.46620751693002266 0.198999140625 0.21599522573363433
1 0.6628405468749999 0.34716064334085783 0.012171265624999943 0.017108532731376986
1 0.710867703125 0.35642776523702036 0.030263687499999983 0.04918703160270878
1 0.4079018750000001 0.3792391422121897 0.04657974797327894 0.04134562076749438
1 0.030263687500000004 0.4098919300225734 0.05855365625 0.04134562076749438
2 0.19408234375 0.352150632054176 0.008223828125000015 0.027088510158013567
1 0.754947421875 0.36355632054176074 0.029605781250000025 0.03706848758465008
1 0.4274473892629898 0.365739791804408 0.028756201762989875 0.03429003351175332
1 0.38092771875 0.3849419864559819 0.07138282812499999 0.05070182554585137
1 0.697380625 0.3471606433408577 0.007894874999999975 0.022811376975169273
1 0.29539990625000007 0.37139773137697507 0.055264125000000004 0.056315586907449186
1 0.690472609375 0.3471606433408577 0.014144984375000055 0.019959954853273162
1 0.607905375 0.34537872737228337 0.0036184021033988027 0.00998006656968084
1 0.42467848437500005 0.37282344243792326 0.026974156250000013 0.030652787810383737
1 0.6496005416552274 0.3475168986761884 0.008470582753358612 0.013187999743676038
1 0.3719364692965461 0.35785303434079824 0.014144780430180859 0.012830736612777486
1 0.12666062272102643 0.34716064334085767 0.25332124544205287 0.17773855449773715
