1 0.3556880524006626 0.2962238711942953 0.011543260289734942 0.014257110609480811
1 0.1472437165841722 0.29155791196388264 0.036513796875000004 0.031365643340857764
1 0.34671659375 0.3078517517875489 0.04859107508725883 0.19847934654840207
1 0.14856030608186793 0.34359636568848756 0.03276878583861425 0.04249714312656817
1 0.113159875 0.35072492099322805 0.041777046875000015 0.053464164785553075
1 0.06710643749999999 0.35927918735891645 0.046053437499999995 0.05488987584650113
1 0.2775343739453915 0.31763858646432547 0.022493584068275306 0.02836673115541332
1 0.015460796874999998 0.3721105869074492 0.029934734374999997 0.08482980812641087
1 0.21616331470997346 0.32933925507900674 0.026562965152143944 0.032167602805278056
1 0.048027156249999994 0.6646823374396542 0.09506745312499999 0.49028619211559477
1 0.17237143749999997 0.3100921557562077 0.023355671875000004 0.01853424379232504
1 0.3247863833150252 0.30225074551503855 0.01578975027412716 0.0263756552215848
1 0.34145334374999997 0.2972607562076749 0.009868593750000028 0.02423708803611739
1 0.21143104637444293 0.37068487584650117 0.08107979587388586 0.09338407449209933
1 0.5584351228341722 0.7584782844243793 0.88225228125 0.4769003498871331
1 0.17699456200020172 0.3043893115124153 0.0459734241240921 0.029939932279909678
1 0.30066315624999995 0.31793356659142213 0.020066140624999975 0.014257110609480811
1 0.2440832362941082 0.32648783295711065 0.02467148437500001 0.03445467129996701
1 0.9318112847767447 0.5321334528108225 0.13637743044651068 0.10586696760701621
1 0.29934734374999994 0.3086664446952596 0.020066140624999975 0.01853424379232504
1 0.024671484375 0.3607048984198646 0.023355671874999998 0.04490989841986455
1 0.19064664124480835 0.32886401066612314 0.031762246050507856 0.04015752082413662
1 0.06118528125 0.34359636568848756 0.056579937500000003 0.05916700902934536
1 0.2986894375 0.3010410504419874 0.04223558782124902 0.19219017086140172
1 0.11624773654082779 0.2972607562076749 0.017434515624999994 0.02138566591422125
1 0.20782398870665558 0.28870648984198644 0.016118703124999988 0.01853424379232504
1 0.14404091440627365 0.4054585537076621 0.059130453812547286 0.09639173974606247
1 0.37007226562499995 0.29155791196388264 0.01546079687499997 0.017108532731376955
1 0.16645028125 0.33076496613995476 0.027961015625000012 0.03778134311512414
1 0.24342531250000002 0.2901322009029345 0.022039859375 0.01853424379232504
