1 0.529943484375 0.34644778781038377 0.06250109374999996 0.0384941986455982
1 0.086514671875 0.40418908577878104 0.17237143749999997 0.16538248306997744
1 0.247701703125 0.3671205981941309 0.036513796875000004 0.0384941986455982
1 0.6148133906250001 0.40561479683972906 0.02532939062499994 0.023524232505643332
1 0.7006701562499998 0.36426917607223475 0.054935171874999966 0.05916700902934536
1 0.8630076831891328 0.3685462094822435 0.05559303208399354 0.053464264558388645
1 0.4144809375 0.36426917607223475 0.037171703125000025 0.06558270880361171
1 0.7523157968749998 0.3699720203160271 0.054935171874999966 0.05916700902934536
1 0.020724046875 0.3492992099322799 0.027303109375000002 0.04490989841986455
1 0.43323126562500003 0.35500205417607217 0.011513359374999983 0.03564277652370203
1 0.99630802734375 0.36426917607223475 0.0073839453125000174 0.02494994356659145
1 0.18881909374999997 0.36284346501128667 0.042434953125000015 0.05488987584650113
1 0.280597015625 0.36426917607223475 0.032895312500000023 0.05488987584650113
2 0.439810328125 0.34644778781038377 0.011513359374999983 0.04918703160270878
1 0.9635037031249998 0.352150632054176 0.054935171874999966 0.0192470993227991
