1 0.905279 0.18748100451467264 0.03092159374999994 0.03706848758465012
1 0.227964515625 0.18748100451467264 0.03223740625000001 0.05346416478555304
1 0.7384997656250001 0.2152823702031603 0.07006701562499996 0.07413697516930023
1 0.6697485624999999 0.19175813769751693 0.024671484374999983 0.04490989841986455
1 0.37599342187500007 0.2331037584650113 0.100330703125 0.08340409706546274
1 0.8230407187500001 0.1846295823927765 0.029605781250000025 0.027088510158013532
1 0.463166 0.21243094808126411 0.06710643750000003 0.07413697516930023
1 0.33783485937499996 0.175362460496614 0.024671484374999983 0.023524232505643332
1 0.6427716554758793 0.19995606286916856 0.07894874999999998 0.06985942149776936
1 0.3898094531249999 0.1810653047404063 0.06315899999999998 0.06130557562076747
1 0.8042903906250002 0.20672810383747178 0.06118528125000004 0.06700841986455983
1 0.963503703125 0.19460955981941305 0.05822470312499999 0.07912696388261849
1 0.170068765625 0.1860552934537246 0.06579062499999999 0.06843413092550792
1 0.579286453125 0.2901322009029345 0.23618834375 0.23666803611738152
1 0.295728859375 0.23951945823927764 0.09671221874999997 0.0819783860045147
1 0.8529754531250001 0.24949943566591418 0.09144896875000003 0.10835404063205413
1 0.089146296875 0.17108532731376977 0.022039859375 0.03564277652370203
1 0.47961365624999996 0.22882662528216705 0.09144896875000003 0.08768123024830698
1 0.11118615625 0.20245097065462753 0.06447481250000002 0.09195836343115124
1 0.215464296875 0.18462958239277652 0.05427726562500001 0.07128555304740405
1 0.5250091875 0.2138566591422122 0.029605781250000025 0.04776132054176072
1 0.278623296875 0.1810653047404063 0.09671221874999997 0.08482980812641085
1 0.9085685312499999 0.16039249435665914 0.01250021875000004 0.012118544018058695
