1 0.295070953125 0.3421706546275395 0.05559307812499999 0.03564277652370203
1 0.9505921426666426 0.3136564334085779 0.01759897450489909 0.025484412779151765
1 0.4144809375 0.3357549548532731 0.02894787500000001 0.0313656433408578
2 0.865475671875 0.41203049661399543 0.022697765624999987 0.09552264108352145
1 0.3849843891319987 0.34597275673778016 0.06535186877527224 0.03564277652370203
1 0.9829940431617435 0.30652787810383747 0.01250021875000004 0.013187788994815283
1 0.16677923437499997 0.34074494356659146 0.05000087499999998 0.053464164785553075
1 0.9938613667720136 0.3129435226294522 0.012277266455972817 0.022098631941998594
1 0.2564187265478509 0.34217065462753954 0.04605343750000002 0.04490989841986455
1 0.7305961406250001 0.779795795711061 0.53880771875 0.44040840857787816
1 0.5052719999999999 0.34359636568848756 0.032895312499999996 0.0384941986455982
1 0.4796136562499999 0.3571406207674944 0.046053437499999995 0.01496996613995487
1 0.9875172812499999 0.31365643340857796 0.024671484374999983 0.027088510158013567
2 0.9255092841074722 0.4077533634311512 0.01990145434544554 0.10621542057406126
2 0.9958145976562499 0.4490989841986456 0.008370804687500073 0.023524232505643332
2 0.3024016410112671 0.3292375393289989 0.010009562516094483 0.027495880326296417
