1 0.33355846874999995 0.2884391571557045 0.046779873826380935 0.0882455781640503
1 0.46185019027553587 0.26233083922425054 0.11677835937499997 0.06985983196194702
1 0.9107067298521299 0.3425270752640072 0.01924375452287007 0.04384059373784597
2 0.349019265625 0.315082144469526 0.012171265625000002 0.029939932279909678
1 0.883239140625 0.3345668609163694 0.04216082520101641 0.05619677834542711
1 0.8087231132955797 0.37353629796839727 0.11333900102313427 0.1342638751689271
1 0.7464677426596217 0.8437151771217326 0.506916765625 0.3125696457565347
2 0.07467237911248356 0.32613141053837036 0.01891480222031455 0.03492992099322797
1 0.972714390625 0.3143692889390519 0.025987296875000017 0.036355632054176086
2 0.3881646875 0.315082144469526 0.008552781249999994 0.02494994356659145
1 0.52566709375 0.2879936343115124 0.10829150494204143 0.08440202922279416
2 0.377967140625 0.315082144469526 0.012829171875000019 0.026375654627539505
