1 0.987846234375 0.29939932279909703 0.024013578125000025 0.037781343115124176
1 0.8611992812500001 0.33432924379232515 0.08421200000000001 0.06772127539503388
1 0.689814703125 0.34003208803611734 0.08881734374999996 0.10122548532731379
2 0.9609200247024058 0.3035598429507021 0.008881734375000032 0.04490989841986455
1 0.9358176594369145 0.29797361173814896 0.020724046874999996 0.02423708803611739
1 0.98224528125 0.6159073921798147 0.03550943750000002 0.19389678982903655
1 0.96251684375 0.3022507449209932 0.04144809374999999 0.04348418735891646
1 0.6379032407930774 0.32835278256724965 0.03388217187499999 0.04918703160270878
1 0.04894147285511545 0.33874529003437404 0.052231004105115456 0.08752402695465201
2 0.8414620937499999 0.33290353273137696 0.008223828124999954 0.06700841986455983
1 0.961334616283003 0.4446299244395749 0.07733076743399395 0.17245618760028594
