1 0.27629532813528906 0.25437972746903253 0.009413116065549095 0.016395677200902927
1 0.10493604687500001 0.27801365688487584 0.05789575000000002 0.04776132054176072
1 0.49935084375 0.34359636568848756 0.007565921874999996 0.021385665914221218
1 0.7750128194262712 0.30795358916478555 0.05789575000000002 0.06059272009029348
1 0.38836223624425426 0.2944093340857788 0.027961015625000012 0.04419704288939055
1 0.7362661837275657 0.3029633903210213 0.02313064461568466 0.03492992099322797
1 0.615471296875 0.33432924379232504 0.24835960937499996 0.1040769074492099
1 0.46810029687499993 0.2830036455981942 0.05559307812499999 0.04277133182844246
1 0.06315899999999999 0.26803367945823925 0.03717170312499999 0.041345620767494345
1 0.9124338110598477 0.27819209531025013 0.01949094468982331 0.020316432516900348
1 0.4118493125 0.2730236681715576 0.029605781250000025 0.034929920993227996
1 0.1672431797900447 0.2800681591866559 0.06517151091699107 0.03161735308650299
2 0.5065878125 0.2559151354401806 0.006908015624999978 0.016395677200902927
1 0.63751115625 0.4034762302483069 0.35099298437500004 0.19603527088036118
1 0.5246263083597678 0.26332865450236986 0.029605781250000025 0.013570323106720999
1 0.3850397438402863 0.30082535466267807 0.013816031250000017 0.040513768847072126
2 0.831264546875 0.3136564334085779 0.004276390624999967 0.022098521444695277
1 0.522706515625 0.2616179796839729 0.017640212443336148 0.014969966139954839
1 0.66645903125 0.48402890519187364 0.40198071874999997 0.3706848758465012
1 0.02960578125 0.26304369074492095 0.0486850625 0.021385665914221218
1 0.28901822299365315 0.2750196716409785 0.04598764792766472 0.021385665914221218
1 0.24457765101739354 0.2951220006915894 0.08207323801190804 0.04776132054176069
1 0.84804115625 0.27801365688487584 0.03125054687500004 0.03635563205417605
1 0.147371 0.28300364559819413 0.07993560937500002 0.04776132054176072
1 0.5214180853413922 0.2818095623357393 0.013206170572187936 0.017462249480441047
1 0.8059649740748981 0.3178038150878706 0.06483334418711793 0.06564732530903432
2 0.31760396832991555 0.26027148944643874 0.006761787188448428 0.008989849014213772
1 0.42336267187500004 0.26850899568446135 0.02500043750000002 0.035405237219450054
1 0.8612334383730013 0.3180084270637281 0.059159551083934996 0.06862170236716464
1 0.6351986329377853 0.33646837715773736 0.16646056859151617 0.1047899519043474
2 0.862844046875 0.32720068848758466 0.015131843749999992 0.04918703160270878
1 0.8956923020158373 0.27811530830761094 0.022415820038147297 0.016395677200902927
1 0.3713116384081445 0.2974802206124697 0.01907928124999998 0.06059272009029348
1 0.424966318419341 0.24171742947061534 0.02143677852019022 0.014762049900250257
1 0.25066228125 0.34359636568848756 0.09046210937500003 0.09908691873589162
1 0.1380511890011786 0.3471606433408577 0.16453133811813175 0.13686826185101575
1 0.21118790625 0.27801365688487584 0.055593078125000014 0.021385665914221218
1 0.2639402508950585 0.27393112360622207 0.041836868713922115 0.02462585233992551
1 0.6200766406249999 0.25662799097065464 0.029605781250000025 0.016395677200902927
2 0.877975890625 0.32720068848758466 0.00953964062499999 0.06558270880361171
1 0.20066140625 0.28300364559819413 0.022039859375 0.01496996613995487
1 0.536522546875 0.3093793002257336 0.11315987499999997 0.09053265237020312
1 0.8904761093749999 0.32933925507900674 0.06217214062499998 0.07057269751692999
1 0.21743801562499998 0.26161797968397293 0.04013228125000001 0.016395677200902927
1 0.9542930156250001 0.2694593905191873 0.016776609375000008 0.041345620767494345
1 0.78882959375 0.2694593905191873 0.031908453125 0.02993993227990971
1 0.3707770835401746 0.26161797968397293 0.013816031250000017 0.008554266365688493
1 0.3894394438261287 0.28674617611937014 0.043134131434884 0.04776132054176069
2 0.8888313437500001 0.3300521106094808 0.015131843749999992 0.0834044749147896
1 0.34227620605723164 0.2944093340857788 0.05855304598397784 0.0691466086066551
1 0.320729296875 0.31080501128668175 0.051645640624999996 0.07057269751693003
1 0.9509947343749999 0.33076496613995476 0.09801053124999998 0.07057269751692999
1 0.379940859375 0.26047747813321814 0.027961015625000012 0.016395677200902927
1 0.31849281934292045 0.3199296966727569 0.060856328125000005 0.06772127539503385
1 0.5184961169634396 0.2837165617271451 0.04625079818953116 0.036355632054176086
1 0.9687669531249999 0.3457349322799097 0.06085632812499995 0.08055267494356658
1 0.5141802789798751 0.2423611999523331 0.009775236085507722 0.01981544766541017
1 0.03264859765625 0.4127433521444695 0.0652971953125 0.14827395033860047
1 0.5460627105851619 0.2830036455981942 0.056250984375 0.008554266365688493
1 0.5014267859693881 0.23711152211445458 0.049956919677198106 0.006447156989415723
2 0.5065876589690944 0.2611428535663426 0.005153394250459205 0.017821388261851014
1 0.48717957812499996 0.24308373589164783 0.00921068750000001 0.014969966139954839
1 0.29934734375000005 0.3307649661399548 0.04572448437500001 0.08411695259593678
1 0.7309719622725214 0.3103017872264263 0.018634344864109545 0.03492992099322797
1 0.9921961132812501 0.352150632054176 0.015607773437499972 0.06914698645598194
1 0.8354419586163521 0.32035721493533215 0.06842225000000006 0.056315586907449186
1 0.24408321875 0.2505680577253034 0.043751288710161845 0.02993993227990971
1 0.39959577702964094 0.253999284901448 0.021381953125000012 0.016395677200902927
1 0.35033525467847837 0.31603274604314463 0.019737187499999996 0.04918703160270878
1 0.818435375 0.27801365688487584 0.04572448437499996 0.021385665914221218
2 0.28728575768249603 0.2827659652930106 0.008881734374999973 0.02494994356659145
1 0.3524027901285095 0.26253452262611554 0.03125054687499998 0.016395677200902927
1 0.29419327570938025 0.26788214424040985 0.03689199436875666 0.01892238099887903
1 0.42384112848348476 0.2680336794582393 0.02500043750000002 0.034929920993227996
