1 0.6991350087731633 0.24474710110357023 0.07028630126158172 0.05108805096560547
1 0.400993859375 0.2274009142212189 0.024013578125000025 0.03421706546275394
1 0.7454077812499998 0.21385665914221216 0.032237406249999975 0.027088510158013532
1 0.12631799999999999 0.19888669300225734 0.03552693750000001 0.023524232505643332
1 0.18191107812500001 0.29583504514672687 0.1092124375 0.12047258465011283
1 0.968438 0.211005237020316 0.03289531250000006 0.043484187358916494
1 0.152963203125 0.3001121783295711 0.11184406250000002 0.13401683972911965
1 0.3519359797663357 0.22740091422121894 0.084540953125 0.06700841986455983
1 0.5434305625 0.23809374717832954 0.10098860937500002 0.08482980812641083
1 0.5710626249999999 0.2993993334920904 0.12187710567346006 0.09124549720768385
1 0.6134975781250002 0.20672810383747175 0.03848751562500006 0.027088510158013532
1 0.9335689687499998 0.21670808126410834 0.039803328124999975 0.03421706546275394
1 0.11809417187499997 0.19460955981941305 0.015789749999999995 0.010692832957110609
1 0.9722944492187499 0.3478734988713318 0.055411101562500065 0.1532639390519188
1 0.056908890625 0.21385665914221222 0.08314287644063413 0.056315586907449214
1 0.089804203125 0.31950200443708354 0.17954259509951548 0.1767883939555885
1 0.3032947812499999 0.20957952595936793 0.04243495312499999 0.03706848758465012
