1 0.27620679043734453 0.2547086388783587 0.009463709035803092 0.016395677200902927
1 0.10641592142340137 0.27801365688487584 0.05789575000000002 0.04776132054176072
1 0.5059299062499999 0.33076496613995476 0.016118703124999988 0.056315586907449186
1 0.7764598445344995 0.30795358916478555 0.05789575000000002 0.06059272009029348
1 0.38915154687500003 0.2944093340857788 0.027961015625000012 0.04419704288939055
1 0.736820078227315 0.3036760762462068 0.022974861787630137 0.03492992099322797
1 0.6217214062499999 0.3307649661399548 0.24408321875 0.1040769074492099
1 0.477310984375 0.28656792325056435 0.052303546875000016 0.041345620767494345
1 0.06315899999999999 0.26803367945823925 0.03256635937499999 0.03635563205417605
1 0.9130092545248251 0.27979539474185416 0.022861399270404686 0.020672721279479025
1 0.4118493125 0.2730236681715576 0.029605781250000025 0.034929920993227996
1 0.16792027485783378 0.2803616179970747 0.06503609190343325 0.03144966233769224
2 0.5065878125 0.25734084650112865 0.004934296874999984 0.017821388261851014
1 0.6398138281249999 0.40775336343115115 0.3519798437499999 0.19603527088036118
1 0.5247040362185003 0.2634711803207784 0.029605781250000025 0.013453711073477648
1 0.3855330230234538 0.3022506308578349 0.013816031250000017 0.03968235773323063
2 0.831264546875 0.3214978442437923 0.006908015625000038 0.0627312866817156
1 0.5227065156249999 0.2616179796839729 0.017352443590111417 0.014969966139954839
1 0.6728718209597393 0.4840289051918736 0.40115856622311036 0.3731791715488481
1 0.02960578125 0.26304369074492095 0.0486850625 0.021385665914221218
1 0.28993897304940397 0.2760173240715889 0.04611918364991485 0.021385665914221218
1 0.24835960937499998 0.2944093340857788 0.07993560937499998 0.04776132054176076
1 0.84738325 0.27801365688487584 0.031908453125 0.03635563205417605
1 0.147371 0.28656792325056435 0.07894874999999998 0.05275130925507901
1 0.5217244461978218 0.28176692674116505 0.013102176520005494 0.017322161098268618
1 0.9802803124999999 0.34716064334085783 0.037171703125000025 0.06772127539503388
1 0.8054866207837932 0.31702635601429163 0.06303951934547491 0.06461071321092902
1 0.42336267187500004 0.2689840600359022 0.02500043750000002 0.03588030157089091
1 0.862825885059781 0.31860858363230526 0.05940187992757539 0.0686967219382368
1 0.59803678125 0.33860637697516927 0.20526675000000008 0.10550261851015802
2 0.8641594909180235 0.3264880325726283 0.013323108190842821 0.04918703160270878
1 0.8961151583548517 0.2793371054045377 0.022321851962810748 0.016395677200902927
1 0.37247538639139194 0.297206101939411 0.01907928124999998 0.06059272009029348
1 0.42511018507005005 0.2417471213946572 0.021135343632990338 0.014658128166103785
1 0.25066228125 0.34359636568848756 0.09046210937500003 0.09908691873589162
1 0.14210775 0.3471606433408577 0.164147609375 0.13686826185101575
1 0.21275006635391927 0.27801365688487584 0.05444201278527003 0.021385665914221218
1 0.2650463684616835 0.27483809817125415 0.041896658852658586 0.024301932852414092
1 0.614403532879188 0.25662799097065464 0.029605781250000025 0.016395677200902927
2 0.879949609375 0.3300521106094808 0.011513359374999983 0.0627312866817156
1 0.20427989062500002 0.28300364559819413 0.022039859375 0.01496996613995487
1 0.539483125 0.3143692889390519 0.11612045312500001 0.08554266365688487
1 0.8921208749999998 0.32933925507900674 0.06217214062499998 0.07057269751692999
1 0.21579325 0.26161797968397293 0.040132281249999985 0.016395677200902927
1 0.957582546875 0.2694593905191873 0.02203985937500003 0.021385665914221218
1 0.792448078125 0.2694593905191873 0.031908453125 0.042771331828442435
1 0.37152874544658965 0.26161797968397293 0.013816031250000017 0.008554266365688493
1 0.3897271882178084 0.28692433453021354 0.04383293924324902 0.04776132054176072
2 0.8888313437500001 0.33005211060948075 0.015131843749999992 0.0848298081264108
1 0.34408496875 0.2944093340857788 0.056250984375 0.06772127539503385
1 0.321092753981628 0.31099254155775713 0.051645640624999996 0.07057269751693003
1 0.9513324375000001 0.334329243792325 0.095725359375 0.07057269751692999
1 0.379940859375 0.26076253650806414 0.027961015625000012 0.016395677200902927
1 0.3202028726561891 0.32049981342244893 0.060856328125000005 0.06772127539503385
1 0.5196800343623426 0.28407289503005034 0.046185025000703206 0.03635563205417605
1 0.9699917773437501 0.34359636568848756 0.060016445312500014 0.07057269751692999
1 0.5148291141812726 0.24260196257383568 0.009806344622561032 0.01986360018971071
1 0.036513796875 0.4127433521444695 0.072040734375 0.1611053498871332
1 0.54803590625 0.2830036455981942 0.056250984375 0.008554266365688493
1 0.5015217846032353 0.23716694760668003 0.05003364934299768 0.006629269321013524
2 0.50592990625 0.2616179796839729 0.004276390625000026 0.017821388261851014
1 0.48717957812499996 0.24308373589164783 0.00921068750000001 0.014969966139954839
1 0.302307921875 0.3307649661399548 0.04572448437500001 0.08411695259593678
1 0.7317360894938467 0.3103437086558329 0.018479584920550116 0.03492992099322797
1 0.9931094843749999 0.3571406207674943 0.011513359374999983 0.06914698645598194
1 0.8361326206148852 0.3204997572375125 0.06842224999999995 0.056315586907449186
1 0.24408321875 0.24807372460496613 0.045724484374999985 0.02993993227990971
1 0.3996779991689851 0.2541329190782601 0.021381953125000012 0.016395677200902927
1 0.3514862758902126 0.3168641834872868 0.019737187499999996 0.04918703160270878
1 0.818435375 0.27801365688487584 0.04177704687499997 0.021385665914221218
2 0.28750503125 0.28229079006772007 0.008881734374999973 0.02494994356659145
1 0.5006666562500001 0.3243492663656884 0.019737187499999996 0.06415699774266365
1 0.3526141893014079 0.26299263370056797 0.03125054687499998 0.016395677200902927
1 0.2946317609107178 0.26818448577057497 0.0374500664431863 0.01957025570637556
1 0.42390092449329964 0.2680336794582393 0.02500043750000002 0.034929920993227996
