1 0.124015328125 0.05702844243792326 0.04671134374999998 0.05203845372460497
1 0.067435390625 0.04989988713318284 0.051974593750000006 0.05488987584650112
1 0.09539640624999998 0.030652787810383744 0.013469298912646144 0.014180053978060063
1 0.27961015625 0.04348418735891647 0.014144984374999996 0.021385665914221218
1 0.38750678124999993 0.03492992099322799 0.008552781249999994 0.01710853273137697
1 0.41262756937984757 0.034929920993227996 0.042763906250000025 0.039207054176072245
1 0.28618921875 0.03492992099322799 0.018750328125 0.01853424379232506
1 0.8402383425447278 0.3570946815603648 0.3195233149105443 0.43001287894301327
1 0.354282515625 0.029227076749435664 0.008552781249999994 0.014257110609480811
1 0.22653904599163582 0.05512749963704702 0.10910278402165433 0.08269124153498869
