1 0.4897644053391777 0.22312378103837469 0.01578975000000001 0.027088510158013532
1 0.7017348544520241 0.29424161960116313 0.02037577726554029 0.022517945597949438
2 0.24507022286365127 0.38886282909759257 0.05082310402768296 0.18605521504000833
1 0.43750773717424896 0.4771854570260592 0.3477692221702001 0.23723825039523336
1 0.9210687500000001 0.3357549548532731 0.13651554687500003 0.12760113995485323
1 0.8539623125000001 0.334329243792325 0.027303109375000054 0.08055267494356658
1 0.9654777354696618 0.280865079006772 0.018092301261668452 0.013068948358887413
2 0.28306433593964836 0.3888623978221531 0.03947428453834296 0.18284718872201353
1 0.3618484375 0.2972607562076749 0.08651467187499999 0.0627312866817156
1 0.245727984375 0.34359636568848756 0.11315987499999997 0.1040769074492099
1 0.40099388240087447 0.2761126644497828 0.069409109375 0.05393934636358288
1 0.13670382928280814 0.3612651302877348 0.2052549176541282 0.1517873534367694
1 0.14666616254339188 0.36101043702844543 0.20376298946015883 0.16273474486760842
1 0.5093161600315269 0.27801365688487584 0.04957531583048335 0.037068487584650145
2 0.38915154687500003 0.3051021670428894 0.022697765624999987 0.05916700902934536
1 0.6690906562500001 0.34502207674943564 0.135199734375 0.11762116252821672
1 0.49079806249999997 0.32720068848758466 0.23881996874999997 0.10977975169300226
1 0.6000105 0.22597520316027092 0.020066140625000038 0.02993993227990971
1 0.7860783392642777 0.3321258773370301 0.05391839690482361 0.06389776977323597
1 0.6791942450498318 0.2648767260009253 0.06607258146472562 0.05346416478555304
1 0.7384998840460526 0.2939340400380183 0.07302749506578946 0.06605783176903886
1 0.766625484297406 0.3293389663716508 0.09062665255070759 0.06843413092550787
1 0.28893081776700663 0.33369563685017123 0.11564513222987535 0.07912696388261851
1 0.6916988645182215 0.27956889792192663 0.04189669392233324 0.03149517331696048
1 0.032566359375 0.31793356659142213 0.06513271875 0.06985984198645596
2 0.39356888713364346 0.3051021670428894 0.013816031250000017 0.05947253643650872
1 0.2723731875 0.22882662528216705 0.023355671874999977 0.03564277652370203
1 0.9615299843749999 0.27801365688487584 0.037171703125000025 0.03564277652370203
1 0.4315865 0.22597520316027092 0.01644765625000003 0.03279135440180588
1 0.4711595836022118 0.40347619246722843 0.30668298623342455 0.23182051272313783
1 0.07251592863580161 0.4327033069977427 0.14503185727160323 0.20387668171557558
1 0.5255026764026154 0.2297770422909347 0.03525285595203419 0.038256380523914946
1 0.17747031044532277 0.2288265468684507 0.016447656249999998 0.03421706546275394
1 0.2381620625 0.24949943566591423 0.06579062499999999 0.0384941986455982
1 0.247701703125 0.21884664785553046 0.017105562499999987 0.017821388261851014
1 0.8042903906250001 0.34074494356659146 0.07138282812499999 0.06985984198645599
1 0.20460884375 0.2751622347629797 0.06644853125000001 0.04918703160270881
1 0.12623575483128532 0.2817561437417443 0.0775506915089015 0.05186023293618988
1 0.472047734375 0.2259752031602709 0.01578975000000001 0.028514221218961622
1 0.9223524487778271 0.5685532457054673 0.15529510244434577 0.47924275708823505
1 0.772710890625 0.2366680361173815 0.027303109375000054 0.027088510158013532
1 0.8247677231702383 0.34217065462753954 0.04346293210321441 0.09017622415943238
1 0.5888260937500001 0.22882662528216705 0.01907928124999998 0.0192470993227991
1 0.3839435121631714 0.28757751296207795 0.05427726562500001 0.050375035243758005
1 0.07894875 0.2780136568848759 0.060527375 0.04918703160270881
1 0.17050740999611053 0.2231237810383747 0.013815983004667399 0.028514221218961622
1 0.24835960937499998 0.22597520316027087 0.015131843749999992 0.014969966139954839
1 0.67961715625 0.26589511286681716 0.06710643750000003 0.057741297968397304
1 0.036513796875 0.2231237810383747 0.030702321638201146 0.03564277652370203
1 0.5271063183581446 0.2780136568848759 0.04605343750000005 0.04918703160270881
