1 0.9141607343750001 0.2316780474040632 0.06513271875000003 0.05203845372460495
1 0.847054296875 0.2053023927765237 0.03552693750000001 0.03421706546275394
1 0.47007401562500006 0.3001121783295711 0.008223828125000015 0.05346416478555304
1 0.6802750625 0.41203049661399543 0.3102027968750001 0.2858550677200903
1 0.9204108437499999 0.19888669300225728 0.027303109375000054 0.027088510158013532
1 0.607576421875 0.20672810383747175 0.02828996874999999 0.017821388261851014
1 0.21085895312499997 0.4505246952595936 0.419415234375 0.41060478555304736
1 0.0355269375 0.2437965914221219 0.070067015625 0.06985984198645596
1 0.5250091875 0.2944093340857788 0.06875120312499998 0.1325911286681716
1 0.5607011475700868 0.21171817808490032 0.07302733061381357 0.04989974457633243
1 0.7871848281249999 0.2316780474040632 0.10921243749999997 0.09053265237020315
1 0.369414359375 0.40418908577878104 0.20658256249999998 0.21599522573363428
1 0.9360273671874999 0.29583504514672687 0.1279452656250001 0.09053265237020319
1 0.704946546875 0.22169806997742664 0.05822470312499999 0.04633560948081263
1 0.116778359375 0.19888669300225734 0.025329390625 0.0192470993227991
1 0.3171108125 0.3122307223476298 0.265465171875 0.13686826185101575
1 0.4934296875 0.20957952595936793 0.006908015624999978 0.02993993227990971
1 0.4872888121953102 0.1981737543188863 0.018860053351754637 0.02732618964696264
1 0.19079281250000005 0.193183848758465 0.011513359375000013 0.012118544018058695
1 0.046053437499999995 0.20245097065462753 0.035526937499999994 0.023524232505643332
1 0.23487318906415602 0.21385665914221222 0.08234787089567878 0.05892929548508808
1 0.5888260937500001 0.3051021670428894 0.15098948437499995 0.15611536117381486
