1 0.8452902421254022 0.2487865801354402 0.013816031249999956 0.018534243792325072
1 0.7040517923249628 0.24094516930022572 0.012118626974888731 0.01730812783739136
1 0.60198421875 0.24237088036117385 0.022697765624999987 0.026539569154556242
1 0.7852111093749999 0.24094516930022572 0.016118703125000047 0.01853424379232504
1 0.96842925 0.2773008013544018 0.06314150000000004 0.07342411963882617
1 0.6798916093113311 0.24094516930022572 0.03056539059316551 0.027088510158013532
2 0.7440919687500002 0.2437965914221219 0.005592203125000002 0.02067281038374719
1 0.9927802886144015 0.23239090293453726 0.014439422771196912 0.01106155164008669
1 0.69540690625 0.24094516930022572 0.016227703252337734 0.020078058828718087
1 0.8710678749999999 0.26589511286681716 0.037291323210438064 0.043484187358916494
1 0.7457367343750001 0.2487865801354402 0.027961015625000012 0.022811376975169304
1 0.9240293281249999 0.25734084650112865 0.024013578125000025 0.02423708803611739
1 0.768972786164562 0.2366680361173815 0.02126233303956191 0.012312955837378773
1 0.6486955625 0.23600269117234482 0.02203985937500003 0.03236366075841277
1 0.634221625 0.24094516930022572 0.023355671874999945 0.02423708803611739
1 0.729289078125 0.23524232505643342 0.012739458920876245 0.009979977426636581
1 0.6936063219811724 0.23096519187358916 0.021208818643827836 0.0156828216704289
1 0.8717257812500001 0.2559151354401806 0.06189552119170839 0.045136717128848966
1 0.727315359375 0.25021229119638827 0.025987296875000017 0.019959954853273128
1 0.697380625 0.2437965914221219 0.016776609375000008 0.019959954853273128
1 0.7145134375318345 0.2437965914221219 0.02135470309316562 0.020078058828718087
1 0.7697503124999999 0.2587665575620767 0.04111914062500001 0.0360964101985991
1 0.9473503777510337 0.2744493792325056 0.07927770312499997 0.06853168529254029
2 0.915476546875 0.24664801354401808 0.008223828124999954 0.02067281038374719
1 0.9288813849454842 0.24237088036117382 0.020724046874999996 0.017108532731376986
1 0.8131721249999999 0.2644694018058691 0.022697765624999987 0.042058476297968404
1 0.7599787208013157 0.7797194008758326 0.48004255839736854 0.4405611982483348
