1 0.375993421875 0.2708851015801354 0.01907928124999998 0.03706848758465008
1 0.33849276562499997 0.27801365688487584 0.008881734374999973 0.0192470993227991
1 0.484547953125 0.27658794582392776 0.008881734374999973 0.013544255079006784
1 0.340466484375 0.27373652370203155 0.013158124999999998 0.0192470993227991
1 0.07006701562499999 0.3193592776523702 0.03651379687499999 0.01354425507900675
1 0.19079281249999996 0.4298518848758464 0.15592378124999995 0.19460955981941305
1 0.405599203125 0.3913576862302483 0.087172578125 0.16538248306997738
1 0.12083535432094698 0.2972607562076749 0.01940824314959871 0.041345620767494345
1 0.246385890625 0.2851422121896163 0.038487515624999996 0.0313656433408578
1 0.36480890045570374 0.2830036099443649 0.024342514797243395 0.039207018522243044
1 0.8510017343749999 0.334329243792325 0.21414848437499998 0.2516380022573363
1 0.15987121875000004 0.2972607562076749 0.03223740625000001 0.0384941986455982
1 0.941792796875 0.34359636568848756 0.032237406249999975 0.057741297968397304
