1 0.14768342251800412 0.29155791196388264 0.036513796875000004 0.031365643340857764
1 0.34671659375 0.3096395410669593 0.046053437499999995 0.19746098194130923
1 0.2889853038646793 0.3138346722413894 0.018750328125 0.025662827611571824
1 0.030592640625 0.3564277652370204 0.0032895312499999995 0.027088510158013567
1 0.270728421875 0.3193592776523702 0.01940823437499999 0.025662799097065446
1 0.07107108493569417 0.35792852335850217 0.047957915189057676 0.052488690315509304
1 0.253622859375 0.32648783295711065 0.022039859375 0.03350420993227991
1 0.3332295156249999 0.30153788939051923 0.01139493816582604 0.01853424379232504
1 0.34934821875 0.29135989313948885 0.0026316250000000116 0.00570284424379235
1 0.31908450164421875 0.3049833684806433 0.010197576480781241 0.021385665914221218
1 0.04671134375 0.6649845807659193 0.09309373437500001 0.48868995321628395
1 0.37179927590470085 0.2901322009029345 0.011842312500000023 0.014257110609480811
1 0.21085895312499994 0.36783345372460496 0.079277703125 0.1040769074492099
1 0.558874344071502 0.7584782844243793 0.8822513118569958 0.4769003498871331
1 0.3233609218750001 0.30153788939051923 0.009868593750000028 0.019959954853273162
1 0.92985949609375 0.5316644145764139 0.14028100781250002 0.10118352968479667
1 0.218753828125 0.32933925507900674 0.026645203125000006 0.0313656433408578
1 0.30707772923495447 0.30581502257336335 0.016118703124999988 0.0278013594509939
1 0.13335392045832467 0.3364678103837471 0.0412287817980729 0.05449383786768244
1 0.2975052082500293 0.30153788939051923 0.046053437499999995 0.18805129760735093
1 0.11580803060699586 0.2972607562076749 0.017434515624999994 0.02138566591422125
1 0.2069445768389917 0.28870648984198644 0.016118703124999988 0.01853424379232504
1 0.09539638322328123 0.3439528184036682 0.0332243116784375 0.04776132054176072
1 0.05329040625 0.34359636568848756 0.041777046874999994 0.053464164785553075
1 0.016118703125 0.3592791873589165 0.031250546875 0.07770125282167047
1 0.14605518092087172 0.40418908577878104 0.06184321381651318 0.09694836640172269
1 0.1157915 0.3043893115124153 0.003947437500000002 0.007128555304740406
1 0.17697678125000002 0.3364678103837472 0.031250546875000014 0.04490989841986455
1 0.24342531250000002 0.2901322009029345 0.022039859375 0.01853424379232504
