1 0.147647055969456 0.29155791196388264 0.036513796875000004 0.031365643340857764
1 0.34671659375 0.30864381029468424 0.046053437499999995 0.19746098194130923
1 0.28231487300993496 0.31634944512651525 0.019993040824006533 0.028355810815002786
1 0.01472065234375 0.35642776523702036 0.0294413046875 0.06059272009029348
1 0.260201921875 0.3207849887133183 0.020724046875000023 0.027088510158013567
1 0.035648566336501625 0.3612301197909618 0.05214767545347831 0.05661568585608368
1 0.24013578124999999 0.32648783295711065 0.023355671875000004 0.0313656433408578
1 0.333229515625 0.30153788939051923 0.011973894486856197 0.01853424379232504
1 0.34934821875 0.29092426115134934 0.0026316250000000116 0.00570284424379235
1 0.31502743637299613 0.3070823258705219 0.013377430251001955 0.023286620859959063
1 0.046788744788826594 0.6693713431151241 0.09320983593323989 0.49614744920993226
1 0.3709933332346322 0.2908925809591822 0.011491428786544055 0.01577787072197607
1 0.2097455696579221 0.3654207039991088 0.079277703125 0.09864822056684387
1 0.558838462219456 0.7584782844243793 0.88225228125 0.4769003498871331
1 0.32336092187500004 0.3015378893905191 0.011184406250000004 0.021385665914221218
1 0.92985949609375 0.5298193877833022 0.14028100781250002 0.09795473279685095
1 0.20362198437499998 0.32933925507900674 0.028618921874999998 0.01853424379232504
1 0.3030069440274886 0.30581502257336346 0.016118703124999988 0.02584101142031056
1 0.13074058013502604 0.3364678103837472 0.04002262472578124 0.0536225731653499
1 0.2977946851368441 0.3015378893905193 0.046053437499999995 0.18930591526578042
1 0.115844397155544 0.2972607562076749 0.017434515624999994 0.02138566591422125
1 0.20701730993608797 0.28870648984198644 0.016118703124999988 0.01853424379232504
1 0.09440954687499999 0.3450220767494357 0.03597199851196778 0.04776132054176072
1 0.0565799375 0.34644778781038377 0.04243495312500001 0.05916700902934536
1 0.14690709120610912 0.40532234211707624 0.06381690625 0.09766120767494356
1 0.137831359375 0.3043893115124154 0.035855890624999984 0.027088510158013567
1 0.15286913971682387 0.34054128336027945 0.035761909925628936 0.0489833713963968
1 0.24342531250000002 0.2901322009029345 0.022039859375 0.01853424379232504
