1 0.2889853203125 0.8756748645598194 0.577970640625 0.24865027088036126
1 0.36119053125 0.6943212866817154 0.72172315625 0.6052143453724605
1 0.6775337382089801 0.3533387055943447 0.01907928124999998 0.02922707674943568
1 0.905279 0.38494198645598193 0.07993560937500005 0.09766120767494356
1 0.22895137499999998 0.4006248081264108 0.07829084375000003 0.0584541534988713
1 0.404941296875 0.37781343115124155 0.046053437499999995 0.04134562076749438
1 0.01907928125 0.4113176410835214 0.03750065625 0.05203845372460495
2 0.197700828125 0.352150632054176 0.01250021875000001 0.04134562076749438
1 0.984556703125 0.4063276523702032 0.030263687499999983 0.09195836343115127
1 0.424678484375 0.36355632054176074 0.025987296875000017 0.030652787810383737
1 0.37961190624999996 0.3820905643340858 0.07631712499999997 0.050612742663656896
1 0.9427796562499999 0.33432924379232515 0.006908015625000038 0.01069283295711064
1 0.30726420074500577 0.37348866204242537 0.01339900890859737 0.022811070909877523
1 0.6319189531250001 0.34716064334085767 0.005592203125000002 0.01354425507900675
1 0.4178802206766781 0.3723482244282287 0.02774164336078915 0.02780136568848756
1 0.36875645312499994 0.35428919864559816 0.014144984374999996 0.01354425507900675
1 0.11431121093749999 0.34716064334085767 0.22862242187499998 0.18249101580135438
