1 0.10921243750000001 0.33860637697516927 0.07697503124999999 0.10906689616252822
1 0.97673531640625 0.37852628668171556 0.04652936718750003 0.09766120767494356
1 0.6881699375 0.685767020316027 0.318426625 0.5047017155756207
1 0.40263862499999997 0.35001206546275393 0.08223828125000002 0.10193834085778779
2 0.1881611875 0.33860637697516927 0.025329390625 0.13615540632054177
1 0.031250546875 0.33718066591422124 0.062172140625 0.1204725846501129
1 0.90462109375 0.38137770880361166 0.10855453125000002 0.11334402934537242
1 0.8118563125 0.37852628668171556 0.11250196875 0.10621547404063202
1 0.48948225 0.3414577990970655 0.09079106249999995 0.12474971783295709
1 0.31645290625000005 0.6772127539503385 0.30526850000000005 0.5595915914221218
1 0.633892671875 0.35001206546275393 0.09868593750000004 0.15183822799097063
