1 0.48652167187499995 0.3250621218961625 0.020066140624999975 0.05203845372460495
1 0.4603696104449556 0.2887063831595599 0.007894874999999975 0.01211855468630134
1 0.44902101562499996 0.29583504514672687 0.016118703124999988 0.019959954853273162
1 0.7552763749999999 0.29583504514672687 0.04802715625000005 0.022811376975169273
1 0.46053437500000005 0.3407449435665914 0.05131668750000002 0.09338407449209933
1 0.5720494843750001 0.29583504514672687 0.00921068750000001 0.017108532731376955
1 0.539483125 0.29583504514672687 0.029934734375000004 0.022811376975169273
1 0.4092176875 0.298686467268623 0.018092421874999983 0.017108532731376986
1 0.745736734375 0.3086664446952596 0.045395531249999975 0.03920705417607226
1 0.439152421875 0.298686467268623 0.014473937499999975 0.017108532731376986
1 0.99055134765625 0.3564277652370204 0.01889730468750012 0.08625551918735892
1 0.42928382812500004 0.3001121783295711 0.017434515625000025 0.027088510158013532
