1 0.3339402822422028 0.7007369864559819 0.6678805644844056 0.5962526919639709
1 0.575996921875 0.4804646275395035 0.26710993749999995 0.21456951467268628
1 0.6943108801125201 0.34811119658554773 0.010087859283960773 0.01853424379232504
1 0.825343390625 0.37424915349887133 0.045066578125 0.08126553047404063
1 0.7455702996210561 0.3485858694321094 0.016281780979325925 0.02423708803611739
1 0.748368359375 0.35001206546275393 0.02532939062500006 0.03706848758465008
1 0.641787546875 0.35001206546275393 0.017105562499999987 0.02423708803611739
1 0.407901875 0.3792391422121897 0.04671134375000001 0.04134562076749438
1 0.02960578125 0.4098919300225734 0.0565799375 0.04134562076749438
2 0.192108625 0.3478734988713318 0.008881734375000002 0.032791354401805854
1 0.653629859375 0.3528634875846501 0.014144984375000055 0.022811376975169273
1 0.4280275939997047 0.36668278821622446 0.029336406499704697 0.030832380001759897
1 0.710209796875 0.34359636568848756 0.011184406250000004 0.01354425507900675
1 0.6802749506033462 0.3471606433408577 0.01463757483759558 0.01924685683795086
1 0.38122925141616004 0.38494198645598193 0.07298650925227985 0.05358300740625896
1 0.2561133884587878 0.37139773137697507 0.04938986538232317 0.04419704288939049
1 0.8006719062500002 0.34716064334085783 0.020395093750000017 0.037068487584650145
1 0.6509982343749999 0.34716064334085783 0.006250109374999961 0.01069283295711064
1 0.42046056809359744 0.37295015884842797 0.03256635937500001 0.03442305535120888
1 0.7259528595584113 0.34909567570920635 0.013017116625380373 0.017414211871322548
1 0.6706689310627032 0.34716064334085783 0.008552781250000053 0.01496996613995487
1 0.37204588323986554 0.35820979448111834 0.015213753342063008 0.01354425507900675
1 0.127304859375 0.35001206546275393 0.253622859375 0.1696596162528217
