1 0.2766495781250001 0.2616179796839729 0.012652049225478438 0.014969966139954839
1 0.10954139062500001 0.2830036455981942 0.05789575000000002 0.04918703160270881
1 0.5301408380918239 0.33236890747916575 0.0272372945390984 0.06415699774266365
1 0.7833689997174422 0.30595758449792865 0.05789575000000002 0.06059272009029348
1 0.394414796875 0.2958350451467268 0.027961015625000012 0.04419704288939049
1 0.7401445312499999 0.30296360045146725 0.021916503042787146 0.036355632054176086
1 0.5950762031250001 0.33076496613995476 0.14375251562500005 0.07057269751692999
1 0.5065126267159702 0.24338924777605206 0.01066748100499068 0.018819389324396082
1 0.512443178125 0.27801365688487584 0.005131668749999996 0.027943936794582368
1 0.066119578125 0.27801365688487584 0.031908453125 0.021385665914221218
1 0.926332 0.27991460195632156 0.020088070277771073 0.017061010233272743
1 0.414809890625 0.27801365688487584 0.029605781250000025 0.04134562076749438
1 0.17371585531602854 0.27801365688487584 0.061514234375 0.02928906569613409
2 0.51119315625 0.26732082392776524 0.008881734374999973 0.03706848758465012
1 0.6690906496710197 0.4009812421290558 0.35000612993423513 0.23381664607358327
1 0.5279697656250001 0.2694593905191873 0.03075711398937487 0.008554266365688493
1 0.3898094531249999 0.31065494149319395 0.01004172114196636 0.03470481630299631
2 0.8223828125 0.3136564334085779 0.010197546874999948 0.06843413092550792
1 0.5266539531250001 0.26161797968397293 0.022697765625000046 0.016395677200902927
1 0.717446765625 0.47690034988713315 0.404941296875 0.3721105869074492
1 0.025000437499999997 0.2694593905191873 0.031908453125 0.016395677200902927
1 0.014802890625000002 0.41488191873589164 0.029605781250000004 0.1860552934537246
1 0.291781421875 0.27801365688487584 0.04868506250000001 0.029939932279909678
1 0.25987296875 0.30795358916478555 0.07533026562499998 0.04776132054176069
1 0.84738325 0.2780136568848759 0.011513359374999983 0.04277133182844246
1 0.15263425 0.29583504514672687 0.07993560937499998 0.06415699774266367
1 0.5373544307160171 0.27959173474410015 0.007796585445021738 0.010175101679341067
1 0.9802803124999999 0.36355632054176074 0.02203985937500003 0.04419704288939055
1 0.800402760663557 0.31430448618847096 0.04624283451817301 0.057222859114360605
2 0.25092552374932003 0.26589511286681716 0.006908015625000008 0.012118544018058695
1 0.42698115625000005 0.2730236681715576 0.02500043750000002 0.034929920993227996
1 0.8763105654725194 0.3141465217528523 0.06459816980194558 0.07057269751693003
1 0.8946291592826299 0.2767661741862975 0.016776609375000008 0.016395677200902927
1 0.3785839432052776 0.30296360045146725 0.01907928124999998 0.06059272009029348
1 0.432187194050908 0.24308373589164783 0.007394295003311946 0.009608054634716652
1 0.26382040625 0.3471606433408577 0.08421200000000001 0.09284949076230767
1 0.1572008940652954 0.3601597769323658 0.16645028125000003 0.13686826185101575
2 0.8139945489299959 0.3100921201148568 0.013487061678001667 0.03421713674545571
1 0.22204335937499994 0.28237990363635396 0.05213907206006239 0.021385665914221218
1 0.27474174407871216 0.28000969561590705 0.04717190948457075 0.022811407864957813
1 0.34211125000000003 0.24807372460496613 0.027961015625000012 0.016395677200902927
1 0.2106789605614572 0.2879936343115125 0.023219127590100273 0.010006884030463207
1 0.551654390625 0.3243492663656885 0.11776521874999997 0.10407692985311291
1 0.9024829560019942 0.32933925507900674 0.07138282812499999 0.07912696388261851
1 0.22039859375 0.26304369074492095 0.04375086430699022 0.018890546812834023
1 0.9628457968749999 0.2694593905191873 0.02203985937500003 0.034929920993227996
1 0.7881716875 0.2650396827372754 0.04177704687499997 0.03550020441961498
1 0.37303284375 0.2680336794582393 0.013816031250000017 0.008554266365688493
1 0.39507270312500004 0.2879936343115125 0.04572448437500001 0.04847417785435132
2 0.8648177985189968 0.31971547374882653 0.006250142268996702 0.045979413384356266
1 0.35044471893260354 0.30058744703224954 0.06074669608945052 0.06962221713982546
1 0.3294044741818143 0.3143692889390519 0.051645640624999996 0.07057269751693003
1 0.9449662296779616 0.3311842949781064 0.06068218045444252 0.07057269751692999
1 0.3844390927673792 0.26161797968397293 0.027961015625000012 0.016395677200902927
1 0.325992546875 0.32221069977426636 0.060856328125000005 0.06772127539503385
1 0.5287921408991354 0.28680555265136204 0.04638239062500003 0.037424964357765544
1 0.9704117187499999 0.34359636568848756 0.03947437499999999 0.06415699774266365
1 0.5208367226498835 0.24439690855525967 0.012361723631220893 0.02048522391871785
1 0.5275902994172124 0.2745590943907778 0.033527962208606196 0.03344939421004311
1 0.050987734375 0.4138125819781543 0.090462109375 0.16965961625282167
1 0.5615229843749999 0.2830036455981942 0.05559307812500004 0.008554266365688493
1 0.5063684454775554 0.2399946573718677 0.053948260049179395 0.015920315692344558
2 0.5003377031249999 0.2727860496613995 0.006908015624999978 0.03564277652370206
1 0.487837484375 0.24308373589164783 0.007565921874999996 0.016395677200902927
1 0.3121765156250001 0.33432924379232504 0.04572448437500001 0.08554266365688487
1 0.7444285746625741 0.31080501128668175 0.010350544256139097 0.030288068085698665
1 0.8575018083950634 0.2998270777769669 0.06842225000000006 0.056315586907449214
1 0.2460569375 0.26161797968397293 0.045724484374999985 0.021385665914221218
1 0.4003359531250001 0.2580537020316027 0.021381953125000012 0.016395677200902927
1 0.3588220563552396 0.32158337616345833 0.017421379810568696 0.04918703160270878
1 0.8144879374999999 0.27801365688487584 0.025000437499999962 0.021385665914221218
1 0.524802788814826 0.32933925507900674 0.025000437499999962 0.06828038182809806
1 0.35494042187499997 0.26803367945823925 0.029605781250000025 0.014969966139954839
1 0.11612045312499998 0.24308373589164783 0.006908015624999994 0.008554266365688493
1 0.3006952445256 0.2731453743821731 0.04638239062499997 0.02993993227990971
1 0.42698115625 0.2694593905191873 0.024979213362257724 0.034929920993227996
