1 0.39342793750000005 0.2708851015801354 0.021381953125000012 0.03706848758465008
1 0.35757204687500005 0.2780136568848759 0.00625010937500002 0.013544255079006784
1 0.4832321406249999 0.27231081264108353 0.008881734374999973 0.012118544018058695
1 0.356914140625 0.27231081264108353 0.013158124999999998 0.0192470993227991
1 0.0947385 0.3182008940983372 0.04087241961340974 0.015861022187073064
1 0.22730660937499997 0.42842617381489845 0.15033157812499995 0.19175813769751696
1 0.48323214062500003 0.3314778216704289 0.05131668750000002 0.09195836343115127
1 0.14605518750000002 0.298686467268623 0.01907928125000001 0.03991990970654629
1 0.265465171875 0.28371650112866814 0.03782960937499998 0.031365643340857764
1 0.40831306640625 0.7124309480812641 0.8166261328125 0.5751381038374719
1 0.374677609375 0.2780136568848759 0.01907928124999998 0.028514221218961654
1 0.012820031161070961 0.3193592776523702 0.025640062322141922 0.02590042922427038
1 0.3829014375 0.28371650112866814 0.024013578125000025 0.0384941986455982
1 0.881265421875 0.3357549548532731 0.217438015625 0.25448942437923255
1 0.18256898437500002 0.2972607562076749 0.030263687500000015 0.041345620767494345
1 0.972714390625 0.33432924379232504 0.024013578125000025 0.04918703160270878
