1 0.470731921875 0.29583504514672687 0.013816031250000017 0.027088510158013532
1 0.6431033593750002 0.29583504514672687 0.03157950000000002 0.04490989841986455
1 0.40625710937500004 0.26304369074492095 0.04934296875000002 0.017821388261851014
1 0.6480376562499999 0.30652787810383747 0.013158124999999998 0.023524232505643332
1 0.42961278125 0.32862639954853273 0.04111914062500001 0.10265119638826188
1 0.8194222343750001 0.3193592776523702 0.08651467187499999 0.05916700902934536
1 0.90330528125 0.32862639954853273 0.06052737499999997 0.07128555304740405
1 0.57172053125 0.28870648984198644 0.03782960937499998 0.02993993227990971
1 0.529943484375 0.2901322009029345 0.020724046874999996 0.03421706546275397
1 0.43454707812499993 0.2972607562076749 0.05559307812499999 0.06843413092550792
1 0.6842225000000001 0.29298362302483066 0.010855453125000025 0.01924709932279907
1 0.9442511953124999 0.33290353273137696 0.11149760937500007 0.07556268623024828
1 0.46382390625 0.28371650112866814 0.010855453125000025 0.00926712189616252
1 0.547706953125 0.2851422121896162 0.017105562499999987 0.022098521444695245
1 0.566786234375 0.2944093340857788 0.02894787499999995 0.01924709932279907
1 0.46382390625 0.27516223476297963 0.02203985937500003 0.014969966139954839
1 0.276649578125 0.36426917607223475 0.171055625 0.14399681715575624
1 0.48257423437499997 0.27801365688487584 0.010855453125000025 0.017821388261851014
1 0.65198509375 0.30652787810383747 0.01250021875000004 0.023524232505643332
1 0.7075781718749999 0.3051021670428894 0.05559307812500004 0.04490989841986455
1 0.44540253124999996 0.2851422121896162 0.004934296874999984 0.005702844243792318
