1 0.33413413671875 0.6997777624153498 0.6682682734375 0.6004444751693003
1 0.6423357055875217 0.35001206546275393 0.01275605509792032 0.022811376975169273
1 0.7957376093749999 0.36070489841986464 0.03125054687500004 0.06558270880361176
1 0.40790187499999997 0.37781343115124155 0.046053437499999995 0.04134562076749438
1 0.030387103523389563 0.4098919300225734 0.05567551174463188 0.04134562076749438
2 0.1934244375 0.3478734988713318 0.008223828125000015 0.032791354401805854
1 0.8911340156249999 0.38494198645598204 0.05723784374999994 0.06772127539503388
1 0.4271262145053747 0.36521779219835176 0.028435027005374695 0.036204032067293085
1 0.38092771875 0.3849419864559819 0.07138282812499999 0.05203845372460495
1 0.833238265625 0.34359636568848756 0.01907928124999998 0.019959954853273162
1 0.33355846875 0.37424915349887133 0.025329390625 0.02922707674943568
1 0.6542877656250001 0.34716064334085783 0.00921068750000001 0.01496996613995487
1 0.424020578125 0.373179896936713 0.028454408303237956 0.028870622250645895
1 0.3723749375 0.3578534762979684 0.013487078124999977 0.01354425507900675
1 0.1272884087252107 0.3497269454921461 0.2545768174504214 0.16880418220239218
