1 0.9033052759045184 0.27872651241534985 0.013158124999999998 0.00641568819037849
1 0.12631799999999999 0.2880760248392954 0.012500218749999995 0.022811376975169273
1 0.664156359375 0.3100921557562077 0.029934734375000004 0.04490989841986455
1 0.18172832635196937 0.2799938111761957 0.007894875000000004 0.0156828216704289
1 0.818435375 0.27872651241534985 0.009868593749999969 0.0156828216704289
1 0.219411734375 0.29298362302483066 0.014473937500000004 0.00570284424379235
1 0.6804724320065423 0.2696019770229308 0.05921157434228886 0.028514221218961622
1 0.70724921875 0.29583504514672687 0.029934734375000004 0.04490989841986455
1 0.64935346875 0.2830036455981941 0.010526500000000046 0.019959954853273128
1 0.1276338125 0.29298362302483066 0.012282018752974884 0.017108532731376955
1 0.13527283505098467 0.307557558234516 0.027595512078938712 0.015682821670428865
1 0.17237143749999997 0.28300364559819413 0.02234688357824061 0.021385665914221218
1 0.6427744062499999 0.30438931151241533 0.020724046874999996 0.031365643340857764
1 0.16248228509844356 0.3001121783295711 0.048273871376444163 0.027088510158013532
1 0.4549421718750001 0.2773008013544018 0.015533530207341724 0.005702844243792318
1 0.718433625 0.28300364559819413 0.003947437499999987 0.015682821670428865
1 0.206253609375 0.29583504514672687 0.014473937500000004 0.009979977426636581
1 0.1828979375 0.3001121783295711 0.008114177027954028 0.016950120431274713
1 0.14506832812499998 0.29298362302483066 0.031908453125 0.027088510158013532
1 0.4408352072956332 0.27872651241534985 0.01860486146031661 0.012831399548532723
1 0.16462202916468344 0.28347649435021244 0.009941327082341722 0.009979977426636581
1 0.6467218437500001 0.27302366817155754 0.014473937500000034 0.0313656433408578
1 0.9734955860391015 0.27854830209700904 0.007894874999999975 0.012831399548532723
1 0.6720512343749999 0.29298362302483066 0.017434515624999966 0.028514221218961622
