1 0.043092859374999994 0.22312378103837474 0.022039859375 0.013544255079006784
1 0.10918197076738995 0.23520272602707362 0.030476887253509943 0.04490989841986455
1 0.8236986151312582 0.23559873678218032 0.017763449012516475 0.017821388261851014
1 0.852975453125 0.2366680361173815 0.008223828124999954 0.0192470993227991
1 0.8070316578944954 0.23595519484416067 0.006250083058486785 0.0192470993227991
1 0.025987296875 0.230517410961776 0.023355671874999998 0.0192470993227991
1 0.13160440089565942 0.23336883308367212 0.029605781249999998 0.027088510158013532
1 0.24465681365847247 0.23492708145395075 0.02894787500000001 0.0192470993227991
1 0.9210687500000001 0.24664801354401802 0.008881734375000032 0.022098521444695245
1 0.26698761660826376 0.2316780474040632 0.008101507233263779 0.00926712189616252
1 0.09764425821873 0.2366680361173815 0.039973901402760026 0.04490989841986455
1 0.895081453125 0.2423708803611738 0.007565921874999996 0.022098521444695245
1 0.21743801562499998 0.23141297278540232 0.043092859375 0.03564277652370203
1 0.2923170072332638 0.2544894243792325 0.061706007953714524 0.10550261851015799
1 0.8227483153630492 0.28086507900677204 0.13739275703585227 0.08055267494356658
1 0.015789749999999998 0.24094516930022572 0.031579499999999996 0.03938976046922446
1 0.45284613223326375 0.28086507900677204 0.07841316464173621 0.13534221282242415
1 0.9969514132797156 0.31753537249374963 0.006097173440568918 0.11653161819968379
1 0.99861069921875 0.25734084650112865 0.002778601562499953 0.016395677200902927
1 0.9416196546660925 0.24949943566591418 0.029778923458907515 0.02494994356659142
1 0.18466502401673626 0.23141297278540232 0.07894875000000003 0.04490989841986455
1 0.06862888223326377 0.2366680361173815 0.06875120312500001 0.04918703160270881
1 0.783895296875 0.23310375846501133 0.010855453125000025 0.013544255079006784
1 0.23618834375 0.23310375846501127 0.027731232496076817 0.022098521444695245
1 0.928634671875 0.24522230248306995 0.02532939062500006 0.023524232505643332
2 0.2723731875 0.22882662528216705 0.0026316250000000116 0.016395677200902927
1 0.2567057583917362 0.2316780474040632 0.023355671874999977 0.0192470993227991
1 0.018411872612447824 0.27801365688487584 0.03682374522489565 0.06790398168818608
