1 0.33395789038136264 0.7007369864559818 0.6679157807627253 0.5963544455446689
1 0.5250091875 0.48046462753950336 0.26645203125 0.20672810383747175
1 0.6928592193511951 0.3478737768775752 0.010197418586702275 0.01853424379232504
1 0.843106859375 0.3578534762979684 0.03750065625 0.04134562076749438
1 0.739815578125 0.3471606433408577 0.012171265624999943 0.02423708803611739
1 0.7533026562499999 0.35001206546275393 0.025987296875000017 0.0384941986455982
1 0.6422256730969497 0.35001206546275393 0.01677696783353788 0.02542388592853142
1 0.40855978125 0.38066485327313765 0.04671134375000001 0.04134562076749438
1 0.02960578125 0.4098919300225734 0.0565799375 0.04134562076749438
2 0.19210862499999998 0.350724920993228 0.008223828125000015 0.032791354401805854
1 0.655274625 0.3528634875846501 0.014144984375000055 0.022811376975169273
1 0.42801724166517846 0.3666659627515317 0.029326054165178483 0.030894073372299793
1 0.7082360781249998 0.3471606433408577 0.013487078124999977 0.019959954853273162
1 0.679946109375 0.3471606433408577 0.012171265624999943 0.01853424379232504
1 0.3812566419950662 0.38494198645598193 0.07286325164720188 0.05346429428774897
1 0.633892671875 0.34716064334085767 0.004276390624999967 0.01354425507900675
1 0.25639511788040803 0.37139773137697507 0.04962463990034003 0.04419704288939049
1 0.8000139999999999 0.34716064334085783 0.024013578125000025 0.037068487584650145
1 0.6503403281250002 0.34359636568848756 0.004934296875000044 0.01069283295711064
1 0.42047517644536103 0.37298181577324285 0.03256635937500001 0.03429642765194964
1 0.7239338275465748 0.3481799091817107 0.013204933556714002 0.016294941671049973
1 0.6694196093750001 0.34716064334085783 0.008552781250000053 0.01496996613995487
1 0.3723745115813037 0.3585658703364012 0.016281795451736986 0.01354425507900675
1 0.12672919140625 0.35001206546275393 0.2534583828125 0.16538248306997744
