1 0.2764192575175424 0.2616179796839729 0.01141465054323246 0.01511257032128941
1 0.11250196875 0.2830036455981942 0.05789575000000002 0.04918703160270881
1 0.52435128125 0.334329243792325 0.025000437499999962 0.06415699774266365
1 0.7797372255105853 0.3071552252217522 0.05789575000000002 0.06059272009029348
1 0.39145421875 0.2958350451467268 0.02500043750000002 0.04419704288939049
1 0.7401445312499999 0.30296360045146725 0.021423050575180725 0.036355632054176086
1 0.5950762031250001 0.33034766787422365 0.14375251562500005 0.07057269751692999
1 0.5056103145991142 0.24277820119578847 0.010385508468473208 0.01796392411202714
1 0.5127282540809884 0.2780136568848759 0.006908015624999978 0.024355806533571927
1 0.06776434375 0.27801365688487584 0.029605781249999998 0.029939932279909678
1 0.926332 0.27801365688487584 0.019737187500000055 0.017821388261851014
1 0.414809890625 0.2780136568848759 0.029605781250000025 0.03801882671092244
1 0.17185748678487264 0.27832561470311007 0.061658189909872645 0.02526190138482561
2 0.512180015625 0.27088510158013546 0.00953964062499999 0.03817727574580785
2 0.8036324843749999 0.3214978442437923 0.006908015625000038 0.01496996613995487
1 0.6703406041770277 0.399816976413397 0.34715499250563236 0.21466422377451336
1 0.5277364638599094 0.26903159634669943 0.029605781250000025 0.008904279779542184
1 0.389809453125 0.30975447621016605 0.011080539163792836 0.03335411837845448
2 0.82435653125 0.3001121783295711 0.004276390624999967 0.031365643340857764
1 0.5256871843814822 0.26161797968397293 0.02124761250972327 0.016046505645682066
1 0.7174480090305103 0.4854546162528216 0.4034626952914068 0.3838798243733839
1 0.025000437500000004 0.27302366817155754 0.037171703125000004 0.016395677200902927
1 0.01537855859375 0.41488191873589164 0.0307571171875 0.1860552934537246
1 0.29178142187500006 0.27801365688487584 0.04934296875000002 0.029939932279909678
1 0.25987296875 0.30795358916478555 0.07533026562499998 0.04776132054176069
1 0.84738325 0.27468789036644603 0.011513359374999983 0.04419704288939049
1 0.1565816875 0.29583504514672687 0.07993560937500002 0.06415699774266367
1 0.533676623247748 0.2801035674565645 0.009045015503058036 0.011856837734581226
1 0.9802803124999999 0.3621306094808126 0.02203985937500003 0.04419704288939055
1 0.8016587656249999 0.312646528800818 0.04670223409328595 0.056315586907449214
2 0.26217564062500004 0.2644694018058691 0.006908015625000008 0.00926712189616252
1 0.42698115625000005 0.2730236681715576 0.02500043750000002 0.034929920993227996
1 0.876721769043035 0.31575049414529177 0.0634467998045024 0.07057269751693003
2 0.8496859218750001 0.3243492663656884 0.005592203125000002 0.05203845372460495
1 0.8957393332786957 0.27801365688487584 0.0177635470389126 0.016395677200902927
1 0.37829609375 0.30296360045146725 0.01907928124999998 0.06059272009029348
1 0.4307229115159001 0.24290550415033085 0.009375345365495018 0.010603788521245962
1 0.26382040625 0.3471606433408577 0.08513725474466259 0.0975277077988174
1 0.1578975 0.3588043827999643 0.16568252439543313 0.13520449981854585
2 0.8176680753882812 0.3131813080689616 0.012061485743359412 0.05156332838498874
1 0.222043359375 0.2786372585033711 0.05115217218273417 0.021385665914221218
1 0.27039946875 0.27801365688487584 0.045724484374999985 0.021385665914221218
1 0.414809890625 0.2530637133182844 0.006908015624999978 0.008554266365688493
1 0.2108279263364993 0.2879936343115125 0.02374050780274768 0.0114595525365172
1 0.551654390625 0.3243492663656885 0.117189510854305 0.09876601261441496
1 0.900744169029926 0.32933925507900674 0.07138282812499999 0.07912696388261851
1 0.21743801562499995 0.26803367945823925 0.041777046874999994 0.016395677200902927
1 0.9628457968749999 0.2694593905191873 0.022697765624999987 0.036355632054176086
1 0.7881716875 0.2680336794582393 0.04013228124999995 0.034929920993227996
1 0.37303284375 0.2680336794582393 0.013816031250000017 0.008554266365688493
1 0.39507270312500004 0.2879936343115125 0.04572448437500001 0.04918703160270881
2 0.8730415937500001 0.316507855530474 0.01644765625000003 0.056315586907449214
1 0.350992984375 0.29583504514672687 0.060856328125000005 0.06914698645598194
1 0.32876184160080774 0.3143692889390519 0.051645640624999996 0.07057269751693003
1 0.9460498832101785 0.3320229820072326 0.062307660752767786 0.07057269751692999
1 0.38315383059434627 0.26161797968397293 0.027961015625000012 0.016395677200902927
1 0.32829521875 0.32434926636568856 0.060856328125000005 0.06772127539503388
1 0.5286163184197705 0.28656792325056435 0.04615551957151377 0.036355632054176086
1 0.9709602681788212 0.34430960377201114 0.0379396723253496 0.06819676745071628
1 0.5188975558728005 0.2436465054167561 0.011876931936950127 0.020185062663316437
1 0.52435128125 0.2730236681715576 0.031908453125 0.03279135440180588
1 0.0486850625 0.4177333408577878 0.09506745312499999 0.18961957110609476
1 0.55856240625 0.28656792325056435 0.05559307812500004 0.00855426636568846
1 0.5052280038130745 0.23932928421808133 0.053027134089406285 0.013734089615617683
2 0.5012151395302192 0.2727858025406201 0.006908015624999978 0.03564277652370206
1 0.48717957812499996 0.24308373589164783 0.007565921874999996 0.016395677200902927
1 0.31382128125 0.3386063769751692 0.04243495312499999 0.08055267494356658
1 0.7431433026258529 0.31080501128668175 0.012278452311220534 0.031680687899753014
1 0.852606745720662 0.30495988943584557 0.06842224999999995 0.056315586907449214
1 0.2460569375 0.26161797968397293 0.045724484374999985 0.02993993227990971
1 0.4013748176212427 0.2549019325441305 0.021381953125000012 0.016395677200902927
1 0.35803254827625325 0.3208990170159847 0.018842494352744352 0.04918703160270878
1 0.813172125 0.27801365688487584 0.027961015625000012 0.021385665914221218
1 0.5253446150497332 0.32933925507900674 0.025000437499999962 0.06895133079360706
1 0.35494042187499997 0.26803367945823925 0.030154330678821138 0.016395677200902927
1 0.2996762810254115 0.2730236681715576 0.04638239062499997 0.02993993227990971
1 0.42698115625 0.2694593905191873 0.024724536018242323 0.034929920993227996
