1 0.9650352562455898 0.3710404366033668 0.0699294875088204 0.11637224097899121
1 0.2680143880378302 0.24807372460496613 0.023931299235197656 0.017286834614470056
1 0.07163353128788202 0.2635868632236089 0.04378212075241164 0.021691244777814065
1 0.45428426562499996 0.32933925507900674 0.12006789062499999 0.09552264108352145
1 0.7384994553955233 0.3062426657406306 0.05789575000000002 0.06059272009029348
1 0.335861140625 0.27302366817155754 0.009868593750000028 0.004989988713318291
1 0.44145509374999997 0.3307649661399548 0.147371 0.10692832957110611
1 0.49244282812500006 0.33432924379232504 0.07763293750000001 0.10692832957110611
1 0.041777046874999994 0.2530637133182844 0.041777046874999994 0.041345620767494345
1 0.8960683125000001 0.2879936343115124 0.024342531250000004 0.0313656433408578
2 0.7967244687499999 0.6123429006772009 0.08914629687499993 0.4490989841986457
1 0.8812649478629463 0.28549845073298086 0.022697765624999987 0.019959954853273162
1 0.389809453125 0.26803367945823925 0.027961015625000012 0.021385665914221218
1 0.09136569570877841 0.2654492723826474 0.06681848122581018 0.0323901795067527
1 0.99795279296875 0.31080501128668175 0.004094414062499988 0.016395677200902927
1 0.41184931250000006 0.4127433521444695 0.22204335937500003 0.2715979571106095
1 0.5092194375000001 0.2780136568848759 0.04013228125000001 0.034929920993227996
1 0.99334744921875 0.2944093340857788 0.0133051015625 0.014969966139954839
2 0.772052984375 0.3243492663656884 0.01644765625000003 0.0848298081264108
1 0.516127453125 0.26161797968397293 0.022697765624999987 0.016395677200902927
2 0.6779723906249999 0.5831158239277653 0.07565921874999997 0.4761874943566591
1 0.2777178726963256 0.4656728031030183 0.4043656548122152 0.38636785791503825
1 0.5171131199137374 0.2879930104943033 0.029605986868321152 0.0224558849357459
1 0.01118440625 0.26161797968397293 0.0223688125 0.034929920993227996
1 0.24539903124999998 0.26803367945823925 0.03947437499999999 0.016395677200902927
1 0.139805078125 0.2879936343115125 0.07664607812500002 0.04419704288939055
1 0.8283039687499998 0.27801365688487584 0.03651379687499994 0.021385665914221218
1 0.075988171875 0.27801365688487584 0.07138282812499999 0.056315586907449186
1 0.5134507202056552 0.28291836374630847 0.01591068901275925 0.021105454115168305
1 0.8760021718749998 0.37353629796839727 0.009868593749999969 0.04918703160270878
1 0.7513789118669543 0.3132725695623292 0.06842224999999995 0.054231771834093154
2 0.31020279687499996 0.2601922686230248 0.006908015624999978 0.017821388261851014
1 0.5197459375 0.2944093340857788 0.056250984375 0.06059272009029348
1 0.40685499256797125 0.2633676274332295 0.021232469840707622 0.02041331469319767
1 0.8062636641541745 0.311280141105595 0.052303546875000016 0.05275130925507901
1 0.438494515625 0.33860637697516927 0.1565816875 0.10550261851015802
2 0.7934349375 0.3421706546275395 0.006908015625000038 0.06843413092550787
1 0.42171790624999994 0.2366680361173815 0.022697765624999987 0.014969966139954839
1 0.11315987500000001 0.3307649661399548 0.07894875000000003 0.08696837471783299
1 0.039117627882389455 0.3419329584928767 0.07823525576477891 0.13354168033330835
1 0.1530720343949878 0.271835499048337 0.06162393488564728 0.021385665914221218
1 0.21020071571273757 0.26770093699544995 0.04054897066257226 0.025947883897829007
1 0.4829026655445131 0.3176958704567593 0.11272128106775466 0.10502735931141206
1 0.30855803125 0.2530637133182844 0.030263687499999983 0.021385665914221218
1 0.816132703125 0.32933925507900674 0.07138282812499999 0.07057269751692999
1 0.19671396875 0.24664801354401805 0.031908453125 0.016395677200902927
1 0.9513324375000001 0.27801365688487584 0.04243495312500004 0.03635563205417605
1 0.7697503124999999 0.2694593905191873 0.031908453125 0.036355632054176086
1 0.35197984374999997 0.26161797968397293 0.011513359374999983 0.008554266365688493
1 0.345071828125 0.2694593905191873 0.04572448437500001 0.014969966139954839
2 0.8154747968749999 0.332903532731377 0.00953964062499999 0.08625551918735892
1 0.2789517549923729 0.27302366817155754 0.0588823972288741 0.02566187963755818
1 0.24934613540527759 0.27967688111002004 0.045724484374999985 0.024236907443039808
1 0.8602124218749999 0.3386063769751692 0.0881594375 0.07057269751692999
1 0.360203671875 0.2530637133182844 0.027961015625000012 0.016395677200902927
1 0.9921961132812501 0.31080501128668175 0.015607773437499972 0.00855426636568846
1 0.237833109375 0.28656792325056435 0.036513796875000004 0.016395677200902927
1 0.4802715625000001 0.31080501128668175 0.13980507812500007 0.09552264108352145
1 0.8723836875 0.3457349322799097 0.07138282812499999 0.06914698645598194
1 0.5139098716918702 0.26856031931475316 0.0412188329735199 0.034929920993227996
1 0.47204773437499997 0.3143692889390519 0.11776521875000003 0.0805526749435666
1 0.4872174407069494 0.23281869294052981 0.04782041604701313 0.007922821609967164
1 0.80403492578125 0.8516159904063205 0.3919301484375 0.2967680191873589
1 0.9901489062500001 0.26803367945823925 0.007565921874999996 0.016395677200902927
1 0.7048523575488943 0.3051020738578953 0.02269777995866408 0.03492992099322797
1 0.9389879453125 0.3571406207674943 0.12202410937500012 0.13686826185101575
1 0.7660955559894248 0.31500569777272464 0.06842224999999995 0.056315586907449214
1 0.2302671875 0.24415248283597965 0.04720459664906175 0.021385665914221218
1 0.3900287157325766 0.2436777554340248 0.025493844982386864 0.015207573956905656
1 0.8010008593749999 0.27801365688487584 0.04013228124999995 0.016395677200902927
2 0.24079368750000002 0.28229079006772007 0.011513359375000013 0.017821388261851014
1 0.472047734375 0.33860637697516927 0.10954139062500001 0.12189829571106095
1 0.3273082343707291 0.2637564108305868 0.031908453125 0.02993993227990971
1 0.4032963777336803 0.2587664244914972 0.02500043750000002 0.02732587361622735
