1 0.16677923437499997 0.24450944695259597 0.07138282812499999 0.07057269751693003
1 0.2197039142729204 0.22518296896324053 0.051974593750000006 0.05203845372460495
1 0.15071527266053836 0.20298541701253667 0.018750328125 0.02922707674943565
1 0.31941348437499995 0.2316780474040632 0.020724046874999996 0.04490989841986455
1 0.822053859375 0.3300521106094808 0.14276565624999998 0.1532639390519187
1 0.28921489276489465 0.203733498991668 0.056118295890925915 0.03920705417607223
1 0.042434953125 0.2851422121896162 0.08486990625 0.06486985327313767
1 0.562728453812657 0.36213048275079973 0.0520838256805528 0.14613538374717835
1 0.5404699054223023 0.27017198940883835 0.04407971875000006 0.07591915676895579
1 0.43356021875 0.25662799097065464 0.05394831249999997 0.0997997742663657
1 0.89827999609375 0.49757316027088033 0.20344000781250007 0.2587665575620767
1 0.39704642187499994 0.34858635440180585 0.03125054687499998 0.1432839616252822
1 0.19802978124999998 0.3243492663656885 0.08552781250000002 0.11975972911963884
1 0.6659653511425512 0.27302351312276635 0.0935873429338919 0.0830483670197863
1 0.981587375 0.685767020316027 0.036825249999999934 0.3108050112866818
1 0.029861518753211715 0.20585636276717423 0.035197984375 0.034929920993227996
1 0.4399982068168275 0.20377473348346534 0.01649458080996548 0.013646203311117067
1 0.9588831225375238 0.24648335353501163 0.08223375492495227 0.17135942507450364
1 0.404941296875 0.29939932279909703 0.04802715624999999 0.11975972911963884
1 0.4292588657588407 0.18654856198006992 0.01123507137647343 0.018424221080847993
1 0.788061673172101 0.23833147815375136 0.0831152041441508 0.08411695259593678
1 0.61382653125 0.26090512415349887 0.04868506250000001 0.056315586907449186
1 0.6698492159907086 0.24209678260043996 0.053948312500000026 0.05697422694347475
1 0.567054868422026 0.32279374077633344 0.06121512947744729 0.10653933573619093
1 0.32507856503377297 0.20142113845576537 0.01458345464526379 0.012831399548532723
1 0.1339933594533888 0.20435116703676423 0.027741500078388805 0.022336024308833653
1 0.18355584374999995 0.20744095936794582 0.024013578124999994 0.019959954853273128
1 0.0953962553994483 0.19033226318676116 0.032566359375 0.022811376975169304
1 0.21414837746443252 0.1927085731248515 0.020066140625000006 0.029108286801005398
1 0.09388286937024128 0.2596217027644079 0.06190894101923593 0.06372912360481481
1 0.8406064766720388 0.23110765804745487 0.05565894138277739 0.06258882050784992
1 0.885212859375 0.32862639954853273 0.053948312500000026 0.0898197968397291
1 0.665801125 0.48331604966139946 0.217438015625 0.4191590519187358
1 0.23026718749999997 0.4676332279909706 0.22467498437499997 0.38137770880361177
1 0.061514234375 0.19247099322799097 0.024671484375000004 0.017108532731376986
1 0.294742 0.24736086907449215 0.06743539062500001 0.07057269751693003
1 0.12862067187499998 0.3243492663656885 0.09605431249999997 0.13330398419864556
1 0.3832669939290258 0.23246996565500916 0.02320937781170489 0.02043510580384071
1 0.259544015625 0.2373808916478555 0.057237843749999996 0.06772127539503385
1 0.29101373665466607 0.18272839173796732 0.022807112836081937 0.02423708803611739
1 0.782579484375 0.6928955756207674 0.39013840625 0.6002243566591421
1 0.11480448271960472 0.20886661339759988 0.05789575000000002 0.05346416478555304
1 0.5944182968749999 0.25662799097065464 0.013487078124999977 0.040632765237020314
1 0.03379993359375 0.25377656884875843 0.0675998671875 0.06772127539503385
1 0.072040734375 0.21884664785553049 0.05592203124999999 0.04490989841986455
1 0.8993578437499999 0.21314380361173813 0.003947437499999987 0.014257110609480811
1 0.05074074814763572 0.34731896063450945 0.10148149629527144 0.14613538374717827
1 0.008662431134245436 0.20173811155989563 0.01721521147049183 0.045860369556286515
1 0.13947554933778786 0.23310350896807058 0.046053437499999995 0.050612493166716205
