1 0.33046244252534507 0.2881613677872066 0.04678874576013801 0.08545879691903782
1 0.46086332812499997 0.2594794130925508 0.11612045312500001 0.06486985327313771
2 0.38487515624999996 0.31793356659142213 0.012171265625000002 0.017821388261851045
1 0.8911340156250002 0.3457349322799097 0.04605343750000005 0.05203845372460495
2 0.422046859375 0.3179335665914221 0.008552781249999994 0.015682821670428865
2 0.34441392187500003 0.3122307223476298 0.011842312500000023 0.030652787810383737
1 0.9694248593750001 0.32720068848758466 0.027303109375000054 0.03207849887133186
1 0.9065948124999998 0.3257749774266365 0.017434515624999966 0.021385665914221218
1 0.8052772499999999 0.3792391422121897 0.11546254687500006 0.13472969525959372
1 0.7306048906249998 0.8471606433408578 0.5384962656249999 0.3056787133182844
2 0.38158569079325677 0.3140129146401183 0.008223828125000015 0.023880713737183815
1 0.5192525263161596 0.29191433527376154 0.10888348437499999 0.08661194249723769
2 0.36480913076319926 0.3140128077075115 0.012171265625000002 0.026375654627539505
