1 0.28928204236846683 0.27088502888093935 0.034145253860640365 0.05275130925507901
1 0.19671396874999997 0.24308373589164783 0.02500043749999999 0.019959954853273128
1 0.060856328125 0.3307649661399548 0.0986859375 0.1040769074492099
1 0.9118580625 0.29298362302483066 0.037171703125000025 0.00855426636568846
1 0.402638625 0.2601922686230248 0.03421112500000003 0.034929920993227996
1 0.7742459182208266 0.2530637133182844 0.04649200584828155 0.018059045581997422
1 0.748368359375 0.2566279909706546 0.022697765624999987 0.019959954853273128
1 0.2644783125 0.24664801354401805 0.009868593749999998 0.004989988713318291
1 0.639155921875 0.5132559819413093 0.44836310937499996 0.3756748645598194
1 0.777316234375 0.28300364559819413 0.08750153125000004 0.04419704288939049
1 0.38915154687500003 0.26161797968397293 0.031908453125 0.034929920993227996
1 0.8723836875 0.32933925507900674 0.05559307812500004 0.06059272009029348
1 0.881594375 0.2694593905191873 0.03947437499999999 0.021385665914221218
2 0.502311421875 0.27373652370203155 0.015131843749999992 0.041345620767494345
1 0.2519797960875289 0.2936964621595784 0.05592202368405541 0.07663179737083228
1 0.7881716875 0.3093793002257336 0.056250984375 0.05916700902934536
1 0.2842150763058329 0.29811611098797525 0.016974029145862404 0.04305649000869176
1 0.7302759374999999 0.2601922686230248 0.03651379687499994 0.042771331828442435
1 0.335861140625 0.26803367945823925 0.02203985937500003 0.021385665914221218
1 0.30000525 0.27801365688487584 0.07138282812499999 0.06415699774266365
2 0.44803415625 0.3193592776523702 0.01644765625000003 0.09195836343115127
2 0.49145596875 0.2822907900677201 0.014473937499999975 0.04490989841986458
1 0.841133140625 0.32933925507900674 0.06677748437500004 0.06772127539503388
2 0.4667844843749999 0.3214978442437923 0.014473937499999975 0.09195836343115127
1 0.9750170625 0.2830036455981942 0.027961015625000012 0.01639567720090296
1 0.10625185937499998 0.2944093340857788 0.10954139062499998 0.1133440293453725
1 0.23783310937500002 0.24023231376975168 0.014473937500000004 0.014969966139954839
1 0.8496859218749999 0.24664801354401808 0.06217214062499998 0.04918703160270881
1 0.6687617031249999 0.2316780474040632 0.037171703125000025 0.016395677200902927
1 0.23783310937499996 0.24664801354401808 0.013816031249999987 0.008554266365688493
1 0.9687669531249999 0.3471606433408577 0.061514234375000025 0.12047258465011283
1 0.37829609375 0.28300364559819413 0.007565921874999996 0.02494994356659145
2 0.47698203125 0.3093793002257336 0.01907928124999998 0.09552264108352145
1 0.9401480312500001 0.2830036455981942 0.08421200000000001 0.01639567720090296
1 0.8452996426532484 0.28371662467876213 0.03125054687500004 0.01639567720090296
1 0.26382040625 0.2366680361173815 0.009868593749999998 0.004989988713318291
1 0.49244282812500006 0.2266880586907449 0.009868593750000028 0.019959954853273128
1 0.9332400156249998 0.29298362302483066 0.03651379687499994 0.004989988713318291
1 0.75988171875 0.2755186625282167 0.030757117187499954 0.016395677200902927
1 0.1849810032211577 0.2830036455981942 0.10197546874999999 0.09908691873589168
1 0.9931007343749999 0.2879936343115125 0.013798531250000086 0.01639567720090296
1 0.2333371659379708 0.2908450065348521 0.0720407804272094 0.08554266365688487
1 0.062172140625000004 0.3093793002257336 0.10625185937500001 0.10550261851015802
1 0.4535939572412275 0.22319520774568974 0.04401398395655403 0.015255000806035828
1 0.9141519843749999 0.3984862415349887 0.17169603125000008 0.19603527088036118
1 0.88225228125 0.27801365688487584 0.04868506250000001 0.016395677200902927
1 0.6217214062499999 0.3621306094808126 0.3167818593750001 0.14684823927765234
1 0.6049466084480914 0.3157954361951763 0.2698731705881199 0.15754143573074322
1 0.33125579687500006 0.27801365688487584 0.02500043750000002 0.021385665914221218
1 0.8648177656249999 0.32933925507900674 0.06217214062499998 0.06415699774266365
1 0.522048609375 0.27801365688487584 0.07138282812499999 0.05275130925507898
1 0.15263424999999994 0.24165802483069973 0.009868593749999998 0.014969966139954839
1 0.477310984375 0.22526234762979683 0.011513359374999983 0.021385665914221218
