1 0.8602124218749999 0.30581502257336346 0.01842137500000002 0.020672810383747155
1 0.68093296875 0.28870648984198644 0.007236968750000017 0.010692832957110609
1 0.7830432547859265 0.316507855530474 0.044834692919536796 0.022811376975169273
1 0.73093384375 0.32292355530474043 0.041466365593509025 0.04205847629796837
1 0.67674020912583 0.3300521106094808 0.025987296875000017 0.03421706546275397
1 0.6218393333748182 0.2944093340857788 0.01268641650072683 0.017821388261851045
1 0.44803415625 0.32292355530474043 0.05065878125 0.03492992099322797
1 0.6367274726156776 0.2944093340857788 0.021381953124999954 0.017821388261851045
1 0.85725184375 0.28870648984198644 0.014144984375000055 0.00855426636568846
1 0.5747542069829158 0.32221069977426636 0.09046210937499997 0.04918703160270878
1 0.70330178125 0.2901322009029345 0.007236968750000017 0.00570284424379235
1 0.68619621875 0.2844293566591422 0.003947437499999987 0.008554266365688493
1 0.7486973124999998 0.3300521106094808 0.04407971874999994 0.03421706546275397
1 0.67895925 0.28870648984198644 0.007565921874999996 0.00855426636568846
1 0.20987209375 0.2900745941274401 0.021381953125000012 0.02204091466920087
1 0.05259152336498586 0.9098921358997539 0.10518304672997172 0.18021572820049223
2 0.8957393593749998 0.3357549548532731 0.013816031249999956 0.07128555304740405
1 0.11283092187500002 0.2944093340857788 0.016118703125000005 0.017821388261851045
1 0.17204248437499997 0.292301759344448 0.02598729687499999 0.022811376975169273
1 0.19593823012396738 0.2901322009029345 0.020724046874999996 0.019970592434751206
1 0.766789734375 0.2958350451467268 0.007565921874999996 0.01354425507900675
1 0.7142107919076334 0.3162094585003704 0.020242104588358602 0.020672810383747155
