1 0.523693375 0.3001121783295711 0.017105562499999987 0.022098521444695277
1 0.5710626249999999 0.298686467268623 0.013816031249999956 0.022098521444695277
1 0.502311421875 0.30296360045146725 0.01842137500000002 0.022098521444695277
1 0.555272875 0.30296360045146725 0.013158124999999998 0.020672810383747155
1 0.7329075625000001 0.30296360045146725 0.024013578125000025 0.016395677200902927
1 0.6539588124999999 0.3001121783295711 0.01578974999999995 0.017821388261851045
1 0.833238265625 0.29583504514672687 0.03914542187500002 0.022098521444695277
1 0.934226875 0.30296360045146725 0.03092159374999994 0.017821388261851045
1 0.1013175625 0.45195040632054184 0.202635125 0.42842617381489845
1 0.769421359375 0.3001121783295711 0.022697765624999987 0.016395677200902927
1 0.675340765625 0.29583504514672687 0.03848751562499994 0.022098521444695277
1 0.539483125 0.3001121783295711 0.013816031250000017 0.017821388261851045
1 0.96646428125 0.3001121783295711 0.01907928124999998 0.016395677200902927
1 0.8861997187499999 0.29583504514672687 0.04111914062500001 0.022098521444695277
