1 0.6792882031249999 0.32434926636568856 0.016776609375000008 0.02922707674943568
1 0.65724834375 0.3143692889390519 0.012829171875000019 0.036355632054176086
1 0.7286311718749999 0.30581502257336346 0.016118703125000047 0.014257110609480811
1 0.84738325 0.31436928893905197 0.035197984375000026 0.02922707674943568
1 0.792448078125 0.32007213318284433 0.03125054687500004 0.017108532731376986
1 0.7760004218750001 0.3043893115124154 0.029934734375000004 0.02922707674943568
1 0.791132265625 0.3058150225733635 0.027303109375000054 0.02922707674943568
1 0.8585676562500001 0.34003208803611734 0.04671134375000001 0.053464164785553075
1 0.671064375 0.31722071106094807 0.022697765624999987 0.040632765237020314
1 0.9725411640625 0.39492196388261847 0.054917671875000094 0.15183822799097063
1 0.829290828125 0.4776132054176072 0.13355496874999997 0.24736086907449215
1 0.928634671875 0.39349625282167033 0.05723784374999994 0.09267121896162527
1 0.6496824218749999 0.3200721331828442 0.003289531250000029 0.019959954853273162
1 0.700999109375 0.32292355530474043 0.03815856249999996 0.056315586907449186
