2 0.18881909374999997 0.4369804401805869 0.02467148437500001 0.16823390519187356
2 0.113159875 0.4476732731376975 0.024013578124999994 0.15041251693002258
1 0.41612570312499997 0.3072407336343115 0.007894874999999975 0.014257110609480811
1 0.870738921875 0.38066485327313765 0.12241755786231974 0.1040769074492099
2 0.45122970126209067 0.32669150516567264 0.009116701262090625 0.04363694011508455
1 0.47415443422020653 0.7493553477975189 0.9483088684404131 0.5012893044049622
1 0.7092229375 0.3243492663656884 0.019408234374999958 0.021385665914221218
1 0.42171790624999994 0.3072407336343115 0.003289531250000029 0.007128555304740406
2 0.19230594845174415 0.42585988478038556 0.022697765624999987 0.17678817155756207
1 0.7539605625 0.5781157960958899 0.3782960937499999 0.42201047404063197
2 0.16299626110132603 0.43199043364525663 0.03947436677588403 0.20245097065462753
1 0.536522546875 0.33337876975169306 0.02532939062499994 0.04205847629796837
2 0.2066212701524822 0.41555283369482743 0.022001151722517865 0.16420838189183967
1 0.202964078125 0.31912164963728173 0.027083798519407884 0.018059002019543753
1 0.09671221875 0.37068487584650117 0.1013175625 0.1283139954853273
