1 0.10394918750000001 0.2159952257336343 0.02730310937500001 0.05203845372460495
1 0.38487515624999996 0.26090512415349887 0.055922031250000025 0.09267121896162527
1 0.4496789218749999 0.39207054176072237 0.07072492187499997 0.1418582505643341
1 0.34809854257489653 0.21799115791080642 0.05059318051649247 0.046620878309312566
1 0.26201090625902296 0.20298574461934427 0.029605808387208093 0.033147929185777546
1 0.52829871875 0.17536246049661397 0.00921068750000001 0.005702844243792318
1 0.406915015625 0.20744095936794582 0.06743539062500001 0.056315586907449214
1 0.07138282812499999 0.26090512415349887 0.07730398437500001 0.06201843115124153
1 0.352966703125 0.2894193453724605 0.07138282812499999 0.06772127539503385
1 0.7450788281249999 0.24878658013544017 0.03815856249999996 0.06629556433408576
1 0.33158475 0.19532241534988712 0.026645203124999975 0.034929920993227996
1 0.61777396875 0.4662075169300226 0.157568546875 0.23738089164785556
1 0.6352084843749999 0.24165802483069979 0.053948312500000026 0.0997997742663657
1 0.42615819532261684 0.22906440180310395 0.030592578126093707 0.058216444696839655
1 0.165463421875 0.1910452821670429 0.02598729687499999 0.02922707674943565
1 0.765802875 0.34858635440180585 0.10592290624999995 0.1546896501128668
1 0.5404699843749999 0.3243492663656885 0.07533026562499998 0.13615540632054177
1 0.956915890625 0.25377656884875843 0.08616821875000001 0.08269124153498869
1 0.6592220624999998 0.3485863544018058 0.09605431249999997 0.14613538374717827
1 0.1328970625 0.20458953724604964 0.01282917187499999 0.03920705417607223
1 0.5163739656767385 0.19264947441272223 0.007154843949634445 0.012118586786396747
1 0.72435478125 0.3086664446952596 0.09144896875000003 0.14613538374717835
1 0.423033639806776 0.17464973327115405 0.018914893498626975 0.008910715515094517
1 0.937187453125 0.21884664785553046 0.08947525000000003 0.06486985327313767
1 0.5710626249999999 0.20744095936794582 0.004605343749999946 0.017108532731376986
1 0.6750118125 0.24165802483069973 0.04605343750000005 0.05346416478555304
1 0.0435862890625 0.3820905643340858 0.087172578125 0.10550261851015802
1 0.841133140625 0.2666079683972912 0.07138282812499999 0.09979977426636567
1 0.068093296875 0.6180457449209932 0.13618659375 0.4569403950338599
1 0.0235201484375 0.21884664785553046 0.047040296875 0.05346416478555304
1 0.9320799296875 0.6223228781038375 0.13584014062500008 0.4020505191873588
1 0.25757029687499994 0.2851422121896163 0.07927770312499997 0.08696837471783299
1 0.7444209218749999 0.24165802483069976 0.04013228124999995 0.04490989841986455
1 0.150002625 0.41702048532731373 0.11875207812499998 0.16181820541760722
1 0.8671204375 0.22740091422121897 0.07138282812499999 0.059167009029345394
1 0.8857876737701406 0.3133001125641859 0.0864321326227086 0.11334381550368224
1 0.09144896875 0.3243492663656885 0.111515109375 0.16181820541760716
1 0.18311717817936402 0.1881938600451467 0.02511001836570177 0.024949858024783174
1 0.7332365156250001 0.7095795259593679 0.36612482812499997 0.5808409480812642
1 0.29178113241072323 0.208153871924011 0.057730970815756066 0.05346416478555304
1 0.19232776041541666 0.1872434240230961 0.03388214555901315 0.02352414696383512
1 0.26480726562499995 0.18534243792325059 0.018750328125 0.02922707674943568
1 0.022368812499999998 0.2780136568848759 0.044737624999999996 0.0997997742663657
1 0.00978635546875 0.18961957110609484 0.0195727109375 0.022811376975169304
1 0.3223740625 0.26090512415349887 0.055264125000000004 0.07057269751692999
1 0.022697765624999998 0.2765879458239277 0.042763906250000004 0.11120546275395031
1 0.975346015625 0.21314380361173813 0.038816468750000034 0.04490989841986455
1 0.09276478125000001 0.18534243792325059 0.012829171875000005 0.014257110609480811
1 0.47435040625 0.19247099322799097 0.012829171875000019 0.009979977426636581
1 0.029934734374999997 0.18534243792325059 0.022697765625 0.017108532731376986
1 0.254280765625 0.642571106094808 0.445073578125 0.7148577878103838
1 0.36260042199958326 0.19348930327651329 0.03012271322882049 0.034929920993227996
1 0.5108642031249999 0.1739367494356659 0.017434515625000025 0.009979977426636581
1 0.9446200394361026 0.40276431298694965 0.11075992112779491 0.24869926853599852
1 0.14408146875 0.2017381151241535 0.024671484374999997 0.040632765237020314
1 0.5256670937499999 0.26090512415349887 0.06283004687499995 0.10265119638826185
1 0.445073578125 0.3143692889390519 0.07927770312499997 0.13330398419864556
1 0.5734970581205903 0.24964185964480684 0.03960596256563479 0.06401430003874374
1 0.46020542187499996 0.2388066027088036 0.05394831249999997 0.08696837471783295
1 0.221385453125 0.20744095936794582 0.055264125000000004 0.056315586907449214
1 0.172700390625 0.2894193453724605 0.08486990624999999 0.10550261851015802
1 0.070067015625 0.20744095936794582 0.072698640625 0.06201843115124153
1 0.8000139999999999 0.2609051241534988 0.04605343750000005 0.06486985327313767
1 0.5916754908000977 0.2704102289167033 0.05526412499999995 0.08269124153498872
1 0.257570296875 0.2445094469525959 0.06611957812500004 0.06486985327313767
1 0.18421375000000004 0.2159952257336343 0.061514234375 0.05203845372460495
2 0.7644870625 0.4433961399548533 0.034211124999999974 0.06558270880361171
1 0.43750765625 0.3428835101580135 0.07533026562499998 0.13615540632054177
1 0.10986994572467926 0.2096816089031331 0.030310577420371236 0.05346416478555304
1 0.33882171875 0.2316780474040632 0.04144809374999999 0.05346416478555304
