1 0.252964953125 0.1789267381489842 0.013487078125000006 0.019959954853273128
1 0.26151773437500003 0.1789267381489842 0.007894875000000004 0.019959954853273128
1 0.13256810937500002 0.20672810383747178 0.03289531250000001 0.04776132054176072
1 0.081251421875 0.18177816027088037 0.02697415625 0.017108532731376986
1 0.072040734375 0.2017381151241535 0.021381953125000006 0.03564277652370203
1 0.30987384375 0.22953948081264108 0.021381953125000012 0.04776132054176072
1 0.24145159375000003 0.1789267381489842 0.013487078125000006 0.02494994356659142
1 0.350992984375 0.1789267381489842 0.004276390625000026 0.019959954853273128
1 0.23289881249999997 0.18177816027088037 0.005592203125000002 0.019959954853273128
1 0.31776871875 0.2266880586907449 0.01907928124999998 0.04633560948081263
1 0.31776871875 0.20173811512415354 0.013487078124999977 0.0156828216704289
1 0.012829171875 0.2266880586907449 0.02565834375 0.08197838600451467
1 0.306255359375 0.24807372460496613 0.01907928124999998 0.0805526749435666
1 0.314808140625 0.18961957110609481 0.01907928124999998 0.017108532731376986
1 0.09901489062499999 0.20957952595936793 0.040461234374999995 0.0541770203160271
1 0.27204423437499997 0.26803367945823925 0.06842224999999998 0.10478976297968397
1 0.19934559375000002 0.18177816027088037 0.011513359375000013 0.02922707674943565
