1 0.043092859374999994 0.22312378103837474 0.022039859375 0.013544255079006784
1 0.1086361981567737 0.23657954827257024 0.02687659269419216 0.04490989841986455
1 0.929292578125 0.24664801354401802 0.01907928124999998 0.02494994356659142
1 0.025987296875 0.23163506296005726 0.023355671874999998 0.0192470993227991
2 0.013158125 0.22027235891647853 0.0032895312499999995 0.012118544018058695
1 0.7921191249999999 0.2316780474040632 0.004276390624999967 0.010692832957110609
1 0.1303150263247256 0.23448648508195344 0.02960578125000001 0.027088510158013532
1 0.2456883133152195 0.23660355945137257 0.02894787500000001 0.0192470993227991
1 0.8269881562499999 0.2316780474040632 0.021381953124999954 0.0192470993227991
1 0.26647186677989027 0.2316780474040632 0.0075857574048902405 0.00926712189616252
1 0.0979735866454842 0.23461795737077062 0.041668157665968396 0.04490989841986455
1 0.9651484687499999 0.24664801354401805 0.023355671874999945 0.0192470993227991
1 0.21743801562499998 0.23029532078712106 0.043092859375 0.03564277652370203
1 0.2918012574048902 0.2544894243792325 0.05835363406928664 0.10550261851015799
1 0.8230407187500001 0.28086507900677204 0.13840815806952947 0.08055267494356658
1 0.9907980625 0.24949943566591418 0.01840387500000003 0.02494994356659142
1 0.015789749999999998 0.24094516930022572 0.031579499999999996 0.03715445647266204
1 0.4523303824048902 0.28086507900677204 0.07892891447010975 0.14093047281383028
1 0.7384997656250001 0.24094516930022572 0.008881734375000032 0.02993993227990971
1 0.9423980720530873 0.24949943566591418 0.03092159374999994 0.02494994356659142
1 0.18518077384510978 0.23029532078712106 0.07894875000000003 0.04490989841986455
1 0.06811313240489027 0.2366680361173815 0.06875120312500001 0.04918703160270881
1 0.23618834375 0.23310375846501127 0.02953635689538414 0.022098521444695245
2 0.14210775 0.23025233634311512 0.007565921874999996 0.023524232505643332
1 0.25722150822010975 0.2316780474040632 0.023355671874999977 0.0192470993227991
1 0.018025060241167686 0.27801365688487584 0.03605012048233537 0.06566867769162366
