1 0.71053875 0.27231081264108353 0.06315900000000003 0.056315586907449214
2 0.960872078125 0.4433961399548533 0.04802715625000005 0.12617542889390518
1 0.9546219687500002 0.2366680361173815 0.01250021875000004 0.010692832957110609
1 0.4174415156249999 0.27231081264108353 0.06710643749999996 0.056315586907449214
1 0.3967174687500001 0.22882662528216705 0.05131668750000002 0.09837406320541758
1 0.65682840234375 0.727400914221219 0.6863431953125 0.545198171557562
1 0.20987209375000002 0.2587665575620767 0.039803328125 0.04490989841986455
1 0.4832321406249999 0.2302523363431151 0.014473937499999975 0.010692832957110609
1 0.199016640625 0.2559151354401805 0.041777046874999994 0.05061274266365687
1 0.991784921875 0.24664801354401805 0.01643015624999992 0.023524232505643332
1 0.46941610937499995 0.26874653498871337 0.03486903124999999 0.04490989841986458
1 0.16266960899242378 0.2566279089926785 0.06036265254626851 0.054177102294003195
1 0.89202988671875 0.9054365829571107 0.21594022656250011 0.18912683408577877
1 0.118752078125 0.27231081264108353 0.047369250000000016 0.05488987584650113
1 0.7598817187500001 0.25448942437923255 0.04605343750000005 0.04918703160270881
1 0.597049921875 0.23310375846501127 0.032237406249999975 0.05346416478555304
1 0.5881681874999998 0.26732082392776524 0.010197546874999948 0.023524232505643332
