1 0.27204423437499997 0.20957952595936793 0.013487078124999977 0.027801365688487595
1 0.2828996875 0.20957952595936793 0.007894874999999975 0.019959954853273128
1 0.17302934374999998 0.23595518058690743 0.030592640624999994 0.050612742663656896
1 0.11546254687499999 0.22953948081264108 0.032895312499999996 0.03421706546275394
1 0.10888348437499999 0.2388066027088036 0.015789749999999995 0.02922707674943565
1 0.34836135937499996 0.20957952595936793 0.017105562499999987 0.027801365688487595
1 0.36316425 0.2437965914221219 0.042106000000000005 0.02494994356659142
1 0.25921506250000004 0.20957952595936793 0.01907928125000001 0.02922707674943565
1 0.37171703125 0.2017381151241535 0.013487078124999977 0.012118544018058695
1 0.25296495312499995 0.20957952595936793 0.016447656249999998 0.022811376975169304
1 0.368098546875 0.22953948081264108 0.02203985937500003 0.012118544018058695
1 0.36382215625000003 0.22953948081264108 0.026974156250000013 0.012118544018058695
1 0.3697433125 0.20672810383747178 0.01578975000000001 0.00926712189616252
1 0.0526325 0.2701722460496614 0.06842225 0.09409693002257338
1 0.36382215625000003 0.23595518058690743 0.040461234374999995 0.027801365688487595
1 0.375335515625 0.23595518058690743 0.02861892187500003 0.050612742663656896
1 0.445073578125 0.23595518058690743 0.007236968750000017 0.02922707674943565
1 0.14539728125 0.24522230248306995 0.037829609374999996 0.06201843115124153
1 0.36250634374999996 0.30082503386004517 0.0618431875 0.09837406320541758
1 0.231583 0.2174209367945824 0.021381953125000012 0.03421706546275394
1 0.321387203125 0.20957952595936793 0.01644765625000003 0.027801365688487595
