1 0.8611992812500001 0.33432924379232515 0.08421200000000001 0.06772127539503388
1 0.689814703125 0.34003208803611734 0.08881734374999996 0.10122548532731379
2 0.9578994469063924 0.302458087824069 0.008881734375000032 0.04490989841986455
1 0.9358007891115812 0.29797361173814896 0.020724046874999996 0.02423708803611739
1 0.98224528125 0.6151943227990971 0.03550943750000002 0.19389670428893907
1 0.96251684375 0.3022507449209932 0.04144809374999999 0.04348418735891646
1 0.6379198555116037 0.328280772951966 0.03388217187499999 0.04918703160270878
1 0.04900895408723785 0.3387818487154336 0.05229848533723785 0.08767026167889017
2 0.8477122031250001 0.3450220767494357 0.006250109374999961 0.04776132054176072
1 0.9613504323480486 0.4447670208047549 0.07729913530390284 0.17300457306100608
