1 0.5838917968749998 0.3257749774266365 0.020724046874999996 0.03778134311512414
1 0.395730609375 0.3214978442437923 0.023355671875000004 0.01853424379232504
1 0.81514584375 0.3578534762979684 0.020724046874999996 0.02423708803611739
1 0.504943046875 0.3086664446952596 0.003289531250000029 0.022811376975169273
2 0.320729296875 0.5695715688487584 0.08125142187500002 0.3450220767494356
1 0.6111949062500001 0.3115178668171557 0.03125054687500004 0.026375654627539505
1 0.7046175937499999 0.3243492663656884 0.033224265625000034 0.02780136568848756
1 0.6371822031250001 0.3607048984198645 0.04407971875000006 0.06201843115124153
1 0.5075746718749999 0.3086664446952596 0.008552781249999994 0.021385665914221218
1 0.46645553125 0.29797361173814896 0.024013578125000025 0.019959954853273162
1 0.4983639843749999 0.3086664446952596 0.018092421874999983 0.02780136568848756
1 0.538496265625 0.30581502257336346 0.01282917187499996 0.01853424379232504
1 0.57040471875 0.3072407336343115 0.010526500000000046 0.019959954853273162
1 0.3855330625 0.3214978442437923 0.03947437499999999 0.022811376975169273
1 0.51514059375 0.3086664446952596 0.012829171875000019 0.01853424379232504
1 0.5223775624999999 0.29797361173814896 0.016118703124999988 0.009979977426636581
2 0.28684712500000004 0.6037886343115124 0.08519885937499998 0.3806648532731376
1 0.8000139999999999 0.45551468397291195 0.11940998437500004 0.1489868058690745
2 0.328624171875 0.6586785101580135 0.046053437499999995 0.22241092550790062
1 0.44704729687499994 0.29939932279909703 0.027303109374999992 0.017108532731376986
1 0.4684292499999999 0.3357549548532731 0.03322426562499998 0.057741297968397304
