1 0.3341546936484617 0.2908450564334086 0.04802715624999999 0.09057717722938151
1 0.46579762499999994 0.26667265961931896 0.11833337549399883 0.06823963989670177
2 0.38125667187499995 0.32221069977426636 0.00953964062499999 0.019959954853273162
1 0.9105422500000001 0.3428835101580135 0.01721522998936405 0.04514752584073897
2 0.42566534375000004 0.32007213318284417 0.008552781249999994 0.015682821670428865
2 0.34770342680875 0.315082144469526 0.011403673244999978 0.030652787810383737
1 0.972714390625 0.32292355530474043 0.027303109375000054 0.03207849887133186
1 0.90462109375 0.32862639954853273 0.031908453125 0.04918703160270878
1 0.8107033517759217 0.37353629796839727 0.11977477608424512 0.12836339030650906
1 0.746425969871984 0.8433078297451572 0.506916765625 0.3133843405096857
2 0.3881646875 0.315082144469526 0.008552781249999994 0.02780136568848756
1 0.52566709375 0.2902747942501441 0.10552817789502165 0.09210090117557386
1 0.9332400156249999 0.34716064334085783 0.06809329687499996 0.053464164785553075
2 0.368098546875 0.315082144469526 0.012171265625000002 0.026375654627539505
