1 0.31645290624999994 0.28870648984198644 0.006908015624999978 0.023524232505643363
1 0.255267625 0.28371650112866814 0.036513796874999976 0.027088510158013532
1 0.306255359375 0.28870648984198644 0.01907928124999998 0.028514221218961622
4 0.131910203125 0.4875931828442438 0.05822470312499999 0.2437965914221219
1 0.15987121875000002 0.27231081264108353 0.14539728125 0.07912696388261851
1 0.47698203125 0.29298362302483066 0.05559307812499999 0.023524232505643363
1 0.38092771875 0.28371650112866814 0.01578975000000001 0.02993993227990971
1 0.133226015625 0.29298362302483066 0.07829084375000002 0.06843413092550792
1 0.34441392187500003 0.27231081264108353 0.010197546875000008 0.014969966139954839
1 0.45724484375 0.28870648984198644 0.02894787500000001 0.028514221218961622
1 0.33734103251830433 0.27231081264108353 0.008552746713548191 0.009979902584664278
1 0.49770607812499995 0.3001121783295711 0.024013578125000025 0.027088510158013532
1 0.31908453124999997 0.2851422121896163 0.013816031250000017 0.027088510158013567
2 0.476324125 0.2944093340857788 0.011513359374999983 0.03564277652370206
1 0.40362548437499995 0.28870648984198644 0.012500218749999981 0.01924709932279907
1 0.496390265625 0.31080501128668175 0.030263687499999983 0.04918703160270878
1 0.37763818749999994 0.26732082392776524 0.020724046874999996 0.017821388261851014
1 0.4434288125 0.36426917607223475 0.168752953125 0.12760113995485323
1 0.452310546875 0.28371650112866814 0.03782960937499998 0.031365643340857764
1 0.258886109375 0.27801365688487584 0.045395531249999975 0.03421706546275394
1 0.33290056250000005 0.27801365688487584 0.013816031250000017 0.012118544018058695
