2 0.47895574999999996 0.3314778216704289 0.007565921874999996 0.03421706546275397
1 0.31382128125 0.33718066591422124 0.032895312499999996 0.017821388261851045
1 0.9582493437752296 0.3107279456052322 0.008223828124999954 0.01354425507900675
1 0.44145509374999997 0.3421706546275396 0.012500218749999981 0.027088510158013567
2 0.85988346875 0.4077533634311512 0.030263687499999983 0.09552264108352145
1 0.4160658582338478 0.3508545141231471 0.07787214481897582 0.03564277652370203
1 0.9945568460199453 0.3018232229285413 0.00953964062499999 0.012118544018058695
1 0.1250021875 0.34074494356659135 0.07960665625 0.056315586907449186
1 0.2911234399759939 0.34359636568848756 0.05427726562500001 0.04490989841986455
1 0.4743504062500001 0.7863897093679458 0.9477139531250001 0.42722058126410833
1 0.5302723996754969 0.3443091392516413 0.036513796875000004 0.03778126114780375
1 0.5881681874999999 0.3571406207674943 0.03092159374999994 0.020672810383747155
1 0.9940875937500001 0.31223088628227075 0.011824812499999974 0.027088510158013567
2 0.9286346718749999 0.4027633747178329 0.024671484374999983 0.09979977426636567
2 0.9935941640625 0.4027633747178329 0.012811671875000031 0.11762116252821672
2 0.3166175472808391 0.32826961537335086 0.007401412418832187 0.027978902392211066
