1 0.36648369382760787 0.2946685475625249 0.011184406250000004 0.014257110609480811
1 0.14730983772279146 0.29155791196388264 0.036513796875000004 0.031365643340857764
1 0.34662260741139017 0.3052040032562815 0.046053437499999995 0.19827567368517543
1 0.16348964829874815 0.34074494356659146 0.03388217187499999 0.04253372915972968
1 0.3779671406250001 0.29155791196388264 0.017434515625000025 0.00855426636568846
1 0.12631799999999999 0.34644778781038377 0.03914542187499999 0.04490989841986455
1 0.089146296875 0.35357634311512415 0.036513796875000004 0.053464164785553075
1 0.2944130596676073 0.31306238383292945 0.019846837323323107 0.026850890327754142
1 0.23585937997316928 0.3279135467337027 0.025423378306277035 0.03645747108019892
1 0.048027156249999994 0.6659496345411704 0.09506745312499999 0.49187031349249005
1 0.16710818749999998 0.3100921557562077 0.026645203125000006 0.01853424379232504
1 0.3348084884933829 0.29982703714389386 0.01375024165133413 0.023096519871700492
1 0.35132193749999996 0.2972607562076749 0.008552781249999994 0.01853424379232504
1 0.21074552154488818 0.36984911476647025 0.08048008404488817 0.09505559665216108
1 0.5585012439727914 0.7584782844243793 0.88225228125 0.4769003498871331
1 0.15884325935467977 0.30438931151241533 0.04671134375000001 0.0311874267850444
1 0.23289881249999997 0.3364678103837472 0.027303109374999992 0.03492992099322797
1 0.2628072367987947 0.3216404134109193 0.0228819786591977 0.031080500159184236
1 0.9313726811705169 0.5310773718928922 0.1372546376589663 0.10364919767936273
1 0.31299889124164143 0.30759716362722495 0.018503613795239873 0.02405887749501335
1 0.03829008776178621 0.36041976276599186 0.056185202829169806 0.057741297968397304
1 0.21114089884857848 0.32811722110018493 0.029276828124999987 0.038392374361503064
1 0.11052825 0.32933925507900674 0.039803328125 0.03350420993227991
1 0.2986894375 0.3014730840379065 0.04183685681501543 0.1930542380532397
1 0.11618161540220852 0.2972607562076749 0.017434515624999994 0.02138566591422125
1 0.20769174642941704 0.28870648984198644 0.016118703124999988 0.01853424379232504
1 0.035197984375 0.34644778781038377 0.0513166875 0.040632765237020314
1 0.14476190667300098 0.40506794841643284 0.06057243834600195 0.0967823450372917
1 0.3532956562500001 0.2958350451467268 0.0026316250000000116 0.007128555304740406
1 0.181582125 0.32648783295711065 0.02467148437500001 0.0313656433408578
1 0.24342531250000002 0.2901322009029345 0.022039859375 0.01853424379232504
