1 0.8698346777197689 0.511206414811994 0.020312795952141728 0.0362664606253455
1 0.5434305625 0.5139688374717833 0.007894874999999975 0.00427713318284423
1 0.8671204375 0.5232359593679459 0.024013578125000025 0.0384941986455982
1 0.97673531640625 0.5325030812641084 0.04652936718750003 0.06772127539503388
1 0.8204090937499999 0.5182459706546275 0.01907928124999998 0.03350420993227991
1 0.00901334951750432 0.5260873814898419 0.01802669903500864 0.01663334022409758
1 0.63751115625 0.5182459706546275 0.012171265624999943 0.026375654627539505
1 0.7760004218750001 0.5182459706546275 0.012171265624999943 0.02423708803611739
1 0.9279767656250001 0.5139688374717833 0.03684275000000004 0.04419704288939055
4 0.95067453125 0.5032760045146727 0.006908015625000038 0.019959954853273162
1 0.6467218437499999 0.5246616704288939 0.017105562499999987 0.026375654627539505
1 0.3742952306268956 0.7397066803038892 0.4320251637367828 0.3014197901359212
1 0.80988259375 0.5175333253398063 0.013487078124999977 0.026375654627539505
1 0.7829084374999999 0.5182459706546275 0.007894874999999975 0.017108532731376986
1 0.6276425625 0.5125431264108352 0.01842137500000002 0.017108532731376986
1 0.95067453125 0.5524630361173815 0.07138282812499999 0.08411695259593674
1 0.7539605625 0.5125431264108352 0.011184406250000004 0.017108532731376986
1 0.99804378125 0.5047017155756207 0.0019737187499999937 0.01354425507900675
