1 0.90330528125 0.3485863544018058 0.01578974999999995 0.021385665914221218
1 0.957582546875 0.3086664446952596 0.03651379687499994 0.05916700902934536
1 0.8934366874999999 0.3685463092550791 0.04177704687499997 0.04134562076749438
1 0.859554515625 0.2944093340857788 0.01578974999999995 0.02993993227990971
1 0.9204108437499999 0.3300521106094808 0.035197984375000026 0.04847417607223478
1 0.8746863593749999 0.3414577990970655 0.03388217187499999 0.0313656433408578
1 0.9059369062500001 0.3100921557562077 0.01644765625000003 0.03421706546275397
1 0.247043796875 0.2067281038374718 0.04440867187499998 0.0734241196388262
1 0.938503265625 0.3100921557562077 0.014473937500000034 0.042771331828442435
1 0.325334640625 0.2338166139954853 0.07894874999999998 0.10193834085778779
1 0.20329303125 0.18249101580135443 0.05098773437500001 0.11619545146726863
1 0.28487340625 0.20957952595936793 0.06611957812500004 0.10193834085778779
1 0.225990796875 0.19389670428893907 0.052303546875000016 0.08482980812641083
1 0.8299487343749999 0.2879936343115125 0.01250021875000004 0.018534243792325072
1 0.9967192187499999 0.42486189616252823 0.00656156250000007 0.09623549661399551
1 0.9732813085937501 0.39420910835214446 0.053437382812499955 0.14613538374717835
1 0.0422704765625 0.37710057562076743 0.084540953125 0.21100523702031598
1 0.59672096875 0.33290353273137685 0.17829259375000006 0.20672810383747175
