1 0.911529109375 0.41203049661399554 0.176318875 0.1710853273137698
1 0.671393328125 0.3763877200902934 0.049342968749999966 0.04776132054176072
1 0.40428339062499996 0.3820905643340858 0.05559307812499999 0.06558270880361171
1 0.8319224531249999 0.36712059819413084 0.07138282812499999 0.06843413092550787
1 0.5710626249999999 0.3763877200902934 0.07006701562499996 0.07413697516930023
1 0.37961190625 0.36426917607223475 0.02828996874999999 0.057741297968397304
1 0.7625133437499999 0.36141775395033854 0.052303546875000016 0.05488987584650113
1 0.6210635 0.3699720203160271 0.052961453124999974 0.06843413092550787
1 0.6398138281249999 0.35500205417607217 0.021381953124999954 0.03564277652370203
2 0.8065930625 0.34074494356659135 0.006908015625000038 0.03564277652370203
