2 0.47895574999999996 0.3316971677388865 0.007565921874999996 0.03290102743603466
1 0.31579499999999994 0.34217065462753954 0.032895312499999996 0.017821388261851045
1 0.9588539052348041 0.3054875031565507 0.008223828124999954 0.01354425507900675
1 0.4434288125 0.34217065462753954 0.00953964062499999 0.017821388261851045
2 0.5648125156249999 0.41203049661399543 0.017105562499999987 0.09195836343115121
1 0.41661942464020824 0.352150632054176 0.07894874999999998 0.03564277652370203
1 0.9954411896040952 0.2999195068619932 0.00911762079180948 0.012118544018058695
1 0.00238491015625 0.3614177539503385 0.0047698203125 0.023524232505643332
1 0.28882084375 0.34359636568848756 0.04868506250000001 0.04490989841986455
1 0.39699157296188203 0.792627210467219 0.7939831459237641 0.4147455790655623
1 0.530601390625 0.3421706546275395 0.03421112500000003 0.03564277652370203
1 0.5095489742804163 0.35072492099322794 0.06315899999999998 0.03564277652370203
1 0.9940875937500001 0.30894725505015697 0.011824812499999974 0.023524232505643332
2 0.6019842187499999 0.4077533634311512 0.02828996874999999 0.10550261851015802
2 0.66777484375 0.39420910835214446 0.032237406249999975 0.12973970654627542
