1 0.5098773437499999 0.19746098194130923 0.03486903124999999 0.04348418735891646
1 0.5792864531250002 0.1860552934537246 0.004934296875000044 0.010692832957110609
1 0.28882084375 0.29155791196388264 0.34046648437500004 0.30652787810383747
1 0.387177828125 0.193183848758465 0.02828996874999999 0.028514221218961622
1 0.512837921875 0.20245097065462753 0.02828996874999999 0.03421706546275394
1 0.1250021875 0.24807372460496613 0.024013578124999994 0.2174209367945824
1 0.492113875 0.2010252595936794 0.003289531250000029 0.014969966139954839
1 0.53750940625 0.19888669300225734 0.06381690625 0.04490989841986455
1 0.634221625 0.18890671557562078 0.02828996874999999 0.03421706546275394
1 0.40220021381916665 0.205777705834763 0.056689632402083315 0.04229599025598194
1 0.039803328124999995 0.17108532731376977 0.058882609375 0.06415699774266365
1 0.41184931250000006 0.2259752031602709 0.04934296875000002 0.06843413092550787
1 0.4280779868477083 0.238093804206772 0.03486903124999999 0.05203845372460495
1 0.06250109375 0.18890671557562078 0.007565921875000004 0.028514221218961622
