1 0.6306034180578567 0.29132011126920965 0.09890525639744586 0.08696837471783299
1 0.979942609375 0.3457349322799097 0.04011478124999997 0.10265119638826185
1 0.27697853125 0.22027235891647856 0.01546079687499997 0.022811376975169304
1 0.339480010876293 0.2319631502651716 0.029079506186932016 0.030510187190977988
1 0.219411734375 0.22597520316027092 0.026645203125000006 0.042058476297968404
1 0.597049921875 0.26233083521444694 0.06217214062499998 0.05488987584650113
1 0.016776609374999998 0.2388066027088036 0.00855278125 0.036355632054176086
1 0.160858078125 0.2316780474040632 0.03454007812500001 0.05203845372460495
1 0.6092212105281004 0.2694596899364752 0.050329931751451916 0.04704878938001515
1 0.9952389296875 0.28086507900677204 0.00952214062500012 0.05203845372460495
1 0.6819198281250001 0.32434926636568856 0.10263337500000004 0.13472969525959372
1 0.38267538805986107 0.21777733871809576 0.006579062499999999 0.014257110609480811
1 0.24079368750000002 0.24165802483069979 0.031250546875000014 0.042058476297968404
1 0.266123078125 0.2259752031602709 0.02269776562500002 0.02922707674943568
1 0.539812078125 0.22312378103837469 0.019408234374999958 0.03635563205417605
2 0.95462196875 0.24807372460496613 0.011513359374999983 0.04490989841986455
1 0.292110375 0.23025233634311512 0.016776609375000008 0.03350420993227991
1 0.39013840625 0.21884664785553049 0.00921068750000001 0.017108532731376986
1 0.600997359375 0.28229079006772007 0.06611957812499997 0.06486985327313767
1 0.309544890625 0.2388066027088036 0.027961015625000012 0.04348418735891646
1 0.3519799934326528 0.22098513959263064 0.009868570721899535 0.017108532731376986
1 0.57961540625 0.24878658013544014 0.04868506250000001 0.05061274266365687
1 0.3210583515069858 0.21843928787176808 0.007894874999999975 0.014257110609480811
1 0.36692892459537974 0.2147279287729834 0.007894874999999975 0.014257110609480811
1 0.6516561406250001 0.29939932279909703 0.07664607812500002 0.08696837471783292
1 0.36184852960871716 0.22169801294784358 0.011677789883141424 0.017108532731376986
