2 0.279939109375 0.23310375846501133 0.020724046874999996 0.056315586907449214
2 0.307571171875 0.23452946952595935 0.025987296875000017 0.04776132054176072
1 0.18355584374999995 0.3428835101580135 0.11809417187499997 0.13615540632054177
2 0.1934244375 0.2245494920993228 0.014473937500000004 0.06843413092550792
1 0.045395531249999996 0.25092516009298704 0.08750151891418072 0.10692832957110608
1 0.7956586585618105 0.21331489341007193 0.0954753570631895 0.04365527715725029
1 0.8810576562293997 0.23370407455162168 0.07861979687500001 0.07199840857787812
1 0.6889100883019268 0.27801365688487584 0.11283092187499998 0.15843213349456023
1 0.9228331560393921 0.3143692889390519 0.15395006249999998 0.23673285259470456
1 0.397046421875 0.29369647855530473 0.118094171875 0.0898197968397291
1 0.7557407765319993 0.3428835101580135 0.17206184463800167 0.23738089164785556
2 0.17763468750000003 0.2152823702031603 0.008881734375000002 0.03421706546275394
1 0.8368567376639187 0.302607239518274 0.08421197532783715 0.14470967268623028
1 0.0533409995521171 0.4732264343791593 0.10663145413273648 0.3964573127991703
2 0.9197529375 0.1860552934537246 0.010197546874999948 0.03706848758465012
1 0.356914140625 0.39349625282167033 0.29539990625000007 0.2801522234762979
1 0.1401340937526563 0.24450944695259594 0.08684362499999998 0.11762123025118514
