1 0.46250809375 0.24949943566591426 0.07138282812499999 0.04918703160270881
1 0.20592465625000003 0.23809374717832954 0.03223740625000001 0.03706848758465012
1 0.9335689687499998 0.3792391422121897 0.12960753125 0.1589667832957111
1 0.7384997656250001 0.28870648984198644 0.09967279687499998 0.0862555191873589
1 0.1939178671875 0.5410573476297968 0.387835734375 0.34074494356659146
1 0.113159875 0.2316780474040632 0.07960665625 0.06700841986455983
1 0.27039946875 0.25092514672686234 0.09967279687499998 0.09053265237020319
1 0.15855540625 0.3051021670428894 0.11546254687499999 0.09053265237020312
1 0.3480332006996026 0.23631181330528286 0.05246815584576711 0.04704854699254203
1 0.9582404531250001 0.40418908577878104 0.08289618749999998 0.18320387133182842
1 0.21085895312499997 0.21670808126410834 0.027303109374999992 0.02494994356659142
1 0.69672271875 0.22169806997742664 0.03486903125000005 0.02494994356659142
2 0.4250074375 0.352150632054176 0.02828996874999999 0.17108532731376974
1 0.31645290625 0.40418908577878104 0.20855628124999998 0.23524232505643344
1 0.418099421875 0.34359636568848756 0.12960753125 0.1725110383747178
1 0.9210687499999999 0.22169806997742664 0.02894787499999995 0.03421706546275394
