1 0.2276355625 0.22882662528216705 0.022697765624999987 0.019959954853273128
1 0.41217826562499993 0.3443092212189616 0.08947524999999998 0.140432539503386
1 0.301650015625 0.2316780474040632 0.016776609375000008 0.017108532731376986
1 0.27270214062500003 0.22169806997742664 0.022697765624999987 0.04918703160270881
2 0.53619359375 0.2901322009029345 0.01907928124999998 0.08768123024830698
1 0.378954 0.2231237810383747 0.004605343750000005 0.009979977426636581
2 0.5092194375000001 0.24807372460496613 0.008223828125000015 0.03706848758465012
1 0.19145071875 0.2373808916478555 0.046053437499999995 0.019959954853273128
1 0.2421095 0.2259752031602709 0.022697765624999987 0.02423708803611739
1 0.441126140625 0.32720068848758466 0.05394831249999997 0.10265119638826181
2 0.51119315625 0.2559151354401806 0.007565921874999996 0.028514221218961622
