1 0.70001225 0.2452221884478518 0.07072492187500004 0.05275125223746991
1 0.40099385937499993 0.2274009142212189 0.02203985937499997 0.03421706546275394
1 0.18191107812500001 0.29583504514672687 0.1092124375 0.12047258465011283
1 0.6207408554767568 0.21157536520457437 0.037172604353822435 0.02794409303470329
1 0.794424960275783 0.21243094808126411 0.032676064491893676 0.02898969260595021
1 0.15033157812499998 0.3001121783295711 0.11612045312500001 0.13401683972911965
1 0.35198002299226033 0.22740091422121894 0.08338948275580473 0.06700841986455983
1 0.5445613225479673 0.23951945823927764 0.10279782545174783 0.08527535697873709
1 0.5697468125 0.298686467268623 0.11809417187499995 0.09053265237020312
1 0.9121870156249999 0.21670808126410834 0.032237406249999975 0.02494994356659142
1 0.9815051367187501 0.2202723589164785 0.03698972656250004 0.027088510158013532
1 0.11809417187499997 0.19460955981941305 0.0171055625 0.010692832957110609
1 0.9715936399848677 0.34743958300930716 0.05681272003026443 0.15425573425084219
1 0.05712813863310627 0.21385665914221216 0.08289618749999998 0.05869188919236563
1 0.5871819595950207 0.20815392893363802 0.02812603156814267 0.02887107661626682
1 0.089804203125 0.32042815733500746 0.1793891455556925 0.1736995793844788
1 0.706920265625 0.21385665914221216 0.04177704687499997 0.03421706546275394
