1 0.6252255720749934 0.30046876662297 0.017788807025949892 0.02494994356659142
1 0.294412744238125 0.34454640251106106 0.06272029495437499 0.04277165974198648
1 0.9884459009722377 0.34217065462753954 0.023108198055524554 0.09652092426096079
1 0.623366171875 0.30652787810383747 0.013158124999999998 0.02494994356659145
1 0.47138968557555727 0.33005211060948086 0.020175744150185734 0.021623243236278414
1 0.975016532885469 0.34359636568848756 0.02631602302234377 0.06130557562076747
1 0.8140483472115394 0.33432924379232515 0.03289437827935314 0.04538468555213395
1 0.33421637499999995 0.33005211060948086 0.04671134375000001 0.037068487584650145
1 0.94762399069228 0.34359636568848756 0.05986946875000001 0.06843413092550787
1 0.9013311085446872 0.31032933704830706 0.021600851692499982 0.01829640667313772
1 0.8211754573152845 0.30652787810383747 0.015570032707490238 0.015445428104294195
1 0.784553203125 0.3257749774266365 0.039803328124999975 0.04776132054176072
1 0.8585676562500001 0.34074494356659146 0.02532939062499994 0.04776132054176072
1 0.44967892187499997 0.34359636568848756 0.08651467187499999 0.056315586907449186
1 0.6111950556895593 0.3095828807081735 0.008850419738291393 0.014834245818328266
1 0.8938750381499091 0.34359636568848756 0.04758853717058287 0.05488987584650113
