1 0.652971953125 0.33718066591422124 0.024013578125000025 0.03778134311512414
1 0.972714390625 0.3792391422121897 0.05131668749999996 0.07199840857787812
1 0.6618536875000002 0.3214978442437923 0.03125054687500004 0.02423708803611739
1 0.7891585468749999 0.33718066591422124 0.03256635937499996 0.02922707674943568
1 0.7671186875 0.3749620090293453 0.051974593750000034 0.06201843115124153
2 0.39112526562500005 0.6529756659142212 0.074014453125 0.23951945823927767
1 0.5115221093750001 0.3072407336343115 0.017434515625000025 0.01853424379232504
1 0.5417857968750002 0.31864642212189614 0.012829171875000019 0.02423708803611739
1 0.5717205312500001 0.31294357787810384 0.012829171875000019 0.009979977426636581
1 0.605602703125 0.3115178668171557 0.003289531250000029 0.00427713318284423
1 0.556259734375 0.32007213318284417 0.005263250000000023 0.011405688487584636
1 0.5697468125 0.3357549548532731 0.031908453125 0.04205847629796837
