1 0.57303634375 0.27658794582392776 0.008881734375000032 0.023524232505643332
1 0.820080140625 0.24949943566591423 0.02203985937500003 0.04776132054176072
1 0.770737171875 0.24949943566591418 0.003289531250000029 0.017821388261851014
1 0.5615229843749999 0.29583504514672687 0.03782960937499998 0.022098521444695277
1 0.8529754531249999 0.40418908577878104 0.11875207812499997 0.19033242663656882
1 0.9746881093750001 0.27373652370203155 0.024013578125000025 0.04348418735891646
1 0.6102080468749999 0.27801365688487584 0.017105562499999987 0.04134562076749438
2 0.066119578125 0.27231081264108353 0.022697765624999994 0.07556268623024828
1 0.697380625 0.2601922686230248 0.034211124999999974 0.0313656433408578
1 0.799027140625 0.25092514672686234 0.01842137500000002 0.023524232505643332
1 0.50592990625 0.2972607562076749 0.09046210937500003 0.041345620767494345
1 0.8125142187500001 0.2601922686230248 0.024013578125000025 0.03991990970654629
1 0.43224440625 0.30652787810383747 0.06381690625 0.027088510158013567
1 0.6273136093749999 0.27231081264108353 0.013158124999999998 0.03991990970654629
