2 0.666787984375 0.17251103837471785 0.011184406250000004 0.022811376975169304
1 0.7382548864415649 0.20851094761764244 0.0736857788344782 0.06077229352702697
1 0.05142721580263566 0.20672719132764217 0.017214090647626357 0.01520629192785427
2 0.13223915625 0.6906888544018059 0.156910640625 0.6186222911963883
1 0.5836760622601459 0.30937872041144365 0.047150572223650516 0.11904745340345482
1 0.7823240195312501 0.3257749774266365 0.4353519609375 0.2587665575620768
2 0.6852093593749998 0.1739367494356659 0.005921156249999981 0.014257110609480811
1 0.555272875 0.24094516930022572 0.058224703125000055 0.10550261851015802
1 0.9708963984375 0.29155791196388264 0.05820720312500001 0.07413697516930026
1 0.2731971325341023 0.22704483666990075 0.07845515870336874 0.12047258465011286
1 0.7013280625 0.31080501128668175 0.252636 0.16823390519187356
1 0.833238265625 0.25092514672686234 0.04671134375000001 0.11476974040632058
1 0.977310984375 0.316507855530474 0.045378031249999985 0.056315586907449214
1 0.9243582812500001 0.26732082392776524 0.03782960937499998 0.04633560948081267
1 0.059361156822076426 0.29469435881491257 0.11872231364415285 0.17108532731376974
1 0.8049482968750001 0.2851422121896163 0.03552693750000001 0.04490989841986458
