1 0.67895925 0.3257749774266365 0.10296232812500002 0.04134562076749438
1 0.9664642812500001 0.36426917607223475 0.024013578125000025 0.06415699774266365
1 0.8414620937499999 0.31650785553047406 0.04605343750000005 0.04776132054176072
1 0.6697485625 0.3571406207674943 0.12434428124999997 0.08340409706546274
1 0.6809329687500001 0.3015378893905193 0.03157950000000002 0.01069283295711064
1 0.8697520625 0.32720068848758466 0.03157950000000002 0.05203845372460495
1 0.98619271875 0.352150632054176 0.027614562500000044 0.10692832957110608
1 0.18684537499999998 0.4462475620767495 0.12960753125 0.06985984198645599
1 0.673367046875 0.34644778781038377 0.12829171874999995 0.06700841986455983
1 0.3391506718749999 0.4490989841986456 0.11184406249999998 0.06415699774266365
1 0.687183078125 0.3001121783295711 0.045395531249999975 0.02993993227990971
1 0.881265421875 0.32292355530474043 0.01250021875000004 0.05916700902934536
1 0.057566796875 0.43840615124153504 0.09539640625 0.053464164785553075
1 0.735868140625 0.29583504514672687 0.034211124999999974 0.03564277652370206
1 0.8697520625 0.31793356659142213 0.05822470312499999 0.07128555304740405
1 0.9513324375 0.35072492099322794 0.06315900000000003 0.07413697516930023
1 0.8230407187500001 0.30153788939051923 0.05559307812500004 0.04776132054176069
1 0.9237003749999999 0.3243492663656885 0.08717257812500007 0.07556268623024828
