1 0.7566579760197253 0.2638991128192692 0.01842137500000002 0.010692832957110609
1 0.9444244218750001 0.26161797968397293 0.024709079490472043 0.023442762277983944
1 0.18889649620632606 0.28371650112866814 0.09539640625000002 0.05346416478555304
1 0.9848769062499999 0.3314778216704289 0.030246187499999997 0.07912696388261851
1 0.36645378125 0.2616179796839729 0.020724046874999996 0.017821388261851014
1 0.864159859375 0.2601922686230248 0.013816031249999956 0.017821388261851014
1 0.8414620937499999 0.3093793002257336 0.04243495312500004 0.05488987584650113
1 0.9286346718749999 0.32720068848758466 0.07763293749999996 0.09552264108352145
1 0.2223723125 0.28389159109359785 0.04041506481877149 0.04495992412413019
1 0.751657890625 0.28728077878103836 0.05559307812500004 0.05203845372460495
1 0.14423327072886902 0.29155791196388264 0.08190927928754949 0.03268170060217141
1 0.8345540781249999 0.2601922686230248 0.017763468749999945 0.012118544018058695
1 0.8072509687499999 0.31080501128668175 0.05065878125 0.06130557562076747
1 0.7802768125 0.2587665575620767 0.030263687499999983 0.010692832957110609
1 0.22730660937499997 0.28359252393601503 0.08220967609565344 0.05358814197820623
