1 0.6033000312500001 0.26161797968397293 0.024013578125000025 0.0313656433408578
2 0.739815578125 0.4505246952595936 0.04605343750000005 0.12973970654627534
1 0.8881734374999998 0.24094516930022572 0.032237406249999975 0.005702844243792318
1 0.328624171875 0.21100523702031598 0.05690889062500002 0.041345620767494345
1 0.15592378124999998 0.2616179796839729 0.042434953125000015 0.04633560948081263
1 0.42270476562500003 0.2601922686230248 0.025987296875000017 0.04918703160270881
1 0.9651484687499999 0.24664801354401805 0.006250109374999961 0.023524232505643332
1 0.14408146875 0.2601922686230248 0.04407971875 0.05346416478555304
1 0.9095553906249999 0.27231081264108353 0.084540953125 0.05916700902934536
1 0.39934909375 0.27231081264108353 0.04407971875 0.05916700902934536
1 0.103620234375 0.24664801354401805 0.06513271874999998 0.023524232505643332
1 0.0513166875 0.27658794582392776 0.041777046874999994 0.052038453724604986
1 0.6802750625 0.26161797968397293 0.045395531249999975 0.04776132054176072
1 0.53882521875 0.24664801354401805 0.03782960937499998 0.06700841986455983
1 0.46810029687500004 0.27658794582392776 0.04934296875000002 0.03991990970654629
