1 0.8592255625 0.30581502257336346 0.01578974999999995 0.01853424379232504
1 0.743105109375 0.2944093340857788 0.008223828124999954 0.0156828216704289
1 0.6687617031249999 0.28870648984198644 0.004934296875000044 0.010692832957110609
1 0.7827951900479583 0.316507855530474 0.044958725288520775 0.022811376975169273
1 0.73093384375 0.32292355530474043 0.04147340850362724 0.04337447104522721
1 0.6769325634970549 0.3300521106094808 0.025987296875000017 0.03421706546275397
1 0.6219820864526218 0.2944093340857788 0.012115404189512565 0.017821388261851045
1 0.44803415625 0.32292355530474043 0.05065878125 0.03492992099322797
1 0.6366065361156982 0.2944093340857788 0.02171090625000005 0.017821388261851045
1 0.5750100625 0.32221069977426636 0.09046210937499997 0.04918703160270878
1 0.697380625 0.28656792325056435 0.006250109374999961 0.010692832957110609
1 0.675340765625 0.28656792325056435 0.007236968750000017 0.0156828216704289
1 0.7486973124999998 0.3300521106094808 0.04407971874999994 0.03421706546275397
1 0.20987209375 0.2897433685974236 0.021381953125000012 0.02170968913918428
1 0.053105352833942236 0.9093238751444035 0.10621070566788447 0.18135224971119288
2 0.8462320538661801 0.3407449435665914 0.016776592927508223 0.07556268623024828
1 0.113159875 0.2944093340857788 0.016118703125000005 0.017821388261851045
1 0.17204248437499997 0.29325223972163506 0.02598729687499999 0.022811376975169273
1 0.19650285340179346 0.2901322009029345 0.020724046874999996 0.019236454719112787
1 0.7135069795070967 0.3154468626713464 0.019010432887419406 0.020672810383747155
