1 0.693762140625 0.2851422121896163 0.10000174999999996 0.08696837471783299
1 0.3577777205139286 0.2159952257336343 0.006825760024682559 0.01194029260427822
1 0.6830166038945341 0.2240742028034573 0.01940816200603616 0.03255378816719733
1 0.3940854624616977 0.21124281315775068 0.008114196636579625 0.0161579739452983
1 0.6477087031249998 0.2580537020316027 0.06611957812499997 0.04633560948081263
1 0.3847559825345281 0.20899638781869753 0.008612640420503108 0.01555310428062531
1 0.33355846874999995 0.2259752031602709 0.01546079687499997 0.02922707674943568
1 0.3855330625 0.21314380361173813 0.00921068750000001 0.017108532731376986
1 0.664637217603076 0.26090512415349887 0.07533026562499998 0.042058476297968404
1 0.6217214062499999 0.210292381489842 0.003947437499999987 0.008554266365688493
1 0.8077907154339098 0.3153877568307705 0.15627576829030662 0.13758111738148984
1 0.412836171875 0.2159952257336343 0.007894874999999975 0.014257110609480811
1 0.4197441874999999 0.2159952257336343 0.006579062499999999 0.014257110609480811
1 0.347045546875 0.2188466478555305 0.013487078124999977 0.018534243792325072
1 0.6651428679134449 0.2666079683972912 0.06546154031129182 0.04490989841986455
1 0.597049921875 0.22312378103837469 0.03454007812499995 0.03207849887133182
1 0.13618659375 0.2316780474040632 0.027303109374999992 0.03350420993227991
1 0.6188268126964956 0.23994709514113036 0.06467197279700466 0.049757277818872174
1 0.4092832186555969 0.210292381489842 0.006842255525812095 0.013116574836094394
1 0.7306048906249999 0.2951221896162528 0.08947525000000003 0.0926712189616253
1 0.42552434796465494 0.210292381489842 0.006532070639576837 0.008554266365688493
