1 0.8450805781249999 0.2487865801354402 0.013816031249999956 0.019009388141885488
1 0.7039596874999999 0.24094516930022572 0.011842312499999962 0.017108532731376986
1 0.60198421875 0.24237088036117382 0.022697765624999987 0.02701226583601078
1 0.7852111093749999 0.24094516930022572 0.01546079687499997 0.01853424379232504
1 0.96842925 0.2773008013544018 0.06314150000000004 0.07342411963882617
1 0.6788571670601211 0.24094516930022572 0.030048169467560608 0.027088510158013532
2 0.7440919687500002 0.2437965914221219 0.008881734375000032 0.02494994356659142
1 0.9925605151049226 0.23239090293453724 0.014878969790154883 0.012585579227263976
1 0.6954069062499999 0.24094516930022572 0.016663174282439405 0.019959954853273128
1 0.8710678749999999 0.26589511286681716 0.03718831757401127 0.043484187358916494
1 0.7490262656250001 0.2487865801354402 0.0236376929236517 0.022811376975169304
1 0.9240293281249999 0.25734084650112865 0.024013578125000025 0.02423708803611739
1 0.7690757918009887 0.2366680361173815 0.02136533867598871 0.012759391101350652
1 0.6492359824952859 0.2364134383645019 0.022580279370285793 0.03350420993227991
1 0.634221625 0.24094516930022572 0.022697765624999987 0.022811376975169304
1 0.7292890781249999 0.23524232505643342 0.012533447648022526 0.009979977426636581
1 0.6921173749999999 0.23096519187358916 0.020724046874999996 0.0156828216704289
1 0.8717257812500001 0.2559151354401806 0.0618431875 0.04490989841986455
1 0.727315359375 0.25021229119638827 0.025658327302014783 0.01853424379232504
1 0.7151440937499999 0.2437965914221219 0.021381953124999954 0.02240402601147465
1 0.7697503124999999 0.2587665575620767 0.04111914062500001 0.03631962783058504
1 0.94681366382907 0.2744493792325056 0.07927770312499997 0.0678338360396032
2 0.8838970468749999 0.24522230248306995 0.011513359374999983 0.022098521444695277
1 0.9283057187499999 0.24094516930022572 0.020724046874999996 0.017108532731376986
1 0.8131721249999999 0.2644694018058691 0.022697765624999987 0.042058476297968404
1 0.75987296875 0.7806868651241535 0.4802540625 0.43862626975169305
