1 0.941792796875 0.22169806997742664 0.09046210937499997 0.06700841986455983
1 0.544417421875 0.19888669300225734 0.025987296875000017 0.04490989841986455
1 0.36776959375 0.2053023927765237 0.015131843749999992 0.017821388261851014
1 0.5806022656249998 0.175362460496614 0.00953964062499999 0.016395677200902927
1 0.38092771875 0.24949943566591423 0.152963203125 0.10692832957110608
1 0.089146296875 0.24094516930022572 0.07138282812499999 0.07912696388261851
1 0.53882521875 0.19460955981941305 0.017105562500000046 0.022098521444695245
1 0.7144861874999999 0.17536246049661397 0.02828996874999999 0.022098521444695245
1 0.67895925 0.17251103837471782 0.013158124999999998 0.016395677200902927
1 0.31513709375 0.21100523702031598 0.07006701562500002 0.08910694130925506
1 0.480600515625 0.1824910158013544 0.01578975000000001 0.028514221218961622
1 0.6335637187500001 0.1682339051918736 0.021381953124999954 0.016395677200902927
1 0.7967244687499999 0.1860552934537246 0.013158124999999998 0.032791354401805854
