1 0.8454709850810916 0.2487865801354402 0.013816031249999956 0.018534243792325072
1 0.7043807464368228 0.24094516930022572 0.013105489310468598 0.018020985506433274
1 0.60198421875 0.24237088036117382 0.022697765624999987 0.026158361115516077
1 0.7852111093749999 0.24094516930022572 0.015860240047665404 0.01853424379232504
1 0.96842925 0.2773008013544018 0.06314150000000004 0.07342411963882617
1 0.6796969613105588 0.24094516930022572 0.030468066592779407 0.027088510158013532
2 0.739815578125 0.2437965914221219 0.004934296875000044 0.022098521444695277
1 0.9928177705940361 0.23239090293453724 0.013816031249999956 0.009979977426636581
1 0.6954069062500001 0.24094516930022572 0.01661699925388227 0.02049986939472568
1 0.8710678749999999 0.26589511286681716 0.03737439249823495 0.043484187358916494
1 0.7496841718749998 0.2487865801354402 0.020724046874999996 0.022811376975169304
1 0.9240293281249999 0.25706128982036175 0.023884574365021057 0.02423708803611739
1 0.7688897168767649 0.2366680361173815 0.021179263751765022 0.011952926418485001
1 0.6486955625 0.2352423250564334 0.022423658763743148 0.032613207945350005
1 0.6347972825859982 0.24094516930022572 0.021135290195008594 0.02423708803611739
1 0.7292890781249999 0.23524232505643342 0.012905597496469905 0.009979977426636581
1 0.69409109375 0.22953948081264108 0.020724046874999996 0.0156828216704289
1 0.8717257812499999 0.2559151354401806 0.06198897423664687 0.04554175064190089
1 0.7271900310093097 0.25163800225733635 0.025047401802196962 0.018534243792325072
1 0.619418734375 0.2437965914221219 0.022697765624999987 0.022811376975169304
1 0.7146107615322206 0.2437965914221219 0.0212573790927794 0.02049986939472568
1 0.7697503124999999 0.2587665575620768 0.04111914062500001 0.03591639548915221
1 0.9477832127374943 0.2744493792325056 0.07927770312499997 0.06909446848035368
1 0.92830571875 0.24593515801354401 0.021663882334522575 0.018126864606254723
1 0.8131721249999999 0.2644694018058691 0.022697765624999987 0.042058476297968404
1 0.7596591493503344 0.7815422909052752 0.48068170129933124 0.4369154181894496
