1 0.49375864062499997 0.3286263995485328 0.00921068750000001 0.012831399548532756
1 0.6470507968750001 0.4270004627539503 0.053948312500000026 0.1211854401805869
1 0.457573796875 0.34858635440180585 0.018750328125 0.03492992099322797
1 0.27961015625 0.4540889729119639 0.10592290624999998 0.17322389390519186
1 0.352966703125 0.3243492663656885 0.058553656249999975 0.04490989841986455
1 0.393756890625 0.3721105869074492 0.05657993749999998 0.1211854401805869
1 0.496390265625 0.33718066591422124 0.013487078124999977 0.019959954853273162
1 0.6878409843750001 0.4647818058690744 0.10954139062499996 0.176075316027088
1 0.5536281093750001 0.3471606433408577 0.024013578125000025 0.040632765237020314
1 0.43290231250000005 0.3607048984198645 0.025329390625 0.05203845372460495
1 0.787842734375 0.3877934085778781 0.10460709375000003 0.0898197968397291
1 0.6164581562499999 0.3457349322799097 0.03454007812499995 0.03350420993227991
1 0.587839234375 0.38494198645598204 0.033224265625000034 0.053464164785553075
1 0.43882346875 0.3300521106094808 0.003289531250000029 0.00570284424379235
1 0.43619184375 0.33005211060948075 0.005921156249999981 0.007128555304740406
1 0.476324125 0.3386063769751692 0.012829171875000019 0.021385665914221218
1 0.27961015625 0.3578534762979684 0.08486990625000003 0.06486985327313771
1 0.4608633281249999 0.3243492663656884 0.008552781249999994 0.007128555304740406
1 0.445073578125 0.3578534762979684 0.011184406250000004 0.04776132054176072
1 0.66251159375 0.35001206546275393 0.05329040624999995 0.04205847629796837
1 0.543759515625 0.3386063769751694 0.016118703125000047 0.02922707674943568
