1 0.26776784374999996 0.7560933493227991 0.5355356874999999 0.4878133013544018
1 0.014144984375 0.5032760045146727 0.02697415625 0.05560273137697519
1 0.87837833203125 0.7311434057562077 0.24324333593749994 0.5377131884875848
1 0.6128396718750001 0.6786384650112867 0.36875645312500005 0.40775336343115115
1 0.05000087499999999 0.29939932279909703 0.040461234374999995 0.08554266365688487
1 0.9628457968749999 0.2944093340857788 0.048356109375000025 0.1005126297968397
1 0.02031285546875 0.29155791196388264 0.0406257109375 0.09195836343115121
1 0.034211125 0.26304369074492095 0.017434515624999994 0.02494994356659142
1 0.062172140625 0.6151943227990971 0.1157915 0.20530239277652376
2 0.566128328125 0.4433961399548533 0.031908453125 0.11904687358916477
