1 0.502225619532878 0.4369804401805869 0.08618571875 0.04918703160270878
1 0.739078733809483 0.4113176410835214 0.08939631193448297 0.08269124153498869
1 0.5291282296842438 0.48883295654980347 0.15493692187499994 0.10692832957110608
1 0.21725006469951874 0.4576531660379425 0.07204073437499998 0.08452425031255534
2 0.70067015625 0.3820905643340858 0.014802890625000013 0.057741297968397304
1 0.7278910381719167 0.5410573476297968 0.165463421875 0.1732238939051919
1 0.3743486562500001 0.48046462753950336 0.126646953125 0.09267121896162527
1 0.14266698435881248 0.4963612754301128 0.07993560937500002 0.09979977426636567
1 0.26565312280048126 0.4498118397291196 0.0553581004627406 0.06486985327313771
2 0.6661300781249999 0.39207054176072237 0.013158124999999998 0.04918703160270878
1 0.8800255112501396 0.44569918916508827 0.10895938625013966 0.08554266365688487
1 0.02328519184700305 0.6087786230248308 0.046053437499999995 0.050612742663656896
1 0.7476467935959922 0.43127759593679454 0.04401605922099219 0.07057269751692999
1 0.10888348437499999 0.535140677165824 0.024013578124999994 0.053464164785553075
1 0.3535306339122594 0.5127467752691445 0.14671309375000002 0.11263117381489843
1 0.4958181617171219 0.4020505191873589 0.06028422421712196 0.04490989841986455
1 0.1884431918990375 0.47700208978989617 0.06640142650240624 0.0742388841248465
1 0.12917471111224016 0.5949716809582367 0.14934471875 0.09552264108352151
1 0.5109500054671219 0.45694039503386 0.11448994374348764 0.07342411963882617
1 0.17401620312500002 0.4873793566240632 0.060297093766187526 0.08269124153498869
1 0.160858078125 0.42129761851015796 0.055264125000000004 0.01853424379232504
1 0.2907750234596064 0.4604623307476797 0.0168156874557873 0.03350420993227991
1 0.486850625 0.37781343115124155 0.10394918749999996 0.08554266365688487
1 0.26866072766225935 0.5688587133182844 0.13957010046274063 0.13187827313769745
1 0.41917598430665365 0.5814957224957391 0.11791476576169249 0.11263117381489843
2 0.18881909374999997 0.4106047855530474 0.008552781249999994 0.01853424379232504
1 0.017434515624999994 0.4341290180586907 0.033224265625 0.03778134311512414
1 0.405599203125 0.4284261738148984 0.09144896874999997 0.0634441422121896
1 0.8227117656249999 0.4355547291196388 0.124594296309483 0.12529151118985024
1 0.18622578809362209 0.43127759593679454 0.038854788093622056 0.026417174458100642
1 0.5283845210921219 0.4211116811547697 0.12927857812499996 0.08126553047404063
1 0.93356021875 0.4512375507900677 0.13287956250000002 0.07484983069977423
1 0.3936671875683463 0.43127759593679454 0.0881594375 0.04918703160270878
1 0.5711484273421219 0.5463883171628123 0.13684450000000006 0.17464960496613996
2 0.732578609375 0.3599920428893905 0.011184406250000004 0.03207849887133186
1 0.414151984375 0.4111232507124434 0.07927770312500003 0.036355632054176086
1 0.059003828474480303 0.5123180421393917 0.11743626562500001 0.1369058645671595
1 0.38750678125000004 0.4512375507900677 0.11546254687499999 0.07983981941309258
