1 0.44704723766491766 0.23310375846501127 0.012500218749999981 0.019959954853273128
1 0.45768337786128954 0.23833141426864973 0.012719532042193648 0.018534243792325072
1 0.6792882031249999 0.2740702006426754 0.10336827025245061 0.052038453724604986
1 0.32401897944444624 0.23310375846501127 0.012500218749999981 0.022336103519772138
1 0.4250074375 0.2388066027088036 0.00921068750000001 0.012831399548532723
1 0.30000525 0.27088510158013546 0.029934734375000004 0.03778134311512414
1 0.17056242270077918 0.2544893869544107 0.0259872853616694 0.036355607104294876
1 0.04539553124999999 0.27373652370203155 0.048685062499999994 0.05488987584650113
1 0.63751115625 0.27373652370203155 0.048579268584476525 0.040632765237020314
1 0.31520300227321474 0.24251343321794808 0.020066140624999975 0.026518207484313754
1 0.08487015789284955 0.26090505999810504 0.02598762253045237 0.049899983366273624
2 0.421388953125 0.3194611109076495 0.017700813010987856 0.06850201976236084
1 0.24408321875 0.2794393679458239 0.041777046874999994 0.05488987584650113
2 0.833238265625 0.29155791196388264 0.017763468749999945 0.09195836343115121
1 0.3696493490538094 0.2316780474040632 0.012359227762308578 0.01873791243661654
1 0.35790099999999997 0.25235085778781036 0.013158124999999998 0.028514221218961622
1 0.2163711380395185 0.2331037584650113 0.033224265625000006 0.025123346460637075
1 0.610208046875 0.2879936343115124 0.011184406250000004 0.015682821670428865
1 0.6096390468990288 0.27620261840601545 0.024013578125000025 0.04271353252309191
1 0.2616822138158327 0.6636003317688517 0.5233644276316654 0.6727993364622966
1 0.374677609375 0.25520227990970656 0.024013578125000025 0.03350420993227991
1 0.39115741983198665 0.2167949913552047 0.008328114836838789 0.01724761641762886
1 0.817119561716778 0.280389840854939 0.030592640624999962 0.03350420993227988
1 0.40555197368007806 0.23738099857618503 0.01137233717031248 0.017923255317155756
1 0.2495658965656896 0.25044988436074084 0.031031215551583814 0.04300888697408684
1 0.53356196875 0.2721159951296371 0.03190845312499994 0.02488352905127982
2 0.8579097499999998 0.2901322009029345 0.020724046874999996 0.09053265237020319
1 0.460534375 0.22169806997742664 0.007894874999999975 0.017108532731376986
1 0.3195527848941608 0.22685254116213305 0.012816510250266866 0.016834346201834025
1 0.400335930098051 0.2486083751636049 0.02039509046043584 0.03350420993227991
1 0.34156310407793344 0.23286612173731272 0.018750328125 0.028276584491263038
