1 0.5218820297104164 0.25359814780648465 0.019819317439627504 0.02120718962937271
2 0.5199104140624999 0.4490989841986456 0.04440867187500004 0.1300961343115124
1 0.8207380468749998 0.2601922686230248 0.039803328124999975 0.03706848758465012
1 0.2250039375 0.27231081264108353 0.05822470312499999 0.05916700902934536
1 0.262175640625 0.23809374717832954 0.06118528124999999 0.10977975169300226
1 0.36250634374999996 0.2437965914221219 0.03157950000000002 0.028514221218961622
1 0.292439328125 0.28371650112866814 0.04671134375000001 0.031365643340857764
1 0.9135028281249998 0.25092514672686234 0.03651379687499994 0.0313656433408578
1 0.08092246875000002 0.2587665575620767 0.025987296875000003 0.05346416478555304
1 0.8016587656249998 0.27658794582392776 0.09210687499999999 0.05916700902934536
1 0.30822907812499994 0.2616179796839729 0.05361935937499999 0.041345620767494345
1 0.049342968749999994 0.2601922686230248 0.06644853125 0.056315586907449214
1 0.015789749999999998 0.27231081264108353 0.014473937499999999 0.03991990970654629
1 0.6059316562499999 0.2601922686230248 0.039803328124999975 0.041345620767494345
1 0.485863765625 0.24664801354401802 0.036513796875000004 0.03421706546275394
1 0.37270389062500003 0.27658794582392776 0.05296145312500003 0.050612742663656896
