1 0.41487577835754513 0.20957952595936793 0.024540032601726835 0.04348418735891646
1 0.21672542557742944 0.20957952595936793 0.04243495312499999 0.022098521444695277
1 0.020724046875 0.3571406207674943 0.039803328124999995 0.1276011399548533
1 0.31493982963939715 0.20957952595936793 0.02828996874999999 0.02494994356659142
1 0.43224440625000005 0.2138566591422122 0.05131668750000002 0.04490989841986455
1 0.03659603515625 0.27801365688487584 0.0731920703125 0.2245494920993228
1 0.3129989369247847 0.20957952595936793 0.020724046874999996 0.022098521444695277
1 0.3017697405611225 0.21670808126410834 0.020724046874999996 0.02993993227990971
1 0.21793154646204568 0.2053023927765237 0.03947430756696952 0.016395677200902927
1 0.255267625 0.19888669300225728 0.03157950000000002 0.017821388261851014
1 0.435862890625 0.2138566591422122 0.06381690625 0.04490989841986455
1 0.25435011133954866 0.20361398977311154 0.017296053249349352 0.015045020980658895
1 0.21612220312500002 0.1824910158013544 0.01250021875000001 0.00427713318284423
1 0.28304592283983626 0.21860897416550318 0.049342968749999994 0.04490989841986455
1 0.29974218460754515 0.20957952595936793 0.03157950000000002 0.02993993227990971
1 0.26922989158983623 0.2366680361173815 0.04605343750000002 0.05203845372460495
1 0.06644853125 0.2616179796839729 0.0986859375 0.09195836343115121
1 0.15987121874999996 0.20387668171557566 0.03157949999999999 0.03279135440180588
1 0.24394243943298555 0.20957952595936793 0.03355321874999998 0.017821388261851014
1 0.02828996875 0.18890671557562078 0.012500218749999995 0.014969966139954839
1 0.12993655871736545 0.1874810045146727 0.008223828125000015 0.010882970726062207
1 0.258228203125 0.17678817155756207 0.020724046874999996 0.022098521444695277
1 0.137831359375 0.20957952595936793 0.0315795 0.028514221218961622
1 0.1276338125 0.26019256088356324 0.036513796875000004 0.056315586907449214
1 0.21266830633251435 0.24522230248306995 0.09440962088834291 0.07556268623024828
2 0.13218439400637524 0.20084700457373345 0.005592203124999987 0.01746487822195903
1 0.26334204867760547 0.24807372460496613 0.02828996874999999 0.05916700902934536
1 0.056250984375 0.18890671557562078 0.0171055625 0.0192470993227991
1 0.07894874999999998 0.19746098194130923 0.015789749999999995 0.0192470993227991
1 0.23947787499999998 0.1874810045146727 0.013816031249999987 0.016395677200902927
1 0.1979567408227491 0.18885389902400537 0.04243495312499999 0.019194282771183666
1 0.12631816184590855 0.23723846083257089 0.08980420312499998 0.07912696388261851
