1 0.043092859374999994 0.22312378103837474 0.022039859375 0.013544255079006784
1 0.11021147580715392 0.23468788412491698 0.03182316307473972 0.04490989841986455
1 0.833896171875 0.23452946952595932 0.01842137500000002 0.017821388261851014
1 0.786855845397771 0.2316780474040632 0.01578978946963865 0.017821388261851014
1 0.025987296875 0.23061054587007124 0.023355671874999998 0.0192470993227991
1 0.1314969561967668 0.23346196799196742 0.029605781249999998 0.027088510158013532
1 0.24474276941758655 0.23506678381639348 0.02894787500000001 0.0192470993227991
1 0.898370984375 0.2437965914221219 0.008223828124999954 0.02067281038374719
1 0.2669446387287067 0.2316780474040632 0.008058529353706708 0.00926712189616252
1 0.0969315239604319 0.2366680361173815 0.03934035983982837 0.04490989841986455
1 0.851659640625 0.24094516930022572 0.011513359374999983 0.0192470993227991
1 0.21743801562499998 0.23131983787710708 0.043092859375 0.03564277652370203
1 0.2922740293537067 0.2544894243792325 0.06142665173659371 0.10550261851015799
1 0.8229858926352229 0.28086507900677204 0.13668002521933087 0.08055267494356658
1 0.015789749999999998 0.24094516930022572 0.031579499999999996 0.039203490652634086
1 0.4528031543537067 0.28086507900677204 0.07845614252129328 0.13580788736390006
2 0.22566184375 0.22169806997742664 0.0019737187499999937 0.005702844243792318
1 0.9972658584266155 0.3107212112968199 0.005468283146768963 0.08763957472470124
1 0.9506745312500001 0.24094516930022572 0.008881734375000032 0.014969966139954839
1 0.941792796875 0.24895630757803794 0.02985641223221786 0.02494994356659142
1 0.18470800189629333 0.23131983787710708 0.07894875000000003 0.04490989841986455
1 0.06858590435370673 0.2366680361173815 0.06875120312500001 0.04918703160270881
1 0.23618834374999997 0.23310375846501127 0.027881655074526477 0.022098521444695245
1 0.893765640625 0.24094516930022572 0.006908015625000038 0.023524232505643332
2 0.25724134374999996 0.23310375846501133 0.0026316250000000116 0.02067281038374719
1 0.2567487362712933 0.2316780474040632 0.023355671874999977 0.0192470993227991
1 0.01837963920278004 0.27801365688487584 0.03675927840556008 0.06771771187159571
