1 0.371687132618927 0.29155791196388264 0.011184406250000004 0.014257110609480811
1 0.14736604077492244 0.29155791196388264 0.036513796875000004 0.031365643340857764
1 0.3473576306132999 0.30438931151241533 0.046053437499999995 0.19746098194130923
1 0.183510987083389 0.3320610670455393 0.03107111781616861 0.029939932279909678
1 0.3565120822570578 0.2912410865796155 0.005190153529160627 0.007445380689007493
1 0.15033157812499998 0.34074494356659146 0.027961015625000012 0.03350420993227991
1 0.10855453125 0.3478734988713318 0.039803328125 0.04776132054176072
1 0.30716912081714354 0.30977533037194055 0.0186041264112184 0.02534597371279839
1 0.25170397812914286 0.32387402629027306 0.02382560370231334 0.03270648781129993
1 0.048027156249999994 0.6670268386932653 0.09506745312499999 0.49321681868260875
1 0.16776609375 0.31365643340857785 0.027303109374999992 0.021385665914221218
1 0.3407096238900403 0.29713678127890775 0.011298824778008055 0.02113771605668681
1 0.3532956562500001 0.29155791196388264 0.011842312500000023 0.01853424379232504
1 0.210201046875 0.369259164785553 0.0802645625 0.09480978555304738
1 0.5585574470249224 0.7584782844243793 0.88225228125 0.4769003498871331
1 0.12302846875 0.3001121783295711 0.025329390625 0.02993993227990971
1 0.14704204687499997 0.3478734988713318 0.036513796875000004 0.04490989841986455
1 0.2777680478295338 0.3176484179159917 0.020460878409967444 0.029084502411720496
1 0.9309998675460027 0.5301797017661465 0.1380002649079947 0.10176409041319644
1 0.32330111547827195 0.3043893115124153 0.017613941992382465 0.021385665914221218
1 0.05329040625 0.36070489841986464 0.05263249999999999 0.057741297968397304
1 0.22970796407889763 0.3264878329571106 0.026118878585533672 0.040632765237020314
1 0.12324777375740009 0.32838876836521863 0.038487515624999996 0.03089037146936227
1 0.2986894375 0.30153788939051923 0.043653295997320936 0.19540161911442
1 0.11612541235007755 0.2972607562076749 0.017434515624999994 0.02138566591422125
1 0.20757934032515513 0.28870648984198644 0.016118703124999988 0.01853424379232504
1 0.08141591180130422 0.3453784978316103 0.03256635937499999 0.04312774845524217
1 0.14537475101898573 0.40473593342086545 0.06179812703797143 0.0971143600328591
1 0.32928207812500004 0.28870648984198644 0.013816031250000017 0.00855426636568846
1 0.19441129687499997 0.3207849887133183 0.022039859375 0.027088510158013567
1 0.01353641602790227 0.36070489841986464 0.02707283205580454 0.06829156780334716
1 0.24342531250000002 0.2901322009029345 0.022039859375 0.01853424379232504
