1 0.20493779687500002 0.3079535891647855 0.020066140625000006 0.03778134311512414
1 0.37862504687500004 0.2794393679458239 0.014144984374999996 0.0156828216704289
1 0.35066403125 0.29939932279909703 0.032237406249999975 0.04918703160270878
1 0.433889171875 0.33361638826185097 0.04572448437500001 0.10977975169300226
1 0.697380625 0.31722071106094807 0.05986946875000001 0.0634441422121896
1 0.4329023124999999 0.3749620090293454 0.029276828124999987 0.11762116252821672
1 0.4526395 0.3307649661399548 0.010526499999999987 0.06914698645598194
1 0.3697433125 0.28157793453724606 0.01578975000000001 0.014969966139954839
1 0.40987559375 0.27801365688487584 0.005592203125000002 0.021385665914221218
1 0.636515546875 0.7152823702031603 0.72696890625 0.5694352595936795
1 0.8934366874999999 0.33860637697516927 0.10723871874999998 0.1161954514672686
1 0.25987296875 0.31294357787810384 0.06414585937499998 0.10122548532731379
1 0.402309671875 0.27587509029345375 0.013158124999999998 0.030652787810383768
1 0.4398103281249999 0.27801365688487584 0.010526499999999987 0.014969966139954839
1 0.3898094531249999 0.36854630925507903 0.08585676562499997 0.16894676072234763
2 0.3707301718749999 0.27658794582392776 0.008552781249999994 0.017108532731376986
1 0.35494042187499997 0.40704050790067714 0.12697590624999996 0.13116541760722347
1 0.2460569375 0.6287385778781038 0.35494042187499997 0.404901941309255
1 0.456915890625 0.28728077878103836 0.024342531250000004 0.03778134311512414
1 0.6549456718750001 0.3592791873589164 0.12894962500000004 0.09480978555304738
1 0.412836171875 0.2794393679458239 0.011513359374999983 0.030652787810383737
1 0.381585625 0.27801365688487584 0.011513359374999983 0.017821388261851014
1 0.21710906249999998 0.2851422121896163 0.04671134374999998 0.05560273137697519
1 0.45329740625000003 0.3200721331828442 0.019408234375000017 0.06914698645598194
1 0.390467359375 0.2773008013544018 0.017434515625000025 0.02423708803611739
1 0.418428375 0.2751622347629797 0.006908015624999978 0.0156828216704289
1 0.45329740625 0.27373652370203155 0.027961015625000012 0.02423708803611739
1 0.7881716875 0.42414904063205416 0.3391506718749999 0.26161797968397293
1 0.102633375 0.37781343115124155 0.1302654375 0.1539767945823928
1 0.21414848437499998 0.29939932279909703 0.034211125 0.04918703160270878
2 0.4881664375 0.28086507900677204 0.003947437499999987 0.022811376975169304
1 0.389809453125 0.2794393679458239 0.011513359374999983 0.017821388261851014
