1 0.427968015625 0.3571406207674943 0.069409109375 0.10764118510158015
1 0.23454357812499999 0.3528634875846501 0.07401445312500003 0.10193834085778779
1 0.7026438749999999 0.36141775395033854 0.11052825000000001 0.10764118510158015
2 0.4835610937499999 0.34858635440180585 0.02171090624999999 0.13187827313769754
1 0.34441392187500003 0.3471606433408577 0.06809329687500003 0.09908691873589168
1 0.138489265625 0.3457349322799097 0.0907910625 0.14756109480812638
1 0.7861979687499999 0.3443092212189616 0.11513359374999996 0.12189829571106095
1 0.250333328125 0.632302855530474 0.3072422187499999 0.6052143453724605
1 0.04407971875 0.35143777652370206 0.0881594375 0.14328396162528215
1 0.9158054999999999 0.3471606433408577 0.12796276562499997 0.13758111738148984
