1 0.30822907812499994 0.24522230248306995 0.045395531249999975 0.0627312866817156
1 0.1276338125 0.22882662528216705 0.03486903124999999 0.056315586907449214
1 0.039145421875 0.2437965914221219 0.068093296875 0.07912696388261851
2 0.27467585937500005 0.20672810383747178 0.008223828125000015 0.0192470993227991
1 0.262175640625 0.22027235891647853 0.01578975000000001 0.0384941986455982
1 0.15348933313094726 0.21528181420253456 0.06329041704448188 0.09480867355179592
1 0.36776959375 0.21243094808126411 0.011513359374999983 0.02067281038374719
1 0.3233609218750001 0.20957952595936793 0.010197546875000008 0.03564277652370203
1 0.2986894375 0.22027235891647853 0.05493517187500003 0.06843413092550787
1 0.12829171875 0.30153788939051923 0.007565921874999996 0.03421706546275397
