1 0.9546219687499999 0.23025233634311512 0.069409109375 0.08340409706546274
1 0.941134890625 0.22740091422121894 0.06809329687499996 0.08340409706546274
1 0.49145596875 0.2245494920993228 0.123686375 0.10550261851015802
1 0.026645198464861797 0.1791643550750294 0.053290396929723594 0.16633295790266592
1 0.6273136093749999 0.19888669300225728 0.05888260937499996 0.03421706546275394
1 0.6955713573205448 0.2259752031602709 0.14095642639731712 0.10692832957110608
1 0.46185018749999995 0.18462958239277655 0.11052825000000001 0.17536246049661403
1 0.12500218749999997 0.19175813769751693 0.09605431249999997 0.06415699774266365
1 0.995741109375 0.2437965914221219 0.008223828124999954 0.05203845372460495
1 0.6506692812500001 0.19888669300225736 0.027303109375000054 0.02067281038374719
1 0.20337525678527235 0.15575893162657273 0.05361936266428454 0.08411695615994715
1 0.09539640625 0.22027235891647853 0.10921243750000001 0.08340409706546274
1 0.223688125 0.2316780474040632 0.17566096874999998 0.07413697516930023
1 0.9745148828124999 0.23951945823927764 0.05097023437500011 0.09837406320541763
1 0.639813828125 0.20815381489841983 0.026645203124999975 0.023524232505643332
