1 0.3368479473692544 0.29036988277591647 0.04386046344955166 0.08601787533207134
1 0.4671134375 0.2651822573363431 0.11283092187499998 0.06914698645598194
1 0.9968836953124999 0.3735362979683972 0.00623260937500009 0.04205847629796837
2 0.35461146875 0.315082144469526 0.00953964062499999 0.030652787810383737
1 0.8885023906249999 0.3357549548532731 0.04473762500000002 0.05488987584650113
1 0.8171195625 0.37496200902934546 0.11283092187499998 0.1333039841986456
1 0.77344228515625 0.8460913600451467 0.45311542968749996 0.3078172799097065
2 0.21283267187500002 0.3200721331828442 0.017105562499999987 0.057028442437923245
2 0.39030276767430067 0.315082144469526 0.008552781249999994 0.023880767203487235
1 0.5372461044729182 0.2879936343115124 0.11204144582243145 0.08269124153498869
2 0.38125654028848655 0.315082144469526 0.012171265625000002 0.02780136568848756
