1 0.838501515625 0.18391672686230248 0.010526500000000046 0.028514221218961622
1 0.6398138281249999 0.21243094808126411 0.04704029687499999 0.11904687358916477
1 0.7848821562499999 0.2822907900677201 0.07697503124999999 0.1133440293453725
1 0.6776434375 0.18534243792325059 0.007894874999999975 0.014257110609480811
1 0.8306066406250001 0.1810653047404063 0.019737187500000055 0.02993993227990971
1 0.7338944218749999 0.22526234762979686 0.07006701562499996 0.1418582505643341
1 0.7993560937499999 0.17821388261851012 0.01644765625000003 0.03421706546275394
1 0.9407971875 0.368546309255079 0.118405625 0.18249101580135438
1 0.78422425 0.17536246049661403 0.019737187500000055 0.02993993227990971
1 0.68356459375 0.2266880586907449 0.03848751562499994 0.07484983069977426
1 0.989811203125 0.1810653047404063 0.020377593750000027 0.042771331828442435
1 0.958898359375 0.19247099322799097 0.045066578125 0.04989988713318284
1 0.664156359375 0.2053023927765237 0.01907928124999998 0.048474176072234754
1 0.821067 0.17322389390519188 0.006579062500000058 0.014257110609480811
1 0.876331125 0.17821388261851018 0.011184406250000004 0.0384941986455982
1 0.90198946875 0.19389670428893904 0.048356109375000025 0.04989988713318284
1 0.758236953125 0.16752104966139955 0.013816031249999956 0.028514221218961622
