1 0.7954080493314845 0.22241091481506775 0.16085831003695314 0.10407692883487585
1 0.11809417187499997 0.17821388261851012 0.10987034374999997 0.08910694130925506
1 0.246385890625 0.18890671557562078 0.19013490625 0.15896678329571104
1 0.914818640625 0.21884664785553046 0.11940998437500004 0.10550261851015799
1 0.6812617195597238 0.1650258574784285 0.1282917088809621 0.16288711979397985
1 0.37073017187499996 0.21670808126410834 0.08223828125000002 0.09837406320541758
1 0.8503438281250001 0.19033242663656882 0.027303109375000054 0.014969966139954839
1 0.341124390625 0.16181820541760722 0.030263687499999983 0.02993993227990971
1 0.3608615781250001 0.23025233634311512 0.06052737500000003 0.08340409706546274
1 0.22895065952695315 0.2323908708560384 0.1771412997540234 0.07591916211323363
1 0.6797811023517152 0.23702442645601898 0.15822635443462144 0.06985984198645599
1 0.8523175468749999 0.19460955981941305 0.020724046874999996 0.017821388261851014
