1 0.07533026562499999 0.24165802483069973 0.079277703125 0.06772127539503385
1 0.9245962460937501 0.7172427229119639 0.15080750781249996 0.5655145541760722
1 0.1621742558086167 0.2220546955848036 0.040625863097340294 0.0513257300888909
1 0.1262084414378019 0.2005500681204031 0.01765383452278216 0.012356126090584917
1 0.26480726562499995 0.22882662528216705 0.04605343750000002 0.056315586907449214
1 0.66251159375 0.34858635440180585 0.10954139062499996 0.19817383747178327
1 0.24276740624999996 0.2031638261851016 0.06546167187499999 0.040632765237020314
1 0.43224519299095626 0.3550022436095605 0.07415505839716362 0.14511719911649001
1 0.46100466339608254 0.2659970468497983 0.046053437499999995 0.06975790800347478
1 0.35362460937500007 0.24165802483069976 0.055264125000000004 0.07627554176072235
1 0.5490227656250001 0.4369804401805869 0.157568546875 0.157541072234763
1 0.1907928125 0.34003208803611734 0.11875207812500001 0.1169083069977427
1 0.079277703125 0.27658794582392776 0.06743539062500001 0.03207849887133186
1 0.536522546875 0.29939932279909703 0.08947525000000003 0.1546896501128668
1 0.6098790937499999 0.7102923814898421 0.352966703125 0.5794152370203159
1 0.10954139062499998 0.34003208803611734 0.09276478124999997 0.1169083069977427
1 0.007401445312499999 0.2017381151241535 0.014802890624999999 0.04490989841986455
1 0.23026718750000003 0.2259752031602709 0.033224265625000006 0.043484187358916494
1 0.90462109375 0.24736086907449212 0.12138370312500003 0.17179818284424378
1 0.26743889062500004 0.27801365688487584 0.08684362500000002 0.08696837471783292
1 0.72435478125 0.23738089164785553 0.08552781250000005 0.07627554176072235
1 0.52303546875 0.24450944695259594 0.04736924999999997 0.03778134311512414
1 0.5865234218750002 0.2666079683972912 0.053948312500000026 0.09979977426636567
1 0.444087848497044 0.32720097651232566 0.0634878202135831 0.11975972911963884
1 0.28882084375 0.20173811512415354 0.011184406250000004 0.0156828216704289
1 0.0988506270862764 0.210292381489842 0.035197984375 0.03920705417607223
1 0.1461326250371071 0.20987307276406464 0.053870886767248 0.04155527513038302
1 0.19145083499560359 0.19294614627857073 0.020724046874999996 0.030177382850595277
1 0.018092421875 0.2388066027088036 0.035197984375 0.03207849887133182
1 0.783895296875 0.2316780474040632 0.061514234375000025 0.06201843115124153
1 0.735210234375 0.34288351015801344 0.07533026562499998 0.1254625733634311
1 0.311518609375 0.4904446049661399 0.22467498437500003 0.4348418735891648
1 0.041448093750000005 0.34858635440180585 0.08289618750000001 0.16181820541760716
1 0.20000349999999997 0.25662799097065464 0.079277703125 0.09267121896162527
1 0.02278000390625 0.2666079683972912 0.0455600078125 0.027801365688487595
1 0.3028017578629481 0.24985609513391357 0.04704025410653176 0.053464535509972815
1 0.175989921875 0.2537765688487585 0.061514234375 0.0997997742663657
1 0.2779654824101729 0.18961961530662955 0.02598746004864069 0.02601928211297089
1 0.17294710546875 0.6910452821670429 0.3458942109375 0.6179094356659142
1 0.06677761596809335 0.20287879804006284 0.053553529272071985 0.040632765237020314
1 0.2744369930835518 0.24768467072031267 0.04372075312945493 0.03855848845247042
1 0.024890980201005965 0.21456951467268623 0.04978196040201193 0.040632765237020314
1 0.060198421875000005 0.22740091422121894 0.051974593750000006 0.04490989841986455
