2 0.086514671875 0.33290353273137685 0.020724046874999996 0.056315586907449186
1 0.5297043206157855 0.2152823702031603 0.015670122362134956 0.026613240084328426
1 0.7802768125 0.29298362302483066 0.024013578125000025 0.012118544018058695
1 0.360203671875 0.22027235891647853 0.01644765625000003 0.0384941986455982
2 0.4444789058831266 0.35357634311512415 0.02684292294194132 0.16580996690844577
1 0.6779231637131303 0.47221573337269135 0.3550343292761749 0.24145392271516838
1 0.660208921875 0.21884664785553049 0.026645203124999975 0.023524232505643332
1 0.9875172812499999 0.33290353273137696 0.024671484374999983 0.11762116252821672
1 0.9773197343750001 0.33290353273137685 0.043092859375 0.10122548532731374
2 0.46305566598259845 0.3528635624180174 0.030263687499999983 0.1725110383747178
1 0.43323126562500003 0.29298362302483066 0.07763293750000001 0.0627312866817156
1 0.38092771875 0.3421706546275396 0.100330703125 0.09837406320541763
1 0.4659709826458385 0.2658575589132062 0.05822470312499999 0.05473983858889303
1 0.29141846362319157 0.35106007252730487 0.20172539227263098 0.1511249334467894
1 0.30493724585028503 0.3594218491271793 0.19098905478104905 0.16096155484176866
1 0.562838796875 0.29298362302483066 0.08454095312499993 0.06843413092550792
2 0.50592990625 0.30795358916478555 0.01578975000000001 0.09552264108352145
1 0.7865269218749998 0.2972607562076749 0.017105562499999987 0.023524232505643363
1 0.045395531249999996 0.3300521106094808 0.090462109375 0.0862555191873589
1 0.5934299576031101 0.3414576387470638 0.1569108626095335 0.15254996107143343
1 0.660866828125 0.22597520316027092 0.020066140625000038 0.02993993227990971
1 0.8799496093750001 0.3243492663656885 0.04605343750000005 0.0627312866817156
1 0.7384997656250001 0.2601922686230248 0.06052737499999997 0.056315586907449214
1 0.8252193056949437 0.28879584433938815 0.06755865785991043 0.0664742733288893
1 0.8565939374999999 0.3193592776523702 0.09539640625000002 0.06985984198645596
1 0.55461496875 0.3136564334085779 0.06052737499999997 0.04490989841986455
1 0.39605956249999996 0.33005211060948075 0.08651467187499999 0.0848298081264108
1 0.760950369675047 0.27801365688487584 0.04243493119954221 0.03386062581916503
1 0.116120453125 0.3093793002257336 0.105593953125 0.04918703160270878
2 0.47961365624999996 0.3214978442437923 0.01907928124999998 0.10122548532731379
1 0.07360326171875001 0.8631998927765236 0.14720652343750001 0.27360021444695265
1 0.32566315019657904 0.22251279634080012 0.023073727894765028 0.03564277652370203
1 0.8572518437500001 0.334329243792325 0.008881734375000032 0.029939932279909678
1 0.675340765625 0.3699720203160271 0.31776871874999996 0.17393674943566595
1 0.18947699999999998 0.4327033069977427 0.2937551406249999 0.22312378103837474
1 0.566786234375 0.22027235891647856 0.03157950000000002 0.02993993227990971
1 0.232569859375 0.21884664785553046 0.01907928125000001 0.03421706546275394
1 0.048027156249999994 0.22882662528216705 0.07138282812499999 0.04918703160270881
1 0.293755140625 0.21243094808126411 0.013816031250000017 0.016395677200902927
1 0.9039632057736101 0.33005211060948086 0.07565921874999997 0.07437459869541989
1 0.2697415625 0.263043690744921 0.07631712500000001 0.04918703160270881
1 0.17434515625 0.2316780474040632 0.023355671875000004 0.028514221218961622
1 0.19728782103234546 0.2794397991425705 0.068422349489666 0.05898917244388007
1 0.5063537062370411 0.2148749374783391 0.01578975000000001 0.028514221218961622
1 0.8230403887608626 0.22740091422121897 0.026535379231880422 0.02993993227990971
1 0.9368585 0.3357549548532731 0.05822470312499999 0.08625551918735892
1 0.4460604374999999 0.27801365688487584 0.046053437499999995 0.04134562076749438
1 0.14846688186592874 0.27207343249779675 0.06600989565579643 0.050137369433700125
1 0.21875381628486607 0.21727836768411585 0.014605518223771815 0.03364678046819519
1 0.30066315624999995 0.22597520316027092 0.017763468750000004 0.02993993227990971
1 0.739157671875 0.2573408465011287 0.06513271875000003 0.06558270880361176
1 0.6054351557764536 0.35856601112843917 0.176151993605054 0.16431167644925113
1 0.08914629687499999 0.5531758916478555 0.16941085937499997 0.41203049661399554
1 0.09276478125 0.2152823702031603 0.03223740625000001 0.03564277652370203
1 0.5746845018820281 0.26532515518502603 0.035001385237711936 0.024665577368048575
