1 0.17697678124999996 0.29939932279909703 0.028618921874999998 0.027088510158013532
1 0.10526499999999998 0.31294357787810384 0.07335654687499998 0.0662955643340858
1 0.38487515624999996 0.3250621218961625 0.05986946875000001 0.07556268623024828
1 0.5 0.6012254853273138 1.0 0.7975490293453724
1 0.14704204687499997 0.3179335665914222 0.04243495312499999 0.04562275395033861
1 0.5200748906249999 0.32363641083521444 0.08158037499999994 0.08768123024830698
1 0.539812078125 0.41987190744920994 0.27336004687499993 0.15611536117381491
1 0.22829346875 0.33361638826185097 0.15131843749999999 0.039919909706546255
1 0.0565799375 0.29583504514672687 0.01578975 0.02494994356659142
1 0.18059526562499997 0.3051021670428894 0.028618921874999998 0.02494994356659145
1 0.08503438281249999 0.3749620090293453 0.17006876562499998 0.17821388261851012
