1 0.30296582812499995 0.03492992099322799 0.014144984374999996 0.01853424379232506
1 0.37434865624999997 0.03492992099322799 0.011184406250000004 0.01710853273137697
1 0.23466230005319708 0.037211039187150234 0.018829266074884436 0.036469624577189434
1 0.39079631249999996 0.03492992099322799 0.007236968750000017 0.01568282167042889
1 0.41233873585936737 0.034929920993227996 0.042763906250000025 0.039207054176072245
1 0.17598992187499995 0.04348418735891647 0.02598729687499999 0.03350420993227991
1 0.28355759375 0.03635563205417607 0.020724046874999996 0.03065278781038374
1 0.840684013903621 0.364545053454924 0.31863197219275785 0.43387603474019226
2 0.8092246875000001 0.597126566027088 0.14835785937499998 0.8057468679458238
1 0.1065808125 0.04989988713318284 0.04144809374999999 0.0563155869074492
1 0.22664872333238037 0.054788026830644904 0.10982334467289136 0.08269124153498872
