1 0.4827904002644903 0.2544894243792325 0.007575330456528858 0.01258698477180759
1 0.36513796875 0.2521132184433332 0.010855453125000025 0.013544255079006784
1 0.49539344170402094 0.24807372460496613 0.007565921874999996 0.012118544018058695
1 0.46250809375 0.2544894243792325 0.005592203125000002 0.012118544018058695
1 0.9085685312499999 0.4022328791826993 0.1374182547104836 0.14346632162062248
1 0.566128328125 0.28371650112866814 0.05723084474138377 0.05346416478555304
1 0.42336267187500004 0.4612175282167043 0.1565816875 0.07413697516930023
1 0.9689226796875 0.48616747178329567 0.06215464062500011 0.057741297968397304
1 0.6219407044876653 0.3319530503570173 0.14188845176233472 0.1204725846501129
1 0.19210862499999998 0.2601922686230248 0.008605836959669292 0.013314307082245938
