2 0.7835663327847129 0.39373391093557353 0.016995920596072387 0.12474971783295713
2 0.42961278125 0.4006248081264108 0.010197546875000008 0.0627312866817156
2 0.7042885715400078 0.3977733361011344 0.014802821540007827 0.09195851314129236
2 0.818764328125 0.5054145711060948 0.07105387500000002 0.3721105869074492
2 0.22631953507392844 0.41107997821583814 0.026316127185101953 0.17060986850582754
2 0.075988171875 0.32648783295711054 0.0036184843749999937 0.04205847629796837
1 0.9602054218750001 0.39706053047404066 0.07958915624999996 0.09195836343115121
2 0.5513254375 0.3984862415349887 0.025000437499999962 0.1425711060948081
2 0.468758203125 0.3970605304740407 0.026316249999999996 0.12261115124153502
2 0.49645002629449836 0.3820905643340858 0.01644764040042593 0.0930600398836911
2 0.7107361160853439 0.366265196650428 0.009013321414656043 0.03892194646657329
2 0.41777046874999996 0.403476230248307 0.022697765624999987 0.13971968397291198
2 0.6368532499999998 0.38565484198645594 0.013816031249999956 0.08126553047404063
2 0.88948925 0.3721105869074492 0.01578974999999995 0.03421706546275397
2 0.39477507797394024 0.3599920428893905 0.013816031250000017 0.06792494258453266
2 0.5717204544936311 0.3763877200902934 0.013816031249999956 0.06772127539503388
2 0.532575109375 0.36854630925507903 0.010526500000000046 0.0627312866817156
2 0.901002609375 0.5125431264108351 0.05032982812500002 0.368546309255079
2 0.720736296875 0.39135768623024836 0.022697765624999987 0.12261115124153502
2 0.51382478125 0.385654841986456 0.02203985937500003 0.15112537246049662
