1 0.8611992812500001 0.33432924379232515 0.08421200000000001 0.06772127539503388
1 0.689814703125 0.34003208803611734 0.08881734374999996 0.10122548532731379
2 0.9325279187804976 0.2932038281853635 0.008881734375000032 0.04490989841986455
1 0.9434375624999999 0.28371650112866814 0.017434515624999966 0.012831399548532723
1 0.9356590857810931 0.29797361173814896 0.020724046874999996 0.02423708803611739
1 0.9820808046875 0.6130557562076749 0.035838390625 0.18391672686230254
1 0.96251684375 0.3022507449209932 0.04144809374999999 0.04348418735891646
1 0.6380594118570658 0.3276759237797598 0.03388217187499999 0.04918703160270878
1 0.04957576682784099 0.3390889255952186 0.05286529807784099 0.08889856919803012
1 0.9958968359375 0.30581502257336335 0.008206328124999966 0.02780136568848756
2 0.9128449218749999 0.34644778781038377 0.015131843749999992 0.07912696388261851
1 0.9618410522890145 0.4461683765007129 0.07631789542197089 0.17750102708803614
