1 0.18829850860194744 0.6629556433408578 0.3765970172038949 0.40133766365688484
1 0.5400904060650267 0.32292355530474043 0.0033654690274601035 0.00570284424379235
1 0.470731921875 0.8582780586907449 0.9128449218749999 0.27516223476297963
1 0.5427726562499999 0.3243492663656885 0.007565921874999996 0.016395677200902927
1 0.931924203125 0.34644778781038377 0.06809329687499996 0.09179993348974323
1 0.623366171875 0.34359636568848756 0.011513359374999983 0.017821388261851045
1 0.881923328125 0.6159071783295711 0.23487253125 0.491157460496614
1 0.563496703125 0.33005211060948075 0.007565921874999996 0.01354425507900675
1 0.5734750765665987 0.3291013577789282 0.004715123441598716 0.006178220659068583
1 0.768763453125 0.4861674717832956 0.14473937499999998 0.20245097065462747
1 0.555836849019813 0.3243492663656885 0.005592203125000002 0.00570284424379235
