1 0.33746723174335014 0.28954514656453956 0.007972273549857729 0.00855426636568846
1 0.14749497712251342 0.29155791196388264 0.036513796875000004 0.031365643340857764
1 0.34671659375 0.3044798301052423 0.046053437499999995 0.19746098194130923
1 0.23397535700245092 0.32908004195576807 0.02467148437500001 0.03752212999188538
1 0.01208902734375 0.35357634311512415 0.0241780546875 0.06201843115124153
1 0.32336092187500004 0.28870648984198644 0.01546079687499997 0.007128555304740438
1 0.205595703125 0.32933925507900674 0.032566359374999986 0.027088510158013567
1 0.17368725 0.33931923250564333 0.029934734375000004 0.040632765237020314
1 0.3270451854274197 0.3015378893905191 0.014473937499999975 0.018676810763853628
1 0.35855890625 0.29155791196388264 0.006579062499999999 0.00855426636568846
1 0.28626229552420634 0.3156366026651052 0.018604129254030908 0.026930100546128318
1 0.04797555676146107 0.6693713431151241 0.0949900538921916 0.49614744920993226
1 0.1276338125 0.30153788939051923 0.027303109374999992 0.01853424379232504
1 0.35263775 0.29583504514672687 0.011842312500000023 0.01853424379232504
1 0.37401970312500005 0.29155791196388264 0.009868593750000028 0.017108532731376955
1 0.21283267187500002 0.3721105869074492 0.07796189062499999 0.09623549661399551
1 0.5586863833725134 0.7584782844243793 0.88225228125 0.4769003498871331
1 0.3048814824824324 0.30908577305653606 0.015538201616927516 0.025662799097065446
1 0.9301199186312376 0.5282259480812641 0.13976016273752498 0.09795822511969282
1 0.3349839366777083 0.30153788939051923 0.007236965460468762 0.01853424379232504
1 0.1065808125 0.3492992099322799 0.042434953125 0.050612742663656896
1 0.26848744697039445 0.31766624415243205 0.021793143040682108 0.03399429245676276
1 0.13026543749999997 0.33646781038374723 0.03603948899603222 0.053464164785553075
1 0.29803153125000004 0.30153788939051923 0.044365389095313824 0.19333392425862783
1 0.11599647600248658 0.2972607562076749 0.017434515624999994 0.02138566591422125
1 0.20732146762997317 0.28870648984198644 0.016118703124999988 0.01853424379232504
1 0.091120015625 0.3450220767494357 0.035197984375 0.04776132054176072
1 0.05581237792393472 0.3471606463110916 0.043586299342293716 0.05821653894902513
1 0.1466532843899574 0.40503155075765446 0.06381690625 0.09766120767494356
1 0.21217476562499998 0.3193592776523702 0.020066140625000006 0.0313656433408578
1 0.3837870807624217 0.2906805511422687 0.008552781249999994 0.017108532731376955
1 0.048685062499999994 0.35642776523702024 0.05197459374999999 0.06201843115124153
1 0.24342531250000002 0.2901322009029345 0.022039859375 0.01853424379232504
