2 0.14342356250000002 0.2559151354401805 0.018421374999999993 0.0933840744920993
1 0.068751203125 0.34288351015801344 0.13750240625 0.14613538374717827
1 0.9903868710937499 0.25021229119638827 0.01922625781249998 0.04633560948081263
1 0.00814158984375 0.25163800225733635 0.0162831796875 0.10692832957110608
1 0.7151431990690745 0.23310448551948804 0.11283092187499998 0.07841519893385954
1 0.828632921875 0.1995995485327314 0.04605343750000005 0.008554266365688493
1 0.5898111470730109 0.2694554767270665 0.10197607076732969 0.13579321658357124
1 0.8240275781249999 0.31436928893905197 0.18355584375000003 0.24450944695259597
1 0.23355671875 0.33290353273137696 0.21217476562499998 0.1789267381489842
1 0.6143831677444844 0.3428835101580135 0.14377781130306755 0.23178771174927099
2 0.11612045312499998 0.24094516930022572 0.0171055625 0.08482980812641083
1 0.7171178125 0.3022507449209932 0.0881594375 0.15611536117381491
1 0.072698640625 0.24165802483069976 0.08190932812499999 0.11120546275395031
