1 0.8921208749999998 0.27872651241534985 0.013158124999999998 0.008554266365688493
1 0.12631799999999999 0.28715898569510606 0.012500218749999995 0.022811376975169304
1 0.70593340625 0.28870648984198644 0.024013578125000025 0.031365643340857764
1 0.8549491718750001 0.35642776523702036 0.08717257812500007 0.10550261851015802
1 0.8236986250000001 0.29298362302483066 0.027303109375000054 0.03492992099322797
1 0.18194098266455933 0.2797633935011547 0.007894875000000004 0.0156828216704289
1 0.818435375 0.27872651241534985 0.009868593749999969 0.009979977426636581
1 0.219411734375 0.29298362302483066 0.014473937500000004 0.00570284424379235
1 0.69409109375 0.30153788939051923 0.029934734375000004 0.037781343115124176
1 0.849028015625 0.29298362302483066 0.027303109375000054 0.031365643340857764
1 0.679946109375 0.27302366817155754 0.06118528051899392 0.028514221218961622
1 0.914818640625 0.3250621218961625 0.07796189062500006 0.08768123024830698
1 0.7197494375000001 0.3072407336343115 0.017434515624999966 0.056315586907449214
1 0.1276338125 0.29298362302483066 0.011964637236665595 0.017108532731376955
1 0.13537916320727963 0.3080183935845981 0.028020824704118617 0.015682821670428865
1 0.1723714375 0.28300364559819413 0.022510904710964307 0.021385665914221218
1 0.76382915625 0.33789352144469526 0.029276828125000046 0.06629556433408576
1 0.668103796875 0.2830036455981942 0.020724046874999996 0.022811376975169304
1 0.16381865625 0.2999243603554431 0.04833838182275538 0.027088510158013532
1 0.454942171875 0.2773008013544018 0.01563932404611149 0.005702844243792318
1 0.664156359375 0.30581502257336346 0.030592640624999962 0.050612742663656896
1 0.6559325312500001 0.27872651241534985 0.003947437499999987 0.005702844243792318
1 0.206253609375 0.29583504514672687 0.014473937500000004 0.009979977426636581
1 0.1828979375 0.30011217832957116 0.008433161496838941 0.01671970275623374
1 0.14506832812499998 0.29298362302483066 0.031908453125 0.027088510158013532
1 0.4404120319405541 0.27872651241534985 0.018393273782777088 0.012831399548532723
1 0.1648336168422229 0.2841642737083545 0.010047120921111456 0.009979977426636581
1 0.8878585239723179 0.27872651241534985 0.009098703874409253 0.009858640766854205
1 0.94672709375 0.3001121783295711 0.039803328124999975 0.05916700902934536
1 0.7684344999999999 0.30153788939051923 0.033224265625000034 0.04490989841986455
1 0.6467218437500001 0.29298362302483066 0.018750328125 0.03492992099322797
