1 0.5399766095155794 0.506008704512343 0.012171265624999943 0.00427713318284423
1 0.0008223828124999999 0.5367802144469526 0.0016447656249999997 0.01069283295711064
1 0.8381725624999999 0.5153945485327315 0.013487078124999977 0.037068487584650145
1 0.9829119375 0.526087381489842 0.03125054687500004 0.04562275395033861
1 0.8791256421873046 0.5221658725084259 0.03684463776619005 0.05417658200849505
1 0.56250984375 0.5125431264108352 0.03815856249999996 0.017108532731376986
1 0.02113523828125 0.5246616704288939 0.0422704765625 0.017108532731376986
1 0.6467218437500001 0.5182459706546275 0.01546079687499997 0.03706848758465008
4 0.9931094843749999 0.49543459367945825 0.006908015625000038 0.004989988713318291
1 0.6559325312500001 0.5182459706546275 0.017105562499999987 0.026375654627539505
1 0.492442828125 0.7392311851015801 0.432573359375 0.3079535891647856
1 0.7968893161237157 0.5075528454924956 0.008223895545221065 0.017821534364361673
1 0.9740302031249999 0.5139688374717833 0.017105562499999987 0.026375654627539505
1 0.575996921875 0.6273128668171558 0.13487078125000002 0.09979977426636574
1 0.81119840625 0.5125431264108352 0.008552781250000053 0.021385665914221218
1 0.78882959375 0.5139688374717833 0.012171265624999943 0.021385665914221218
1 0.6394848749999998 0.508978848758465 0.017763468749999945 0.021385665914221218
1 0.852975453125 0.5246616704288939 0.033224265625000034 0.02922707674943568
1 0.9144896874999999 0.5182459706546275 0.03684275000000004 0.04918703160270878
