1 0.0067435390625 0.24308373589164783 0.013487078125 0.12189829571106095
1 0.56645728125 0.12617542889390518 0.013816031249999956 0.022811376975169304
1 0.11472240234375 0.5054145711060949 0.2294448046875 0.45979181715575623
1 0.4983639843749999 0.12617542889390518 0.012500218749999981 0.025662799097065463
1 0.494416546875 0.12760113995485328 0.005921156249999981 0.019959954853273145
1 0.5368514999999999 0.15896678329571107 0.02236881250000001 0.04989988713318284
1 0.48520585937500005 0.12760113995485328 0.01578975000000001 0.025662799097065463
1 0.54014103125 0.12617542889390518 0.013816031250000017 0.0156828216704289
2 0.534548828125 0.12760113995485328 0.008223828124999954 0.017821388261851014
1 0.343098109375 0.3193592776523702 0.11644940624999998 0.21599522573363428
1 0.5618519375000001 0.13045256207674943 0.00921068750000001 0.019959954853273128
1 0.345071828125 0.17037247178329568 0.010526499999999987 0.03421706546275394
1 0.535206734375 0.11762116252821671 0.009210687499999952 0.012831399548532723
1 0.25329390625 0.19746098194130923 0.08914629687500003 0.10478976297968397
1 0.5434305625 0.12047258465011286 0.010526500000000046 0.012831399548532739
1 0.5454042812500001 0.11762116252821671 0.011842312499999962 0.022811376975169304
1 0.195727109375 0.193183848758465 0.048356109375 0.10906689616252822
1 0.4480341562499999 0.13615540632054177 0.019737187499999996 0.03421706546275396
2 0.07730398437500001 0.17251103837471782 0.019408234375000003 0.11690830699774266
2 0.5671151875 0.1660953386004515 0.01250021875000004 0.06130557562076751
1 0.5947472499999998 0.13900682844243792 0.009868593749999969 0.027088510158013532
1 0.504943046875 0.12617542889390518 0.005921156249999981 0.021385665914221218
1 0.531259296875 0.12760113995485328 0.005921156250000041 0.014257110609480811
1 0.42698115625 0.13615540632054177 0.02828996874999999 0.042771331828442435
1 0.381914578125 0.2559151354401805 0.12631799999999996 0.2274009142212189
1 0.4539553125 0.13045256207674943 0.02236881250000001 0.03991990970654629
1 0.324676734375 0.16181820541760722 0.02171090624999999 0.06700841986455983
1 0.46546867187499996 0.12760113995485328 0.01578975000000001 0.039919909706546255
1 0.5513254375 0.14328396162528217 0.01842137500000002 0.03421706546275396
1 0.30197896875 0.16181820541760722 0.03552693750000001 0.08126553047404063
