1 0.603628984375 0.5182459706546275 0.017105562499999987 0.026375654627539505
1 0.82961978125 0.5182459706546275 0.011184406250000004 0.02922707674943568
1 0.7957376093749999 0.5182459706546275 0.006250109374999961 0.02423708803611739
1 0.006444885459022277 0.5248867774687974 0.012889770918044554 0.016545765131618345
1 0.909555390625 0.5289388036117382 0.025987296875000017 0.056315586907449186
1 0.63751115625 0.5182459706546275 0.01842137500000002 0.02922707674943568
1 0.8278658967226867 0.5009001077052929 0.003948634813545127 0.00427713318284423
1 0.6427086100547102 0.5203845674236911 0.017105562499999987 0.026375654627539505
1 0.33355846875 0.7430330387576708 0.43180567458615954 0.3079535891647856
1 0.934226875 0.5153945485327313 0.03684275000000004 0.04419704288939049
1 0.84738325 0.5125431264108352 0.009868593749999969 0.017108532731376986
1 0.84738325 0.5061274266365688 0.006250109374999961 0.01354425507900675
1 0.9829119375 0.5153945485327313 0.03125054687500004 0.05203845372460495
1 0.623366171875 0.5153945485327314 0.021052999999999975 0.02423708803611739
1 0.6943703460810613 0.7705289170245581 0.6112593078378773 0.45894216595088383
1 0.852975453125 0.5289388036117382 0.01842137500000002 0.04562275395033861
1 0.7681055468749999 0.5153945485327315 0.017105562499999987 0.03350420993227991
1 0.7447498749999999 0.5018502934537247 0.006250109374999961 0.007486442327935611
