2 0.83488303125 0.4319904514672686 0.023355671874999945 0.14827395033860047
2 0.573365296875 0.41702048532731373 0.029605781250000025 0.11833401805869072
2 0.5019824687500001 0.38850626410835215 0.02894787500000001 0.15611536117381486
2 0.80856678125 0.542483058690745 0.05657993749999998 0.31009215575620774
1 0.9431086093750001 0.39706053047404066 0.11250196875 0.09766120767494356
2 0.9135024412668404 0.5149666196417607 0.060132671777997616 0.2315355242030097
2 0.7822505312500001 0.4647818058690745 0.038816468750000034 0.210292381489842
2 0.5640724091284797 0.40009021593228955 0.018092421875000042 0.12385899459600436
2 0.7075781718749999 0.3756748645598194 0.008223828124999954 0.06415699774266365
2 0.724025828125 0.5111174153498872 0.03750065625 0.23239090293453726
2 0.7792899531249999 0.3557149097065463 0.022697765624999987 0.06130557562076747
2 0.3944890788789531 0.3599920428893905 0.013816031250000017 0.06772127539503388
2 0.8977130781249999 0.4255747516930022 0.022697765624999987 0.1090668961625282
2 0.009539640625 0.3557149097065463 0.015789749999999998 0.11263117381489843
2 0.8006719062500001 0.3557149097065463 0.023355671874999945 0.03920705417607226
2 0.673696 0.3721105869074492 0.007565921874999996 0.03920705417607226
2 0.5335320070740405 0.39174651168867153 0.02891796236800559 0.1613645048625295
2 0.9710696249999998 0.4348418735891648 0.03256635937499996 0.2053023927765237
2 0.8486990624999999 0.49899887133182835 0.048356109375000025 0.26518225733634304
