1 0.36603513524937986 0.2950573658334947 0.011184406250000004 0.014257110609480811
1 0.1473065317600833 0.29155791196388264 0.036513796875000004 0.031365643340857764
1 0.3465756155344007 0.3052549199627261 0.046053437499999995 0.19832659039161998
1 0.16184491008687407 0.34074494356659146 0.03388217187499999 0.043008958259323084
1 0.380598765625 0.29155791196388264 0.017434515625000025 0.00855426636568846
1 0.12631799999999999 0.34502207674943564 0.04111914062500001 0.04490989841986455
1 0.088488390625 0.35357634311512415 0.038487515624999996 0.050612742663656896
1 0.29364552625547424 0.31326039309758813 0.019919935743526254 0.026930094033617596
1 0.2349273727485794 0.3281511584547507 0.025517362228084442 0.03667811053545784
1 0.048027156249999994 0.6658862714919956 0.09506745312499999 0.49179110968102163
1 0.16381865625000003 0.3086664446952596 0.020066140625000006 0.01853424379232504
1 0.3344532296343606 0.29999811740707993 0.013921292213085638 0.023210573380491213
1 0.35000612499999995 0.2972607562076749 0.008552781249999994 0.01853424379232504
1 0.2107908929972398 0.36989827570807016 0.08052545549723975 0.09495727476896125
1 0.5584979380100833 0.7584782844243793 0.88225228125 0.4769003498871331
1 0.16011790810001028 0.30438931151241533 0.04671134375000001 0.031009219139880587
1 0.235859390625 0.3364678103837471 0.027961015625000012 0.03778134311512414
1 0.26189935304795997 0.3219255471828961 0.02298724054335244 0.031223067045172654
1 0.9313946107258172 0.5311301744338711 0.13721077854836566 0.10376008301541845
1 0.3124232398233662 0.30777537238618785 0.018544731753688145 0.024326190633457832
1 0.0370729891933931 0.36056233059292825 0.0563825701645849 0.057741297968397304
1 0.209731156132836 0.328524550823921 0.029276828124999987 0.03961436353271104
1 0.10921243750000001 0.32933925507900674 0.03980332812499999 0.03350420993227991
1 0.2986894375 0.30145148297375934 0.041856792797134605 0.1930110359249453
1 0.11618492136491672 0.2972607562076749 0.017434515624999994 0.02138566591422125
1 0.20769835835483344 0.28870648984198644 0.016118703124999988 0.01853424379232504
1 0.029934734375 0.3464477878103837 0.04802715625 0.04205847629796837
1 0.14472585808708013 0.40508747812438084 0.060500341174160255 0.0967628153293436
1 0.35461146875 0.29583504514672687 0.003289531250000029 0.00855426636568846
1 0.18092421875 0.32648783295711054 0.025329390625 0.03778134311512414
1 0.24342531250000002 0.2901322009029345 0.022039859375 0.01853424379232504
