1 0.5407372603615482 0.2616736655589141 0.02236881250000001 0.05228348247880701
1 0.4999259874683075 0.8789179027941988 0.999851974936615 0.24216419441160233
1 0.7649417912393475 0.4635762419979982 0.26985524468483685 0.37041231469577074
2 0.638498015625 0.24807372460496613 0.01578974999999995 0.025900417211193284
1 0.9717187812500001 0.47119750564334084 0.05656243749999999 0.23738089164785556
2 0.015789749999999998 0.17963959367945823 0.01578975 0.021385665914221218
1 0.11513358388145557 0.23773733010587203 0.11192630324838611 0.10300763484627838
1 0.4539553125 0.31294357787810384 0.07434340624999998 0.1254625733634312
1 0.544417421875 0.2651822573363431 0.016776609375000008 0.05987986455981938
1 0.44606043749999996 0.2559151354401806 0.06743539062500001 0.05845415349887133
1 0.12951354336732643 0.28819731008434907 0.12725786096930575 0.19746098194130926
2 0.139147171875 0.29583504514672687 0.030592640625000007 0.24094516930022575
2 0.828632921875 0.28656792325056435 0.005921156249999981 0.04989988713318287
1 0.17960840625 0.1860552934537246 0.06875120312499998 0.04419704288939052
1 0.03173943064038861 0.2922707674943566 0.06347886128077722 0.22953948081264108
1 0.579779879385902 0.2614397546629774 0.08486990624999997 0.06290948200037251
1 0.6195348387902325 0.2944932018349309 0.1384021873135757 0.07791092219455072
