1 0.4325733593749999 0.41702048532731373 0.006579062499999999 0.03207849887133186
1 0.354282515625 0.46834608352144463 0.019408234375000017 0.06843413092550787
1 0.260530875 0.5161074040632053 0.14638414062500002 0.1817781602708803
1 0.480600515625 0.3086664446952596 0.01546079687499997 0.014257110609480811
1 0.5579044999999999 0.43127759593679454 0.055922031250000025 0.09338407449209933
1 0.5181011718749999 0.35143777652370206 0.006579062499999999 0.012831399548532756
1 0.47895574999999996 0.31864642212189614 0.016776609375000008 0.014257110609480811
1 0.514153734375 0.33076496613995476 0.006579062499999999 0.011405688487584636
1 0.58224703125 0.38066485327313765 0.03092159374999994 0.03492992099322797
1 0.49408759375 0.38494198645598193 0.005921156249999981 0.014257110609480811
1 0.439810328125 0.38921911963882616 0.010855453125000025 0.017821388261851045
1 0.10847229296875 0.5446216252821671 0.2169445859375 0.32933925507900674
1 0.361519484375 0.4519504063205418 0.08289618749999998 0.10550261851015802
1 0.5167853593749999 0.34359636568848756 0.006579062499999999 0.012831399548532756
1 0.382572484375 0.43127759593679454 0.09868593749999999 0.10550261851015802
1 0.6559325312500001 0.41559477426636576 0.05000087500000004 0.07627554176072235
1 0.5223775625 0.37781343115124155 0.005921156249999981 0.00855426636568846
1 0.45066578124999995 0.3763877200902934 0.036513796875000004 0.040632765237020314
1 0.42171790624999994 0.40418908577878104 0.021052999999999975 0.06558270880361171
1 0.44934996874999994 0.39777338600451456 0.008881734374999973 0.023524232505643332
1 0.4486920625 0.38921911963882627 0.018750328125 0.03350420993227991
1 0.44540253124999996 0.37424915349887133 0.014144984374999996 0.012831399548532756
1 0.45066578124999995 0.3792391422121897 0.019408234375000017 0.02922707674943568
1 0.07894874999999998 0.6864798758465012 0.15789749999999997 0.4041890857787811
1 0.191121765625 0.5196716817155757 0.150989484375 0.17963959367945825
1 0.42303371875 0.3763877200902934 0.035197984375000026 0.017821388261851045
1 0.5006666562500001 0.3763877200902934 0.008223828125000015 0.00855426636568846
1 0.5194169843750001 0.3671205981941309 0.006579062499999999 0.014257110609480811
1 0.7187625781249999 0.6116300451467269 0.21645115624999994 0.3207849887133183
2 0.9972126484374999 0.3842291309255079 0.005574703125000132 0.032791354401805854
1 0.5006666562500001 0.3015378893905193 0.005921156249999981 0.012831399548532756
1 0.596392015625 0.4020505191873589 0.016118703125000047 0.040632765237020314
1 0.863173 0.4811774830699775 0.12467323437499994 0.1739367494356659
1 0.36513796875 0.440544717832957 0.08026456250000003 0.09053265237020315
1 0.5210617499999999 0.37424915349887133 0.006579062499999999 0.014257110609480811
1 0.299018390625 0.4811774830699775 0.13618659375000003 0.13900682844243795
1 0.560865078125 0.37424915349887133 0.006579062500000058 0.020672810383747155
1 0.43257335937499997 0.40418908577878104 0.020395093750000017 0.0627312866817156
1 0.45428426562499996 0.3656948871331829 0.021052999999999975 0.014257110609480811
1 0.5674441406249999 0.37424915349887133 0.01546079687499997 0.022098521444695277
1 0.6085632812499999 0.40418908577878104 0.02236881250000001 0.04205847629796837
1 0.31645290625000005 0.41987190744921 0.081580375 0.04562275395033861
1 0.49935084375 0.38779340857787814 0.010855453125000025 0.012831399548532756
1 0.4407971875 0.40418908577878104 0.010855453125000025 0.03778134311512414
1 0.555272875 0.37923914221218963 0.006579062500000058 0.009979977426636581
1 0.5282987187499999 0.38636769751693 0.006579062499999999 0.014257110609480811
1 0.516127453125 0.39777338600451473 0.027632062499999974 0.03350420993227991
1 0.589155046875 0.4006248081264108 0.018750328125 0.03778134311512414
2 0.7901454062499998 0.4163076297968396 0.013158124999999998 0.09053265237020315
1 0.356914140625 0.46549466139954854 0.030263687499999983 0.07342411963882617
1 0.9403859960937501 0.5118302708803611 0.11922800781250006 0.24593515801354401
1 0.42632325 0.3656948871331829 0.029605781250000025 0.012831399548532756
1 0.535206734375 0.38779340857787814 0.008881734374999973 0.012831399548532756
1 0.15263425000000003 0.5474730474040631 0.18421375000000004 0.23381661399548526
1 0.628958375 0.40846621896162527 0.033224265625000034 0.06415699774266365
1 0.435862890625 0.4127433521444695 0.013487078124999977 0.03492992099322797
