1 0.3512277043700807 0.25051784028170265 0.008223828125000015 0.014969966139954839
1 0.7588537888092136 0.25208338491623117 0.01842137500000002 0.010692832957110609
1 0.9503454362570488 0.24664801354401802 0.026974184623590247 0.01817778528369453
1 0.22061788267257618 0.2794393679458239 0.09408055426772852 0.04918703160270878
1 0.8059351562499999 0.280865079006772 0.01578974999999995 0.03421706546275394
1 0.8636663371557851 0.24771733694376802 0.017763468749999945 0.016752064862101033
1 0.6463928906249999 0.26732082392776524 0.010855453125000025 0.017821388261851014
1 0.7852111093749999 0.2872807787810384 0.04407971875000006 0.06130557562076751
1 0.593102484375 0.24664801354401808 0.007565921874999996 0.013544255079006784
1 0.7115168593749999 0.6960352708803611 0.5769662812499999 0.6079294582392777
1 0.26020192187499996 0.2794393679458239 0.04868506249999997 0.041345620767494345
1 0.6253398906250001 0.2616179796839729 0.008881734375000032 0.017821388261851014
1 0.19276653125000004 0.28371650112866814 0.08848839062500001 0.03564277652370206
1 0.836527796875 0.25092514672686234 0.01907928124999998 0.014969966139954839
1 0.900344703125 0.3122307223476297 0.06644853124999996 0.0727112641083521
1 0.9329110625 0.28371650112866814 0.045395531249999975 0.050612742663656896
1 0.9674423906249999 0.33931923250564333 0.06511521875000005 0.1425711060948081
1 0.7411313906250001 0.2872807787810384 0.03486903125000005 0.04490989841986458
1 0.597049921875 0.24949943566591423 0.008223828124999954 0.016395677200902927
1 0.783237390625 0.24522230248306995 0.030263687499999983 0.014969966139954839
1 0.8345540090292971 0.2972607562076749 0.05131668749999996 0.056315586907449214
1 0.25526767325385724 0.2765879458239277 0.07916804404102382 0.0510880145400323
1 0.96604433984375 0.2944093340857788 0.06791132031249998 0.08197838600451467
