1 0.5924445781250001 0.4255747516930023 0.09079106249999995 0.06486985327313771
1 0.81514584375 0.38494198645598193 0.09079106249999995 0.08554266365688487
1 0.6431033593749999 0.47191036117381485 0.15691064062499993 0.1083540406320542
1 0.2949040854054769 0.4555143203420471 0.07335621127401429 0.08910712312468753
2 0.75988171875 0.3599920428893905 0.018092421875000042 0.06914698645598194
1 0.9131738750000001 0.5139688374717833 0.17072667187499999 0.16894676072234754
1 0.47566621875 0.4619303837471783 0.1368445 0.07983981941309258
1 0.05065878124999999 0.6030757787810385 0.10065965624999998 0.040632765237020314
1 0.24457333437776618 0.4932956634571712 0.06612008152647858 0.09694871577533437
1 0.339479625 0.438406151241535 0.05197459374999998 0.05916700902934536
2 0.724025828125 0.36925916478555304 0.011184406250000004 0.04490989841986455
1 0.9758306953125 0.41987190744921 0.048338609375000036 0.08839408577878104
1 0.169410859375 0.6045014898419864 0.10000175000000001 0.036355632054176086
1 0.8551102504775198 0.4170208489581786 0.05970436293565176 0.09195818161571878
1 0.218095921875 0.525374525959368 0.014144984374999996 0.036355632054176086
1 0.5710626249999999 0.38636769751693 0.018750328125 0.022811376975169273
1 0.034786792968749994 0.5339287923250564 0.06957358593749999 0.11263117381489837
1 0.46777134375000007 0.49614744920993226 0.15066053125000003 0.10977975169300226
1 0.5618519375 0.39207054176072237 0.07138282812499999 0.056315586907449186
1 0.27895224999999996 0.4690589390519187 0.054606218749999984 0.07484983069977429
1 0.3167752312555324 0.5916697266625889 0.13437848421582677 0.0955233683452511
1 0.604286890625 0.4498118397291196 0.11019929687500003 0.09409693002257333
1 0.2682580432780126 0.4840287233764412 0.05263300340147857 0.08482962631097837
1 0.060198421875 0.4526632618510158 0.029276828125 0.01853424379232504
1 0.22467498437500003 0.43127759593679454 0.074672359375 0.03778134311512414
1 0.358229953125 0.4526632618510158 0.014144984374999996 0.022811376975169273
1 0.549022765625 0.3621306094808126 0.09671221874999994 0.08696837471783292
1 0.45560007812500003 0.5595915914221219 0.117436265625 0.13472969525959363
1 0.6111949062500001 0.5645815801354401 0.11414673437500002 0.10977975169300219
2 0.40461234374999994 0.3991990970654628 0.008552781249999994 0.06772127539503388
1 0.06283004687499999 0.4384061512415349 0.06875120312499998 0.04205847629796837
1 0.484219 0.4127433521444695 0.09671221875 0.05203845372460495
1 0.9377543710937499 0.38921911963882616 0.12449125781249996 0.09979977426636567
1 0.27138632812499996 0.41844619638826186 0.040132281249999985 0.01853424379232504
1 0.07533026562500002 0.49187031602708803 0.060198421875000005 0.03778134311512414
1 0.6105370000000001 0.3963476749435666 0.12533114062500003 0.07983981941309258
1 0.47566621875000004 0.4141690632054175 0.0907910625 0.04205847629796837
1 0.770072553605286 0.5275132743662225 0.1771396217576947 0.1739369312510984
2 0.7931059843749999 0.3443092212189617 0.013816031249999956 0.057741297968397304
1 0.492442828125 0.4063276523702032 0.09539640625000002 0.053464164785553075
1 0.1455581920520269 0.5218100664915654 0.16151598437499998 0.16039249435665914
1 0.48685062500000004 0.4355547291196388 0.11283092187500005 0.06486985327313771
1 0.029934734374999997 0.47048465011286683 0.054606218750000005 0.040632765237020314
