1 0.5407989375 0.36141775395033854 0.15427901562499996 0.0891069413092551
1 0.547706953125 0.41773334085778785 0.16447656250000003 0.14114539503386006
1 0.589484 0.28229079006772007 0.013158124999999998 0.021385665914221218
1 0.6148133906250001 0.28656792325056435 0.009868593749999969 0.02138566591422125
1 0.486521671875 0.3051021670428894 0.029934734375000004 0.01853424379232504
1 0.18355584374999998 0.36284346501128667 0.143752515625 0.13401683972911965
2 0.7983692343750001 0.316507855530474 0.008881734375000032 0.04490989841986455
2 0.548364859375 0.27231081264108353 0.006908015625000038 0.013544255079006784
1 0.9246872343749999 0.3571406207674944 0.03651379687499994 0.07199840857787812
1 0.28947875 0.32292355530474043 0.08848839062499998 0.07912696388261851
1 0.52566709375 0.32007213318284417 0.14704204687499994 0.0848298081264108
1 0.2644799718009698 0.3656942022233985 0.03914431567435347 0.07841393712469834
1 0.40658606249999996 0.32007213318284417 0.04736924999999997 0.0848298081264108
1 0.856922890625 0.35001206546275393 0.05657993749999998 0.06486985327313771
2 0.9065948125000001 0.4847417607223476 0.03914542187500002 0.26945939051918727
1 0.46842925 0.3763877200902934 0.009868593750000028 0.050612742663656896
1 0.726657453125 0.3143692889390519 0.03454007812499995 0.0634441422121896
1 0.564154609375 0.28229079006772007 0.020724046874999996 0.021385665914221218
1 0.5769837812499998 0.29369647855530473 0.021381953124999954 0.03350420993227988
1 0.34276915625 0.3300521106094808 0.024013578125000025 0.050612742663656896
1 0.150989484375 0.32720068848758466 0.08651467187499999 0.0777012528216704
1 0.5296145312499999 0.3243492663656885 0.12697590625000005 0.0634441422121896
1 0.9632482382812501 0.38351627539503375 0.0735035234375001 0.16609533860045145
1 0.82567234375 0.33718066591422124 0.04243495312500004 0.056315586907449186
1 0.20493779687500002 0.30082503386004517 0.022039859375 0.014257110609480811
