1 0.583041976345226 0.32497301142772866 0.010238667643246066 0.01719764319981101
1 0.5861944687499999 0.3307649661399548 0.03750065625 0.022811376975169273
1 0.6604283087548563 0.3331411765874248 0.02258831341655944 0.025662989191239934
1 0.3881646875 0.7309651918735892 0.747052546875 0.5380696162528217
1 0.7404734843750002 0.6116300451467269 0.11381778125000004 0.0891069413092551
1 0.6197476875 0.3307649661399548 0.03651379687499994 0.02423708803611739
1 0.707907125 0.33931923250564333 0.010526500000000046 0.006415699774266346
1 0.2223723125 0.525374525959368 0.06743539062500001 0.04490989841986455
1 0.423691625 0.32292355530474043 0.055922031250000025 0.02423708803611739
1 0.694420046875 0.33718066591422124 0.016118703125000047 0.022811376975169273
1 0.138489265625 0.5859672460496613 0.18881909374999997 0.11548259593679454
1 0.06250109375 0.3207849887133183 0.04177704687500001 0.02423708803611739
1 0.149673671875 0.5111174153498871 0.09638326562500002 0.056315586907449186
1 0.679946109375 0.33718066591422124 0.015131843749999992 0.01853424379232504
1 0.6491889806740637 0.334329243792325 0.016283198876560216 0.0196035021379262
1 0.82829521875 0.8188246360045147 0.3434095625 0.3623507279909706
1 0.4539553125 0.3264878329571106 0.027961015625000012 0.020672810383747155
1 0.5951520776231615 0.33076496613995476 0.010526500000000046 0.011625008193134858
1 0.6667879843749999 0.33718066591422124 0.017105562499999987 0.020672810383747155
