1 0.1892301173666657 0.6643813544018059 0.3784602347333314 0.40917907449209934
1 0.5388252187499999 0.32292355530474043 0.0019737187499999937 0.00570284424379235
1 0.06381690625 0.9082880050790068 0.12434428125 0.18342398984198643
1 0.5424437307571177 0.3239928685404436 0.003536225369661731 0.00570284424379235
1 0.931924203125 0.3464477878103837 0.06882427734067491 0.09053265237020315
1 0.58487865625 0.33290353273137685 0.007565921874999996 0.01354425507900675
1 0.881923328125 0.6159071783295711 0.23487253125 0.4875931828442438
1 0.787842734375 0.49400888261851017 0.04243495312500004 0.10692832957110608
1 0.5565886875 0.32720068848758466 0.007565921874999996 0.012118544018058695
1 0.5911286548804012 0.33290353273137696 0.00646933762860075 0.012118544018058695
1 0.5656824946748753 0.32595892148079764 0.006419874408319496 0.006530592487517078
1 0.67895925 0.350724920993228 0.014473937500000034 0.020672810383747155
1 0.010444261718749999 0.4776132054176072 0.020888523437499997 0.06843413092550787
