1 0.581918078125 0.2231237810383747 0.02828996874999999 0.04490989841986455
1 0.857910806039855 0.24736201331632146 0.057238019756642444 0.05346569044132554
1 0.5579044999999999 0.23310375846501133 0.03092159374999994 0.04918703160270881
1 0.227964515625 0.20957952595936793 0.018421374999999993 0.032791354401805854
1 0.6658011250000001 0.2601922686230248 0.03914542187500002 0.0805526749435666
1 0.8003429531249999 0.2316780474040632 0.06644853124999996 0.05346416478555304
1 0.6240240781249999 0.27801365688487584 0.07006701562499996 0.12332400677200901
1 0.939490125 0.26304369074492095 0.04407971874999994 0.08055267494356658
1 0.7195873370271738 0.2958350451467269 0.07829119576328504 0.11441159627833948
1 0.36250634374999996 0.20957952595936793 0.022697765624999987 0.02494994356659142
1 0.593102484375 0.2616179796839729 0.04473762500000002 0.09195836343115121
1 0.974030203125 0.2601922686230248 0.049342968749999966 0.09837406320541758
1 0.1651344506594324 0.20815381133450747 0.031250547697298535 0.03564278008761437
1 0.44419700808752816 0.22787636404376702 0.02828996874999999 0.04918703160270881
2 0.467442390625 0.19460955981941305 0.004934296874999984 0.005702844243792318
1 0.468758203125 0.2559151354401806 0.03092159375 0.07271126410835217
1 0.3034047505762293 0.21100523702031604 0.02828996874999999 0.04372154058588284
1 0.32636304831199886 0.21082694873507554 0.02253322039508016 0.03501817230438501
1 0.44145509374999997 0.2053023927765237 0.020724046874999996 0.03421706546275394
1 0.41744151562500004 0.22312378103837469 0.03092159375 0.04633560948081263
1 0.52106175 0.22740091422121897 0.03552693750000001 0.056315586907449214
1 0.39803328125 0.20957952595936793 0.03092159375 0.05916700902934536
1 0.2697415625 0.22169806997742664 0.054935171874999966 0.07912696388261851
1 0.610865953125 0.22169806997742664 0.03157950000000002 0.02067281038374719
1 0.2381620625 0.21670808126410834 0.02598729687499999 0.041345620767494345
1 0.343098109375 0.2437965914221219 0.08783048437499996 0.06843413092550792
1 0.28553131249999997 0.193183848758465 0.013158124999999998 0.022098521444695277
