1 0.747710453125 0.2944093340857788 0.013816031249999956 0.017821388261851045
1 0.85988346875 0.30581502257336346 0.016118703125000047 0.01853424379232504
1 0.7845250042910317 0.316507855530474 0.04579027056382709 0.022811376975169273
1 0.73093384375 0.3222106997742663 0.04177704687499997 0.04205847629796837
1 0.6776434375 0.3300521106094808 0.025987296875000017 0.03421706546275397
1 0.6219133389077416 0.2941716619136641 0.011568122988940626 0.017821388261851045
1 0.4486262537169509 0.32292355530474043 0.05065878125 0.03492992099322797
1 0.6367520335954521 0.2944093340857788 0.021989251046205874 0.017985893342087413
1 0.6836303962164837 0.2894193239882915 0.008289620723580644 0.01183339325220146
1 0.57435215625 0.32221069977426636 0.09075451913773798 0.04918703160270878
1 0.6723802203931196 0.28728080254130545 0.007236968750000017 0.00855426636568846
1 0.7486973124999999 0.3300521106094808 0.04473762500000002 0.03421706546275397
1 0.20888523437499998 0.28870648984198644 0.021381953125000012 0.020672810383747155
1 0.05397180154894867 0.9095100513690849 0.10794360309789734 0.1809798972618302
2 0.597049921875 0.2901322009029345 0.008223828124999954 0.02494994356659142
1 0.113159875 0.2944093340857788 0.016118703125000005 0.017821388261851045
1 0.17293535699367205 0.2944093340857788 0.02539204846255195 0.022811376975169273
1 0.197042921875 0.2901322009029345 0.020724046874999996 0.01853424379232504
1 0.7135650904159063 0.3157474967650336 0.018574820345448256 0.020435140705925725
1 0.66645903125 0.28549863728178526 0.003289532894679326 0.005702844243792318
