1 0.51645640625 0.298686467268623 0.0006579062500000176 0.02138566591422125
1 0.463166 0.3051021670428894 0.014144984374999996 0.037781343115124176
1 0.5181011718749999 0.29939932279909703 0.008223828125000015 0.02138566591422125
1 0.4539553125 0.31294357787810384 0.026974156250000013 0.047048465011286664
1 0.60724746875 0.35143777652370206 0.06052737499999997 0.10122548532731379
1 0.497377125 0.29939932279909703 0.004934296874999984 0.017821388261851045
1 0.5243512812500001 0.30225074492099324 0.00625010937500002 0.02494994356659145
1 0.8723836874999998 0.3350420993227991 0.08158037499999994 0.06201843115124153
1 0.6245172290539962 0.3913576862302483 0.03733610321392812 0.11405689556755684
1 0.5286276718749999 0.3036764559819413 0.010526499999999987 0.028514221218961622
1 0.5796154062499999 0.3457349322799097 0.021052999999999975 0.07413697516930023
1 0.46086332812499997 0.30795358916478555 0.011513359374999983 0.042058476297968404
1 0.6842959882812499 0.7192030756207675 0.6314080234375 0.5615938487584651
1 0.424020578125 0.33290353273137685 0.04868506250000001 0.10122548532731374
1 0.470731921875 0.2972607562076749 0.011513359374999983 0.037781343115124176
1 0.481916328125 0.28870648984198644 0.00625010937500002 0.010692832957110609
1 0.67303809375 0.38066485327313765 0.10098860937500002 0.14470967268623028
2 0.560865078125 0.33432924379232515 0.02236881250000001 0.0819783860045147
1 0.72106525 0.42628760722347625 0.1368445 0.11762116252821672
1 0.20978985546874998 0.6479856772009028 0.41957971093749996 0.4141690632054175
1 0.526653953125 0.2972607562076749 0.014802890624999954 0.027088510158013532
1 0.5481452173972301 0.3096169662562673 0.026206626369175014 0.047048465011286664
1 0.901002609375 0.39777338600451456 0.17072667187499999 0.11334402934537242
1 0.47551445939401304 0.2972607562076749 0.004883687650903035 0.027856187063659943
1 0.50198246875 0.29939932279909703 0.011513359374999983 0.02138566591422125
1 0.459547515625 0.28870648984198644 0.012500218749999981 0.007841410835214465
1 0.36316425 0.3036764559819413 0.03618484375000002 0.05132559819413089
1 0.577970640625 0.3307649661399549 0.025658343750000038 0.05560273137697519
1 0.46645553125000006 0.2972607562076749 0.017434515625000025 0.036355632054176086
1 0.011348882812499999 0.474048927765237 0.022697765624999998 0.11049260722347631
1 0.47698203125 0.2944093340857788 0.00625010937500002 0.028514221218961622
1 0.53487778125 0.30652787810383747 0.011513359374999983 0.03350420993227991
1 0.49606114803495 0.284191761909172 0.028838234922670007 0.030652787810383737
1 0.03544469921875 0.4155947742663657 0.0708893984375 0.14470967268623022
1 0.3723749375 0.3899319751693002 0.08848839062499998 0.12973970654627542
1 0.352966703125 0.31722071106094807 0.016776609375000008 0.03350420993227991
1 0.468758203125 0.3036764559819413 0.004934296874999984 0.03350420993227988
