1 0.043092859374999994 0.22312378103837474 0.022039859375 0.013544255079006784
1 0.787842734375 0.2302523363431151 0.010197546874999948 0.017821388261851014
1 0.1089220402931776 0.2362698321879791 0.02768647874733654 0.04490989841986455
1 0.025987296875 0.23148461321496228 0.023355671874999998 0.0192470993227991
1 0.8408041875 0.23452946952595932 0.01578974999999995 0.017821388261851014
1 0.13048859204628047 0.23433603533685843 0.029605781249999998 0.027088510158013532
1 0.9658063749999999 0.24522230248306995 0.020724046874999996 0.023524232505643332
1 0.24554946073797562 0.2363778848337301 0.02894787500000001 0.0192470993227991
1 0.895739359375 0.24094516930022572 0.008881734375000032 0.0313656433408578
1 0.2665412930685122 0.2316780474040632 0.007655183693512205 0.00926712189616252
1 0.09778302522121492 0.23492767345536178 0.04128703481742986 0.04490989841986455
1 0.21743801562499998 0.23044577053221604 0.043092859375 0.03564277652370203
1 0.29187068369351216 0.2544894243792325 0.05880490494532926 0.10550261851015799
1 0.8230407187500001 0.28086507900677204 0.1381242737172246 0.08055267494356658
1 0.9513324375 0.24807372460496613 0.014473937500000034 0.02494994356659142
1 0.015789749999999998 0.24094516930022572 0.031579499999999996 0.037455355962851954
1 0.45239980869351215 0.28086507900677204 0.07885948818148782 0.14017822408835548
1 0.7779741685839187 0.24807372460496613 0.020888677211552912 0.04312760812323952
2 0.00899130232508236 0.21932187325887703 0.0032895312499999995 0.01021757270285562
1 0.9422138581697524 0.24949943566591418 0.03092159374999994 0.02494994356659142
1 0.18511134755648778 0.23044577053221604 0.07894874999999998 0.04490989841986455
1 0.06818255869351221 0.2366680361173815 0.06875120312500001 0.04918703160270881
1 0.23618834374999997 0.23310375846501127 0.029293364885207337 0.022098521444695245
2 0.151647390625 0.22312378103837469 0.0019737187499999937 0.005702844243792318
1 0.2571520819314878 0.2316780474040632 0.023355671874999977 0.0192470993227991
1 0.018077129957634146 0.27801365688487584 0.03615425991526829 0.06596957718181354
