1 0.8450805781249999 0.2487865801354402 0.013816031249999956 0.018534243792325072
1 0.7037403810305723 0.24094516930022572 0.012719498902861778 0.017108532731376986
1 0.60198421875 0.2423708803611738 0.022697765624999987 0.02551793177461009
1 0.7852111093749999 0.24094516930022572 0.015770405439165223 0.019205178829793595
1 0.96842925 0.2773008013544018 0.06314150000000004 0.07342411963882617
1 0.6793699527533492 0.24094516930022572 0.030304562314174652 0.027088510158013532
1 0.9932155586649855 0.23239090293453724 0.013568882670029108 0.009979977426636581
4 0.023191195312500003 0.5517501805869075 0.046382390625000006 0.24664801354401802
1 0.6954069062499999 0.24094516930022572 0.017271016368301535 0.0212085109633967
1 0.8710678749999999 0.26589511286681716 0.037513948865847864 0.043484187358916494
1 0.7469585482733245 0.25021229119638827 0.02702115555083774 0.02505179306727824
1 0.9240293281249999 0.25734084650112865 0.023355671874999945 0.02423708803611739
1 0.7687501605091521 0.2366680361173815 0.021039707384152114 0.011348077150275788
1 0.6486955625 0.23524232505643342 0.0226185706689229 0.0313656433408578
1 0.634221625 0.24094516930022572 0.024013578125000025 0.022811376975169304
1 0.729289078125 0.23524232505643342 0.013184710231695599 0.009979977426636581
1 0.692117375 0.23096519187358916 0.021039830790568932 0.017165609214690108
1 0.8717257812499999 0.2559151354401806 0.062145975311772024 0.046222206768854114
1 0.7250127045645607 0.2514597791298091 0.02014841730151152 0.019781731725745915
1 0.7147742658108255 0.2437965914221219 0.02109387481417464 0.0212085109633967
1 0.7697503124999999 0.2587665575620767 0.04111914062500001 0.03561397085504759
1 0.9485103753277638 0.2744493792325056 0.07927770312499997 0.07003994399275842
1 0.9296214917735722 0.24344031336433106 0.021710965464641654 0.015682992764653098
1 0.8131721249999999 0.2644694018058691 0.022697765624999987 0.042058476297968404
1 0.759602380146051 0.7813077409166671 0.4807952397078981 0.4373845181666657
