1 0.33413413671875 0.7007369864559819 0.6682682734375 0.597372934537246
1 0.39869118749999993 0.48331604966139957 0.23750415625 0.22811376975169304
1 0.64935346875 0.34716064334085783 0.013487078124999977 0.017108532731376986
1 0.7414603437499999 0.35001206546275393 0.03750065625 0.04134562076749438
1 0.405599203125 0.3649820316027088 0.04375076562500002 0.01853424379232504
1 0.02960578125 0.4098919300225734 0.057237843749999996 0.04134562076749438
2 0.1934244375 0.35357634311512415 0.008223828125000015 0.027088510158013567
1 0.794421796875 0.37282344243792326 0.03125054687500004 0.05488987584650113
1 0.42732306043880447 0.3655377223836101 0.02863187293880447 0.035030954721345896
1 0.37237493750000006 0.3713977313769751 0.05296145312500003 0.02423708803611739
1 0.7618554375 0.35001206546275393 0.007894874999999975 0.00926712189616252
1 0.32171615625000005 0.37424915349887133 0.026974156250000013 0.03492992099322797
1 0.6756695378085918 0.3471606433408577 0.011677700231443803 0.01853424379232504
1 0.37215567195434746 0.3588040295173218 0.013487078124999977 0.011643148640299817
1 0.12496125360095288 0.34716064334085783 0.24992250720190576 0.17963952535155286
