2 0.9148186406249998 0.46478180586907447 0.03651379687499994 0.22668805869074485
2 0.9556088281249999 0.41702048532731373 0.026316249999999996 0.1782138826185102
2 0.505600953125 0.4006248081264108 0.02203985937499997 0.09267121896162527
2 0.75856590625 0.4348418735891648 0.008223828124999954 0.054177020316027065
2 0.532575109375 0.3984862415349887 0.03190845312499994 0.19959954853273135
2 0.563496703125 0.47690034988713315 0.05032982812500002 0.24165802483069979
1 0.9437577656249999 0.3984862415349887 0.11248446875000001 0.09480978555304738
2 0.74409196875 0.46478180586907447 0.037171703125000025 0.16823390519187362
2 0.6391559218749999 0.42842617381489845 0.025000437499999962 0.1710853273137698
2 0.54014103125 0.4106047855530474 0.018092421875000042 0.06772127539503388
2 0.7075781718749999 0.3749620090293454 0.011842312499999962 0.0627312866817156
2 0.5829049374999999 0.46478180586907447 0.025000437499999962 0.18320387133182842
2 0.720736296875 0.3984862415349887 0.01644765625000003 0.10051262979683974
2 0.810759764069198 0.3984862415349887 0.02807070468080172 0.11690830699774266
2 0.3942503209806837 0.3599920428893905 0.013816031250000017 0.06772127539503388
2 0.860870328125 0.4647818058690744 0.04572448437499996 0.22312378103837469
2 0.57040471875 0.4006248081264108 0.031908453125 0.18748100451467264
2 0.845738484375 0.3721105869074492 0.022697765624999987 0.08411695259593681
2 0.6658010544010011 0.4359385469453451 0.04149869045828218 0.22953946381363458
2 0.359545765625 0.3656948871331829 0.019408234375000017 0.07199840857787812
