1 0.6838934498352837 0.2245494920993228 0.08651467187499999 0.09195836343115124
1 0.118752078125 0.211005237020316 0.05493517187500001 0.06843413092550787
1 0.107896625 0.17251103837471782 0.006250109375000005 0.00427713318284423
1 0.9595854702073048 0.24741573094333952 0.08082905958539044 0.17075633048295638
1 0.40000699999999995 0.1725110383747178 0.004276390625000026 0.005702844243792318
1 0.8946615117187501 0.33290353273137696 0.21067697656249998 0.14481156025413425
1 0.227964515625 0.2053023927765237 0.0032895312499999995 0.03421706546275394
1 0.7618554375 0.23134905057324984 0.15007857439968564 0.10462535175541275
1 0.30000525 0.18890671557562078 0.025329390625 0.03421706546275394
1 0.32336092187500004 0.1725110383747178 0.01842137500000002 0.03421706546275394
1 0.42336267187499993 0.17251103837471782 0.004934296874999984 0.00926712189616252
1 0.40362548437499995 0.17536246049661397 0.00953964062499999 0.017821388261851014
