1 0.35257976571733474 0.2913901893413844 0.006695158002760475 0.00855426636568846
1 0.14745861040866218 0.29155791196388264 0.036513796875000004 0.031365643340857764
1 0.34688528829177706 0.30438931151241533 0.046053437499999995 0.19746098194130923
1 0.21953502998962812 0.32933925507900674 0.026316257607045774 0.03377151221081392
1 0.0037829609375 0.35927918735891645 0.007565921875 0.05916700902934536
1 0.32928207812500004 0.28870648984198644 0.011842312500000023 0.007128555304740438
1 0.18355584374999998 0.332190677200903 0.029934734375000004 0.0313656433408578
1 0.152963203125 0.34359636568848756 0.03388217187499999 0.04205847629796837
1 0.32368987730266957 0.30353388287985295 0.0165463401150974 0.01953224053699195
1 0.374677609375 0.2901322009029345 0.005921156249999981 0.00855426636568846
1 0.27714299063389414 0.3179335697596584 0.02039509740502255 0.027801367272605734
1 0.048027156249999994 0.6688010553957675 0.09506745312499999 0.4954345895607365
1 0.150989484375 0.3086664446952596 0.038487515624999996 0.025662799097065446
1 0.3501705916939063 0.29583504514672687 0.010197553454062517 0.01853424379232504
1 0.37007226562499995 0.29155791196388264 0.009868593750000028 0.017108532731376955
1 0.210201046875 0.3642691765177698 0.079277703125 0.09071086636420543
1 0.5586500166586621 0.7584782844243793 0.88225228125 0.4769003498871331
1 0.2967930840174828 0.31000829444495853 0.017879580119939162 0.025662799097065446
1 0.9303858222341209 0.5287011878473947 0.13922835553175794 0.0986592111838177
1 0.3326538440583028 0.30153788939051923 0.010855467516789178 0.01853424379232504
1 0.0868955401817305 0.35155033897903026 0.04726537531445706 0.05196342009170712
1 0.2571492273116518 0.32067093497641996 0.02288198034344031 0.036754833249893266
1 0.13108792341507208 0.33646781038374723 0.03717163034671384 0.053464164785553075
1 0.29803153125000004 0.30153788939051923 0.045031953840346736 0.1941593381963661
1 0.11603284271633782 0.2972607562076749 0.017434515624999994 0.02138566591422125
1 0.20739420105767567 0.28870648984198644 0.016118703124999988 0.01853424379232504
1 0.097041171875 0.34359636568848756 0.029934734375000004 0.04490989841986455
1 0.057895749999999996 0.34359636568848756 0.02993473437499999 0.050612742663656896
1 0.146384140625 0.40418908577878104 0.06381690625 0.09766120767494356
1 0.311518609375 0.28870648984198644 0.012500218749999981 0.012831399548532723
1 0.210201046875 0.3193592776523702 0.01940823437499999 0.029939932279909678
1 0.3819968128083027 0.290310406988647 0.008552781249999994 0.017108532731376955
1 0.030519502405407316 0.3597544354681333 0.054313819383599325 0.06629556433408576
1 0.24342531250000002 0.2901322009029345 0.022039859375 0.01853424379232504
