1 0.6184318750000001 0.39420910835214446 0.04671134375000001 0.06415699774266365
1 0.689814703125 0.420584762979684 0.069409109375 0.07199840857787812
1 0.40000699999999995 0.4006248081264108 0.057237843749999996 0.06558270880361171
1 0.57172053125 0.4034762302483071 0.049342968749999966 0.04562275395033861
1 0.3250056875 0.4034762302483071 0.057237843749999996 0.04562275395033861
1 0.7355391875 0.4327033069977427 0.07631712500000004 0.07983981941309258
1 0.5914577187499999 0.38066485327313765 0.021052999999999975 0.01354425507900675
1 0.069409109375 0.4020505191873589 0.04934296875000001 0.030652787810383737
1 0.02434253125 0.420584762979684 0.0486850625 0.06415699774266365
1 0.15987121875000004 0.4113176410835214 0.02467148437500001 0.056315586907449186
1 0.09539640624999998 0.40205051918735896 0.03125054687499999 0.017108532731376986
1 0.327308359375 0.39135768623024836 0.05657993749999998 0.02922707674943568
1 0.04111914062500001 0.420584762979684 0.053619359375 0.056315586907449186
1 0.23684625 0.4369804401805869 0.10592290625 0.06914698645598194
1 0.06513271875 0.4155947742663657 0.04111914062500001 0.0384941986455982
1 0.1618449375 0.38066485327313765 0.031908453125 0.01354425507900675
1 0.11940998437499999 0.4141690632054175 0.06940910937499999 0.056315586907449186
1 0.78093471875 0.37139773137697507 0.025987296875000017 0.01354425507900675
1 0.63751115625 0.40205051918735896 0.07006701562499996 0.06558270880361176
1 0.17302934374999998 0.403476230248307 0.02598729687499999 0.04918703160270878
1 0.187832234375 0.4034762302483071 0.02598729687499999 0.04562275395033861
2 0.243096359375 0.39492196388261847 0.003947437499999987 0.017821388261851045
1 0.4302706875 0.38351627539503386 0.017105562499999987 0.02423708803611739
