1 0.784553203125 0.34644778781038377 0.15987121874999996 0.17393674943566587
1 0.4315865 0.21884664785553046 0.015131843749999992 0.05346416478555304
1 0.645077078125 0.23025233634311515 0.03157950000000002 0.04918703160270881
1 0.3766513281249999 0.21385665914221222 0.027303109374999992 0.02993993227990971
1 0.37073017187499996 0.24522230248306995 0.05427726562500001 0.07912696388261851
1 0.61908978125 0.2188466478555305 0.05559307812500004 0.056315586907449214
1 0.2130463202147246 0.2715984847045998 0.09375204639607242 0.13069029783001643
2 0.7946146082323902 0.23780869165769483 0.008618451861378655 0.06643787536551589
1 0.6684327499999999 0.24807372460496613 0.034211124999999974 0.08197838600451467
1 0.315795 0.2794393679458239 0.08388304687500003 0.11120546275395038
1 0.7233679218749999 0.2437965914221219 0.10789662500000005 0.09552264108352145
1 0.39408584375 0.19888669300225728 0.021381953125000012 0.022098521444695245
1 0.264149359375 0.20957952595936793 0.02269776562500002 0.022098521444695277
1 0.450336828125 0.20957952595936793 0.021381953125000012 0.04490989841986455
1 0.15855540625 0.20957952595936793 0.036513796875000004 0.04633560948081263
1 0.197042921875 0.19888669300225728 0.018421374999999993 0.017821388261851014
1 0.343098109375 0.2053023927765237 0.021381953125000012 0.056315586907449214
1 0.341124390625 0.20957952595936793 0.020066140624999975 0.03706848758465012
1 0.2565834375 0.19460955981941305 0.027303109374999992 0.04633560948081263
1 0.07565921875 0.21670808126410834 0.06513271875 0.07912696388261851
1 0.6506692812499999 0.2331037584650113 0.017105562499999987 0.06700841986455983
1 0.4092176875 0.22312378103837474 0.03157950000000002 0.056315586907449214
1 0.10098860937500002 0.21100523702031598 0.022697765625 0.041345620767494345
1 0.2723731875 0.23310375846501133 0.05822470312499999 0.06130557562076751
1 0.16546342187500002 0.19460955981941305 0.02828996874999999 0.03421706546275394
