1 0.9924515781249998 0.3001121783295711 0.013158124999999998 0.056315586907449214
1 0.598365734375 0.22740091422121894 0.025987296875000017 0.04490989841986455
1 0.881265421875 0.24949943566591423 0.0618431875 0.057741297968397304
1 0.5855365625 0.23452946952595932 0.023355671874999945 0.04633560948081263
1 0.2407936875 0.20957952595936793 0.020724046874999996 0.02494994356659142
1 0.704288640625 0.26732082392776524 0.03289531250000006 0.0805526749435666
1 0.8161327031249999 0.22597520316027087 0.07763293749999996 0.07912696388261849
1 0.6655480803194496 0.2822907900677201 0.07501396597395633 0.13253628742664508
1 0.5003377031249999 0.21045080166282726 0.02152816174298433 0.02067281038374719
1 0.968438 0.2644694018058691 0.04736924999999997 0.08197838600451467
1 0.7605396249999998 0.2944093340857788 0.08210667473862295 0.11120546275395031
1 0.3766513281249999 0.22169806997742664 0.027303109374999992 0.041345620767494345
1 0.62040559375 0.2644694018058691 0.049342968749999966 0.09195836343115127
1 0.9848856562499999 0.2601922686230248 0.02828996874999999 0.07912696388261851
1 0.5332330156249999 0.21100523702031604 0.01907928124999998 0.03279135440180588
1 0.2407936875 0.2053023927765237 0.021381953125000012 0.017821388261851014
1 0.46382390625 0.2310777400321908 0.03092159375 0.04753622422455738
2 0.4371787162824671 0.19888669300225734 0.006908015624999978 0.014494748128169201
2 0.4594816828897889 0.2038766817155756 0.006776455430105521 0.016395677200902927
1 0.5016535156249999 0.2559151354401806 0.046053437499999995 0.07128555304740408
1 0.3202687556576928 0.21670808126410834 0.02809258661153932 0.04633560948081263
1 0.18934545506711498 0.19888669300225736 0.04736915920721243 0.03279135440180588
1 0.34046648437499993 0.21670808126410834 0.022527200523795383 0.03706848758465012
1 0.433889171875 0.22476884441080303 0.02828996874999999 0.04490989841986455
1 0.5368514999999999 0.22882662528216705 0.029605781250000025 0.05488987584650113
1 0.32837745703125 0.8048138939051919 0.6567549140625 0.38636769751693
1 0.41250721875 0.21100523702031604 0.03157950000000002 0.06130557562076751
1 0.28947875 0.22312378103837474 0.05427726562500001 0.07271126410835214
1 0.6329058124999999 0.2316780474040632 0.02828996874999999 0.04490989841986455
1 0.25329390625 0.21670808126410834 0.02828996874999999 0.032791354401805854
2 0.48356103946757756 0.20138127564573483 0.0026316250000000116 0.00819742688726986
1 0.22105649999999996 0.23809374717832954 0.090462109375 0.06700841986455983
