1 0.85988346875 0.30581502257336346 0.01596389841039508 0.01853424379232504
1 0.7158636197049707 0.2926271703096501 0.005345494037929654 0.010024521541062386
1 0.6986964375 0.29155791196388264 0.008223828124999954 0.00570284424379235
1 0.7801115462367808 0.31650785553047406 0.04111914062500001 0.02494994356659145
1 0.73093384375 0.32292355530474043 0.04144809155697307 0.04490989841986455
1 0.6771416428808633 0.3300521106094808 0.025987296875000017 0.03421706546275397
1 0.622050359375 0.2944093340857788 0.011842312499999962 0.017821388261851045
1 0.44803415625 0.32292355530474043 0.05065878125 0.03492992099322797
1 0.63683497388217 0.2944093340857788 0.02171090625000005 0.017821388261851045
1 0.7733687968749999 0.2944093340857788 0.010526500000000046 0.0156828216704289
1 0.5750100625 0.32221069977426636 0.09046210937499997 0.04918703160270878
1 0.6852093593749999 0.28656792325056435 0.008223828124999954 0.010692832957110609
1 0.7486973124999998 0.3300521106094808 0.04385543860462337 0.03421706546275397
1 0.20987209375 0.28938334335195387 0.021381953125000012 0.021349663893714656
1 0.054390339631594745 0.9091846440692628 0.10878067926318949 0.18163071186147417
2 0.7973359036294034 0.31426755078697177 0.014473937500000034 0.02953263543863258
1 0.113159875 0.2944093340857788 0.015131843749999992 0.017821388261851045
1 0.17204248437499997 0.29428536337938477 0.02598729687499999 0.022811376975169273
1 0.19663173492318622 0.2901322009029345 0.020724046874999996 0.01906887964840796
1 0.7129744046797556 0.315506820558543 0.017637493719022502 0.02003579625022147
1 0.7556053281249999 0.2944093340857788 0.00953964062499999 0.016395677200902927
