1 0.8611992812500001 0.33432924379232515 0.08421200000000001 0.06772127539503388
1 0.689814703125 0.34003208803611734 0.08881734374999996 0.10122548532731379
1 0.9618589375 0.28371650112866814 0.020724046874999996 0.017108532731376955
1 0.9352373494768206 0.29797361173814896 0.020724046874999996 0.02423708803611739
1 0.9824919960937499 0.6208971670428893 0.03501600781249993 0.20709209883031307
1 0.96251684375 0.3022507449209932 0.04144809374999999 0.04348418735891646
1 0.6384747583218974 0.32587577657326644 0.03388217187499999 0.04918703160270878
1 0.05126271031472689 0.34000284531723346 0.0545522415647269 0.0925542480860899
2 0.9582404531250002 0.5161074040632054 0.05427726562500001 0.2986864672686231
2 0.9664642812500001 0.4476732731376975 0.03157950000000002 0.09979977426636567
1 0.9616239919277897 0.44286154820938006 0.07675201614442066 0.17571878845708652
