1 0.35025283984375005 0.8173989249435666 0.7005056796875001 0.36520215011286683
1 0.195069203125 0.1874810045146727 0.038487515624999996 0.042771331828442435
2 0.20131931249999999 0.17037247178329573 0.006579062499999999 0.0156828216704289
1 0.12072579687500001 0.19888669300225734 0.050658781250000014 0.05275130925507901
1 0.2287868375829975 0.24308376440501367 0.05740229893118833 0.10265119638826185
1 0.166121328125 0.20601524830699772 0.05855365625 0.06700841986455983
1 0.15131843750000004 0.18177816027088037 0.03585589062500002 0.03207849887133182
2 0.23783310937499996 0.1810653047404063 0.005263249999999994 0.019959954853273128
1 0.9185928515625 0.9943653103837472 0.16281429687500004 0.011269379232505702
1 0.08552781250000001 0.2031638261851016 0.045066578125 0.057028442437923245
1 0.254280765625 0.19603527088036118 0.0059211562500000115 0.014257110609480811
1 0.043750765625 0.2031638261851016 0.08552781250000001 0.0627312866817156
1 0.08486990625000002 0.3115178668171557 0.14112089062500002 0.14613538374717835
