1 0.33364705352478513 0.7007369864559821 0.6672941070495703 0.595947223476298
1 0.6431033593750001 0.34716064334085783 0.007894874999999975 0.01496996613995487
1 0.6720512343749999 0.34716064334085783 0.012171265624999943 0.017108532731376986
1 0.6911305156249999 0.35286348758465 0.025987296875000017 0.04419704288939049
1 0.40790187499999997 0.3792391422121897 0.04710607107848919 0.04134562076749438
1 0.02921105131616941 0.4098919300225734 0.05710629013233882 0.04134562076749438
2 0.19408234375 0.352150632054176 0.007565921874999996 0.029939932279909678
1 0.72567059375 0.3607048984198646 0.01907928124999998 0.0384941986455982
1 0.42755099507963656 0.3659081804906057 0.02885980757963657 0.03367260832902794
1 0.652314046875 0.34716064334085783 0.00921068750000001 0.017108532731376986
1 0.6388269687499999 0.34359636568848756 0.008552781250000053 0.01354425507900675
1 0.38092771875 0.38494198645598204 0.07138282812499999 0.05159289139463066
1 0.6806040156250002 0.3471606433408577 0.008552781250000053 0.022811376975169273
1 0.27566271875 0.37424915349887133 0.04605343750000002 0.04918703160270878
1 0.70593340625 0.34359636568848756 0.011184406250000004 0.017108532731376986
1 0.4222662145290129 0.37377389556829366 0.030702209648343626 0.029702334680013313
1 0.6613270488178283 0.34887166655467544 0.009342151119185616 0.01496996613995487
1 0.3720458955789673 0.3585665242532537 0.01595489253274529 0.012831976822966558
1 0.1274693359375 0.3471606433408577 0.254938671875 0.18035244920993232
