1 0.8523175468749999 0.37068487584650117 0.043092859375 0.03492992099322797
1 0.31086070312499997 0.3749620090293454 0.029934734375000004 0.04633560948081267
1 0.26447647031951577 0.35785279194069086 0.015624036544889168 0.011404776011214514
1 0.685209359375 0.36498203160270876 0.016118703125000047 0.021385665914221218
1 0.69803853125 0.3621306094808126 0.013158124999999998 0.029939932279909678
1 0.93225315625 0.385654841986456 0.055922031250000025 0.06772127539503388
1 0.8934366874999999 0.36640774266365683 0.030592640624999962 0.040632765237020314
1 0.98989344140625 0.3927833972911964 0.020213117187500036 0.07484983069977423
1 0.322703015625 0.36925916478555304 0.025329390625 0.028514221218961622
1 0.7308241590864968 0.3673580709843653 0.00899151990401279 0.029464768119555448
1 0.6773144843749999 0.3621306094808126 0.017434515624999966 0.028514221218961622
1 0.5674441406249999 0.3842291309255079 0.03782960937499998 0.03492992099322797
1 0.884226 0.34359636568848756 0.055922031250000025 0.043484187358916494
1 0.4684292499999999 0.32363641083521444 0.11973893749999996 0.1611053498871332
1 0.83619884375 0.34644778781038377 0.018750328125 0.01853424379232504
2 0.9815961249999999 0.36141775395033865 0.006908015625000038 0.0313656433408578
1 0.231583 0.37852628668171556 0.08717257812500004 0.0634441422121896
1 0.90337876953125 0.9036544441309255 0.1932424609375 0.19269111173814887
1 0.7776451874999999 0.37068487584650106 0.013816031249999956 0.021385665914221218
1 0.8220891817042365 0.37179414239404474 0.024160788242948428 0.046970209258249594
1 0.81777746875 0.4947217381489841 0.254938671875 0.21884664785553046
2 0.544417421875 0.37781343115124155 0.010855453125000025 0.039919909706546255
2 0.012500218750000002 0.48474176072234765 0.021381953125000006 0.09195836343115121
