1 0.3337356064165438 0.7007369864559821 0.6674712128330876 0.595947223476298
1 0.6419192548400247 0.34716064334085783 0.008947412364422529 0.01496996613995487
1 0.671393328125 0.34716064334085783 0.012171265624999943 0.017108532731376986
1 0.69540690625 0.35642776523702024 0.025987296875000017 0.04419704288939049
1 0.407901875 0.3792391422121897 0.047000818141983675 0.04134562076749438
1 0.02934261743417434 0.4098919300225734 0.057369422368348674 0.04134562076749438
2 0.195069203125 0.352150632054176 0.008223828125000015 0.028514221218961622
1 0.729289078125 0.3607048984198646 0.02532939062500006 0.0384941986455982
1 0.42753027621638856 0.3658745064916473 0.028839088716388576 0.03379607965854207
1 0.6503403281250002 0.34716064334085783 0.008552781250000053 0.01496996613995487
1 0.63751115625 0.34716064334085767 0.006908015625000038 0.01354425507900675
1 0.38092771875 0.38494198645598193 0.07138282812499999 0.051414698006813614
1 0.682577734375 0.3471606433408577 0.008552781250000053 0.019959954853273162
1 0.27474174855613026 0.37367893009602393 0.05000045261658457 0.04918703160270878
1 0.70593340625 0.34359636568848756 0.004934296875000044 0.01496996613995487
1 0.42274861494506993 0.3735838260425746 0.029956681732619058 0.029892404205732522
1 0.6592220625 0.35001206546275393 0.008552781250000053 0.01496996613995487
1 0.37138809457545285 0.35856636747727927 0.018092438325452834 0.01496996613995487
1 0.1274693359375 0.3471606433408577 0.254938671875 0.17464960496613996
