1 0.25263599999999997 0.32862639954853273 0.024013578124999994 0.028514221218961622
1 0.14013403125 0.3599920428893905 0.04539553124999999 0.050612742663656896
1 0.12960753125 0.32292355530474043 0.02467148437500001 0.017821388261851045
1 0.9741036914062501 0.37353629796839727 0.051792617187500056 0.022098521444695277
1 0.43586289062499994 0.32862639954853273 0.06315899999999998 0.05488987584650113
1 0.2223723125 0.31365643340857785 0.030263687499999983 0.023524232505643332
1 0.28553131249999997 0.3214978442437923 0.020066140624999975 0.03421706546275397
1 0.231911953125 0.3478734988713318 0.04736925 0.057741297968397304
1 0.17171353125 0.3257749774266365 0.022039859375 0.027088510158013567
1 0.20724046875 0.36284346501128667 0.07138282812499999 0.05488987584650113
1 0.12269951562499999 0.3478734988713318 0.03223740625000001 0.02494994356659145
1 0.20099035937499998 0.3179335665914221 0.008223828125000015 0.00926712189616252
1 0.14835785937499998 0.350724920993228 0.04111914062500001 0.05488987584650113
1 0.372045984375 0.316507855530474 0.01907928124999998 0.022098521444695277
1 0.5107573792998112 0.3236361613316204 0.02785142854750706 0.04538519088542373
1 0.38092771875 0.35714062076749425 0.10855453125000002 0.06415699774266365
1 0.197042921875 0.3357549548532731 0.039803328125 0.03564277652370203
1 0.5861944687499999 0.3193592776523702 0.017763468749999945 0.0313656433408578
1 0.28553131249999997 0.3214978442437923 0.020066140624999975 0.03421706546275397
1 0.11447568749999999 0.3257749774266365 0.012500218749999995 0.02494994356659145
1 0.55198334375 0.3257749774266365 0.022697765624999987 0.04776132054176072
1 0.30132106249999996 0.33005211060948086 0.022697765624999987 0.0313656433408578
1 0.324018828125 0.3257749774266365 0.022697765624999987 0.029939932279909678
1 0.1276338125 0.3628434650112867 0.03980332812499999 0.057741297968397304
