2 0.8127607763252255 0.3984862415349887 0.019408234374999958 0.13615540632054177
2 0.450336828125 0.3984862415349887 0.010526499999999987 0.0627312866817156
2 0.720078390625 0.3699720203160271 0.01644765625000003 0.04918703160270878
2 0.7013280625 0.46478180586907447 0.05032982812500002 0.3058150225733635
2 0.27756291530257576 0.42446577140978464 0.03454007812499998 0.18138203551813672
2 0.09671221875 0.33290353273137696 0.009539640625000005 0.04918703160270878
1 0.9437665156249999 0.3984862415349887 0.11118615624999997 0.0891069413092551
2 0.589155046875 0.3984862415349887 0.026316249999999996 0.15611536117381486
2 0.5144826874999999 0.403476230248307 0.02894787500000001 0.1304525620767494
2 0.8486990624999999 0.41987190744921 0.022697765624999987 0.11263117381489843
2 0.505600953125 0.3763877200902934 0.00953964062499999 0.07484983069977423
2 0.075988171875 0.32648783295711054 0.005592203125000002 0.025662799097065446
2 0.439152421875 0.4255747516930022 0.02500043750000002 0.13758111738148981
2 0.09280962238663595 0.32648783295711065 0.004440869430341824 0.03920705417607226
2 0.6576868861492564 0.3875558312531438 0.01578974999999995 0.09267121896162527
2 0.881594375 0.403476230248307 0.031908453125 0.13615540632054177
2 0.3950727014802402 0.3599920428893905 0.013816031250000017 0.0698598312936612
2 0.6085632812499999 0.38565484198645594 0.01644765625000003 0.07484983069977429
2 0.5326409111841827 0.37154056908570626 0.007565921875000056 0.04683420844818994
2 0.7659675859193376 0.4669205756050241 0.062829515666168 0.2990435383248637
2 0.7406378828185541 0.39955542325843607 0.022532992210505635 0.12225496047824666
2 0.539483125 0.38565484198645594 0.02894787500000001 0.16823390519187362
2 0.03750065625 0.3557149097065463 0.019408234374999996 0.07199840857787812
