1 0.8450805781249999 0.2487865801354402 0.014065581747916885 0.018534243792325072
2 0.6335637187500001 0.24949943566591426 0.005592203125000002 0.02067281038374719
1 0.7039596874999998 0.24094516930022572 0.013816031249999956 0.017183589862492327
1 0.60198421875 0.24237088036117382 0.022697765624999987 0.024343823896117556
1 0.7852111093749999 0.24094516930022572 0.014981467893448652 0.01853424379232504
1 0.96842925 0.2773008013544018 0.06314150000000004 0.07342411963882617
1 0.6787704434885 0.24094516930022572 0.030004807681750022 0.027088510158013532
1 0.9933899850951597 0.23239090293453724 0.01322002980968063 0.009979977426636581
1 0.69540690625 0.24094516930022572 0.01847003489799969 0.02250767325291163
1 0.8710678749999999 0.26589511286681716 0.03776979946519153 0.043484187358916494
1 0.747052546875 0.24878658013544017 0.026964755779367522 0.023544603728684336
1 0.9240293281249999 0.25734084650112865 0.024013578125000025 0.02423708803611739
1 0.7684943099098085 0.2366680361173815 0.020783856784808562 0.01023919870616785
1 0.6486955625 0.23524232505643342 0.022149510944617153 0.0313656433408578
1 0.634221625 0.24094516930022572 0.023355671874999945 0.02423708803611739
1 0.729289078125 0.23524232505643342 0.013696411430382938 0.009979977426636581
1 0.6934331875 0.22940984927160193 0.020724046874999996 0.013479439308487176
1 0.8717257812500001 0.2559151354401806 0.06243380753222508 0.047469696302194477
1 0.727973265625 0.25021229119638827 0.023975985184642567 0.01853424379232504
1 0.71507402044325 0.2437965914221219 0.02079412018175013 0.02250767325291163
1 0.7697503124999999 0.2587665575620767 0.04111914062500001 0.03505953163299365
1 0.9498434924597378 0.2744493792325056 0.07927770312499997 0.07177329719369975
1 0.9283057187499999 0.24498951884153744 0.019273975816498635 0.01606107733923151
1 0.8131721249999999 0.2644694018058691 0.022697765624999987 0.042058476297968404
