1 0.004769820312500001 0.22740091422121894 0.009539640625000002 0.040632765237020314
1 0.18355584374999995 0.25662799097065464 0.06743539062499998 0.07484983069977429
1 0.235859518922706 0.2266880800774089 0.051974593750000006 0.05203845372460495
1 0.15927913891703277 0.21000727805908742 0.018750328125 0.02922707674943565
1 0.3390410445917322 0.24070755475048838 0.03322427110770742 0.05916702091060751
1 0.8546202187499999 0.33290353273137685 0.14276565624999998 0.14613538374717827
1 0.3041406071406696 0.20499689548412908 0.06470976961897712 0.04735393378879473
1 0.053948312500000005 0.31722071106094807 0.09276478125000001 0.10265119638826181
1 0.6086463789900459 0.3656947516797957 0.07533076567375391 0.14613538374717827
1 0.5569179728734706 0.2752810140181968 0.04407971875000006 0.06831517167111935
1 0.018421375 0.4469604176072235 0.03684275 0.1211854401805869
1 0.4496789218749999 0.263756546275395 0.046053437499999995 0.09267121896162527
1 0.26842593587369534 0.20744095936794582 0.025987296875000017 0.020672944649170414
1 0.9286259218749999 0.4098919300225733 0.14274815625 0.07057269751692999
1 0.408888734375 0.3607048984198646 0.060856328125000005 0.13615540632054177
1 0.2274716125796367 0.33242838522134305 0.08421199999999998 0.13175975479103555
1 0.6931044712323033 0.27444948616582543 0.09046207976783703 0.07663215131260302
1 0.24539903124999998 0.3485863544018059 0.04144809374999999 0.11690830699774266
1 0.040570888340830905 0.21124286186726338 0.035197984375 0.034929920993227996
1 0.445073578125 0.2060152483069977 0.027961015625000012 0.012831399548532723
1 0.9673108776035625 0.2462202614442986 0.06537824479287503 0.16324372257138006
1 0.42829696874999995 0.3243492663656884 0.07730398437500004 0.14613538374717827
1 0.39171006919052814 0.18328308243042385 0.008516226069853932 0.01552441056245922
1 0.8029746866845974 0.2430837786649758 0.08750147203567415 0.08554270643021279
1 0.633892671875 0.2666079683972912 0.04605343750000005 0.06486985327313771
1 0.023520148437499996 0.6337285665914222 0.04704029687499999 0.30367645598194126
1 0.01077321484375 0.2951221896162528 0.0215464296875 0.09552264108352145
1 0.6875121711700461 0.23367396570796556 0.05500097267600334 0.0409177861641135
1 0.5961865987487969 0.33129964053645344 0.06447483264951236 0.11120546275395031
1 0.3322813410460098 0.2002285485487974 0.019214722155673176 0.012831399548532723
1 0.1414498661195507 0.21228839151790205 0.028618921875000015 0.028941939384823638
1 0.1934244375 0.21314380361173815 0.027303109374999992 0.0156828216704289
1 0.10559397991187186 0.19695178836272295 0.032566359375 0.022811376975169304
1 0.221385453125 0.19532241534988712 0.018750328125 0.02423708803611739
1 0.114804640625 0.2637565462753951 0.06546167187499999 0.059167009029345394
1 0.8529755419464887 0.2352423464430974 0.05427725575594569 0.05774125519506938
1 0.937187453125 0.2131438036117381 0.006579062500000058 0.019959954853273128
1 0.91514759375 0.3300521106094808 0.04736924999999997 0.08696837471783299
1 0.7306048906249999 0.4890188939051918 0.22895137499999998 0.4148819187358916
1 0.2996762968749999 0.47191036117381485 0.21743801562499995 0.39064483069977424
1 0.07072492626124637 0.19841147657650662 0.023574971034169088 0.023524246763419306
1 0.314808140625 0.2566279909706546 0.06743539062500001 0.06486985327313767
1 0.156910640625 0.32862639954853273 0.09276478124999997 0.13615540632054177
1 0.39836236859512286 0.2445094469525959 0.03125054687499998 0.03207849887133182
1 0.27566271875 0.2445094469525959 0.05394831249999997 0.06772127539503385
1 0.837185703125 0.7000241309255079 0.3223740625 0.5959472234762978
1 0.12335742563455021 0.2133474731288279 0.05488817749727137 0.05346416478555304
1 0.6135388106066316 0.26090512415349887 0.018585881786768493 0.03831597384676534
1 0.38092771875 0.27801365688487584 0.04736925000000003 0.07199840857787812
1 0.05000087500000001 0.26090512415349887 0.07533026562500002 0.07057269751692999
1 0.08460681480600668 0.22198323500167758 0.05355353716955259 0.042343584292066014
1 0.07533026562499998 0.3592791873589164 0.10954139062499998 0.14613538374717827
1 0.015131852796821598 0.21528235059830986 0.025987333062286393 0.05774129796839727
1 0.15822649260075664 0.23452942675313043 0.046053437499999995 0.046335566707983764
