1 0.8611992812500001 0.33432924379232515 0.08421200000000001 0.06772127539503388
1 0.689814703125 0.34003208803611734 0.08881734374999996 0.10122548532731379
2 0.9572955681481754 0.30223782317185305 0.008881734375000032 0.04490989841986455
1 0.9357974163690791 0.29797361173814896 0.020724046874999996 0.02423708803611739
1 0.9818342460902346 0.6141254458147858 0.036331507819530984 0.19247153497652414
1 0.96251684375 0.3022507449209932 0.04144809374999999 0.04348418735891646
1 0.6379231771527827 0.3282663766741695 0.03388217187499999 0.04918703160270878
1 0.04902244504340882 0.338789157585594 0.05231197629340882 0.08769949715953153
2 0.849028015625 0.33290353273137696 0.006908015625000038 0.06700841986455983
1 0.9613535943211426 0.4447944293299948 0.07729281135771479 0.17311420716196552
