1 0.5065878125 0.263756546275395 0.05559307812500004 0.09908691873589162
1 0.333887421875 0.3086664446952596 0.11842312499999999 0.13472969525959363
1 0.5523122968749999 0.22383663656884875 0.04243495312499999 0.05916700902934536
1 0.5888260937500001 0.21100523702031598 0.021052999999999975 0.012831399548532723
1 0.39803328125 0.42628760722347625 0.15625273437500004 0.17678817155756207
1 0.537180453125 0.23096519187358916 0.021053000000000033 0.04562275395033861
1 0.361519484375 0.20815381489841983 0.09539640625000002 0.0819783860045147
1 0.531917203125 0.3243492663656885 0.08092246874999999 0.1161954514672686
1 0.5052719999999999 0.20387668171557566 0.038487515624999996 0.02993993227990971
1 0.6569193906249999 0.25235085778781036 0.011842312499999962 0.017108532731376986
1 0.15888435937500003 0.32720068848758466 0.13914717187500003 0.15183822799097063
1 0.27270214062500003 0.29155791196388264 0.08750153125000001 0.11191831828442438
1 0.054935171874999994 0.37424915349887133 0.10921243750000001 0.18249101580135443
1 0.5855365625 0.263756546275395 0.06217214062499998 0.08625551918735892
1 0.430599640625 0.2437965914221219 0.06743539062500001 0.08768123024830698
1 0.47763993750000006 0.23524232505643342 0.036513796875000004 0.06629556433408576
1 0.27829434375 0.22098521444695257 0.09276478124999997 0.048474176072234754
1 0.368098546875 0.2666079683972912 0.06414585937499998 0.08768123024830698
