1 0.296386765625 0.3001121783295711 0.032895312499999996 0.027088510158013532
1 0.311518609375 0.27801365688487584 0.005592203125000002 0.012118544018058695
2 0.43553393749999997 0.32221069977426636 0.015131843749999992 0.05275130925507901
1 0.262833546875 0.30296360045146725 0.037171703125000025 0.04490989841986455
1 0.960214171875 0.29155791196388264 0.03289531250000006 0.04918703160270878
1 0.92304246875 0.3001121783295711 0.027303109375000054 0.023524232505643363
1 0.881265421875 0.3749620090293454 0.12566009375 0.10977975169300226
1 0.293755140625 0.27801365688487584 0.010197546875000008 0.014969966139954839
1 0.24268516796875 0.5816901128668172 0.4853703359375 0.4433961399548533
1 0.93620059375 0.30153788939051923 0.01907928124999998 0.03421706546275397
1 0.233227765625 0.30296360045146725 0.06644853125000001 0.052038453724604986
