1 0.5016535156249999 0.22597520316027087 0.038487515624999996 0.06558270880361174
1 0.756921140625 0.2559151354401806 0.04605343750000005 0.0819783860045147
1 0.9273188593749999 0.27373652370203155 0.135199734375 0.1311654176072235
1 0.118752078125 0.27801365688487584 0.07565921875000002 0.08340409706546272
1 0.26908365625 0.20672810383747175 0.04605343750000002 0.03421706546275394
1 0.37270389062500003 0.2901322009029345 0.008223828125000015 0.027088510158013532
1 0.35494042187499997 0.2152823702031603 0.032237406249999975 0.04776132054176072
1 0.544417421875 0.29583504514672687 0.11315987499999997 0.10977975169300226
1 0.17993735937500002 0.3051021670428894 0.133226015625 0.14542252821670432
1 0.8529754531249999 0.27088510158013546 0.02894787499999995 0.0727112641083521
1 0.98422775 0.24237088036117382 0.020724046874999996 0.023524232505643332
1 0.339808578125 0.20672810383747178 0.011513359374999983 0.039919909706546255
