1 0.684551453125 0.34716064334085783 0.007236968750000017 0.012831399548532756
1 0.7401445312499999 0.38565484198645594 0.018750328125 0.022098521444695277
1 0.7322496562499999 0.42628760722347625 0.07533026562499998 0.050612742663656896
2 0.829290828125 0.3870805530474041 0.005263250000000023 0.01853424379232504
1 0.86843625 0.5189588261851015 0.21480639062499993 0.22668805869074485
1 0.7072492187499999 0.3692591647855531 0.00953964062499999 0.012831399548532756
1 0.811527359375 0.39420910835214446 0.020066140625000038 0.02780136568848756
1 0.899678046875 0.580264401805869 0.20064390625 0.2851422121896162
1 0.750342078125 0.39420910835214446 0.014144984375000055 0.017108532731376986
1 0.7625133437499999 0.3927833972911964 0.007894874999999975 0.017108532731376986
1 0.7529737031249998 0.4868803273137698 0.06579062499999999 0.14114539503386006
1 0.791132265625 0.3956348194130926 0.011513359374999983 0.02494994356659145
1 0.6651432187499999 0.38351627539503386 0.018750328125 0.036355632054176086
1 0.687183078125 0.352150632054176 0.007894874999999975 0.012831399548532756
1 0.6986964375 0.40989193002257335 0.07664607812500002 0.07128555304740405
2 0.6217214062499999 0.37710057562076743 0.004605343749999946 0.025662799097065446
1 0.9220556093750001 0.39991195259593676 0.024013578125000025 0.030652787810383737
2 0.629945234375 0.37852628668171556 0.004605343749999946 0.025662799097065446
1 0.754289515625 0.37923914221218963 0.00953964062499999 0.009979977426636581
1 0.69409109375 0.3721105869074492 0.00953964062499999 0.012831399548532756
1 0.821395953125 0.4854546162528217 0.20592465625000003 0.18748100451467273
1 0.73619709375 0.4476732731376975 0.08914629687500006 0.09124550790067722
1 0.690472609375 0.3564277652370204 0.007236968750000017 0.012831399548532756
1 0.689156796875 0.36640774266365683 0.007236968750000017 0.012831399548532756
1 0.682577734375 0.3621306094808126 0.007236968750000017 0.012831399548532756
1 0.6779723906249998 0.36783345372460496 0.00953964062499999 0.020672810383747155
1 0.76646078125 0.39420910835214446 0.007236968750000017 0.02494994356659145
1 0.779947859375 0.3956348194130926 0.011513359374999983 0.02494994356659145
1 0.75856590625 0.39420910835214446 0.007236968750000017 0.017108532731376986
1 0.688498890625 0.3721105869074492 0.007236968750000017 0.012831399548532756
2 0.6253398906250001 0.3813777088036117 0.005263250000000023 0.02423708803611739
1 0.7148151406249998 0.3721105869074492 0.010197546874999948 0.009979977426636581
1 0.6779723906249998 0.35072492099322805 0.005921156249999981 0.012831399548532756
1 0.7986981875 0.39420910835214446 0.01546079687499997 0.030652787810383737
2 0.818435375 0.37852628668171556 0.0013158125000000353 0.002851422121896175
