1 0.232569859375 0.2851422121896163 0.016776609375000008 0.01069283295711064
1 0.17368725 0.29939932279909703 0.006908015625000008 0.012118544018058695
1 0.480107304671642 0.33005206071408427 0.053290429274646556 0.1005126297968397
1 0.10526500000000001 0.33860637697516927 0.07039596875000001 0.040632765237020314
1 0.6761543984375 0.7168862951467269 0.647691203125 0.5662274097065463
1 0.6368532499999999 0.34003208803611734 0.08223828125000002 0.13615540632054177
1 0.062172140625 0.31294357787810384 0.064145859375 0.08197838600451467
1 0.0347045546875 0.3656948871331829 0.069409109375 0.15682821670428898
2 0.09737012499999999 0.3001121783295711 0.012500218749999995 0.04847417607223478
1 0.9119315507812499 0.5032760045146726 0.17613689843750013 0.3129435778781038
1 0.19235533984375 0.6387185553047404 0.3847106796875 0.41844619638826186
1 0.37763818749999994 0.3671205981941309 0.14309460937499996 0.11191831828442438
1 0.10460709375 0.29939932279909703 0.03125054687499999 0.040632765237020314
1 0.22566184375 0.4155947742663657 0.352966703125 0.26589511286681716
