1 0.448363109375 0.35286348758465014 0.07006701562500002 0.10621547404063209
1 0.25493867187499997 0.3528634875846501 0.07204073437500001 0.10764118510158015
1 0.72435478125 0.36426917607223475 0.11447568749999999 0.10621547404063202
2 0.50198246875 0.3528634875846501 0.026645203124999975 0.13615540632054177
1 0.356914140625 0.3214978442437923 0.074014453125 0.04562275395033861
1 0.158884359375 0.3471606433408577 0.08881734375000001 0.14898680586907445
1 0.80461934375 0.3443092212189616 0.11644940624999998 0.11904687358916481
1 0.333229515625 0.632302855530474 0.30000525 0.6109171896162527
1 0.058882609375 0.35001206546275393 0.0947385 0.14756109480812638
1 0.929950484375 0.3471606433408577 0.12171265625000001 0.13330398419864556
