1 0.5075746718749999 0.42129761851015796 0.27566271875 0.24593515801354401
1 0.43356021875 0.31722071106094807 0.15263425000000003 0.13615540632054177
1 0.2486885625 0.3428835101580135 0.11875207812499997 0.11120546275395038
1 0.41821145065687 0.23347561263280953 0.03454020275769162 0.02876225903968786
1 0.13314377734375 0.4127433521444695 0.2662875546875 0.2067281038374718
1 0.42040209375 0.38351627539503375 0.16677923437499995 0.18249101580135438
1 0.3059296658803051 0.2951221896162528 0.11699741310554816 0.12688828442437922
1 0.9389882177485079 0.33789393818388164 0.12202356450298393 0.14613593939942682
1 0.13421287499999998 0.40205051918735896 0.266123078125 0.20245097065462753
1 0.86251509375 0.32720068848758466 0.02532939062499994 0.04205847629796837
