1 0.6404717343749999 0.24237088036117385 0.07138282812499999 0.04918703160270881
1 0.34803240625 0.2259752031602709 0.032237406249999975 0.039919909706546255
1 0.07138282812499999 0.29298362302483066 0.113159875 0.1204725846501129
1 0.9740302031249999 0.27231081264108353 0.05131668749999996 0.056315586907449214
1 0.99499221484375 0.5546016027088037 0.01001557031249997 0.17108532731376974
1 0.04407971875 0.29583504514672687 0.08783048437499999 0.13401683972911965
1 0.29309723437499996 0.22169806997742664 0.084540953125 0.06843413092550792
1 0.47138982812499997 0.23809374717832954 0.09605431249999997 0.0862555191873589
1 0.47138982812499997 0.2972607562076749 0.12006789062499999 0.09053265237020312
1 0.5079036249999999 0.21243094808126411 0.012500218749999981 0.016395677200902927
2 0.968438 0.28371650112866814 0.010855453125000025 0.023524232505643363
1 0.17829259375 0.21385665914221216 0.032895312499999996 0.03421706546275394
1 0.09144896875 0.19175813769751687 0.0171055625 0.010692832957110609
1 0.9315865 0.41488191873589164 0.136827 0.25021229119638827
1 0.8723836875000001 0.3421706546275396 0.16612132812500005 0.17963959367945825
1 0.025329390625000003 0.21243094808126411 0.04868506250000001 0.05203845372460495
1 0.049014217924091406 0.19674809433345902 0.03865203906167971 0.03778139657741776
1 0.0159542265625 0.33931923250564333 0.031908453125 0.11762116252821672
1 0.9569246406249999 0.2188466478555305 0.03914542187500002 0.02993993227990971
