1 0.9927805312499999 0.6258871557562077 0.013158124999999998 0.04419704288939055
1 0.8861997187499999 0.6166200338600453 0.09177792187500002 0.06629556433408583
1 0.40023192721283657 0.7280012557940336 0.7677070582364839 0.5439974884119326
1 0.207569421875 0.5367802144469526 0.07105387500000002 0.057028442437923245
1 0.21743801562499995 0.5439087697516929 0.03914542187499999 0.056315586907449186
1 0.684551453125 0.33718066591422124 0.014144984375000055 0.022811376975169273
1 0.62961628125 0.5852543905191874 0.11217301562500002 0.08126553047404063
1 0.7111966562500001 0.33076496613995476 0.03914542187500002 0.04205847629796837
1 0.8312645468749998 0.8159732138826186 0.3368479999999999 0.368053572234763
1 0.530601390625 0.3264878329571106 0.04934296875000002 0.022811376975169273
1 0.66777484375 0.33931923250564333 0.01842137500000002 0.022811376975169273
