1 0.8990288906250001 0.3086664446952596 0.03125054687500004 0.017108532731376986
1 0.791790171875 0.32292355530474043 0.04473762500000002 0.05916700902934536
1 0.7118545624999999 0.3671205981941309 0.15427901562499996 0.13401683972911965
1 0.5955704132342786 0.31650808720272955 0.08783039884932566 0.07698853629454971
1 0.9016605156249999 0.29797361173814896 0.03125054687500004 0.01853424379232504
1 0.838501515625 0.29369647855530473 0.011184406250000004 0.017108532731376955
1 0.922713515625 0.3414577990970655 0.10658081250000002 0.11548259593679454
1 0.6429400267183946 0.35999222822719484 0.08618591118276733 0.08055258227466433
1 0.740473484375 0.29797361173814896 0.03782960937499998 0.02423708803611739
2 0.4105335 0.27088510158013546 0.007565921874999996 0.04490989841986458
1 0.823698625 0.30082503386004517 0.033224265625000034 0.037781343115124176
1 0.7177757187499999 0.28656792325056435 0.025987296875000017 0.036355632054176086
1 0.7332365156249999 0.28656792325056435 0.021381953124999954 0.022811376975169273
1 0.267438890625 0.25520227990970656 0.011184406250000004 0.036355632054176086
1 0.6394848750000002 0.31294357787810384 0.008552781250000053 0.017108532731376986
1 0.863501953125 0.29939932279909703 0.04736924999999997 0.052038453724604986
1 0.503627234375 0.32720068848758466 0.10033070312500006 0.0891069413092551
1 0.95683365234375 0.36141775395033854 0.08633269531250001 0.10835404063205413
1 0.47171878124999994 0.31294357787810384 0.046053437499999995 0.050612742663656896
