1 0.85988346875 0.30581502257336346 0.0165373613774135 0.01853424379232504
1 0.6967227187499999 0.2901322009029345 0.007236968750000017 0.00855426636568846
1 0.6891567968749999 0.28870648984198644 0.006250109374999961 0.010692832957110609
1 0.783196326382545 0.31650785553047406 0.04033774885739471 0.02494994356659145
1 0.73093384375 0.32271989808108636 0.04177704687499997 0.04490989841986455
1 0.6773256317350235 0.3300521106094808 0.025987296875000017 0.03421706546275397
1 0.622050359375 0.2944093340857788 0.011842312499999962 0.017821388261851045
1 0.44803415625 0.32394633177089505 0.05065878125 0.03492992099322797
1 0.6368532499999999 0.2944093340857788 0.022697765624999987 0.017821388261851045
1 0.74540778125 0.2944093340857788 0.011842312499999962 0.017821388261851045
1 0.5750100625 0.32221069977426636 0.09046210937499997 0.04918703160270878
1 0.6769124857863321 0.28870648984198644 0.008223828124999954 0.015207620556351399
1 0.7486973124999999 0.3300521106094808 0.0433620086928336 0.03421706546275397
1 0.20987209375 0.2890665228640791 0.021381953125000012 0.02103284340583984
1 0.05321845059374305 0.9093350112773877 0.1064369011874861 0.18132997744522464
2 0.7564278285376541 0.30724069442745333 0.010197546874999948 0.017821388261851045
1 0.113159875 0.2944093340857788 0.015789749999999995 0.017821388261851045
1 0.17219129484640022 0.2944093340857788 0.025888089894066515 0.022811376975169273
1 0.19539815624999998 0.2901322009029345 0.020724046874999996 0.020672810383747155
1 0.7126664523392295 0.3161741664883512 0.016405684356918117 0.019034777355509135
